;; SWMM5 .inp converted from XPSWMM .xp file
;; Generated by XPSWMM Card Reader
;; Source format: XP_CARD | Original title: Oak Park - North Eastern Micro System Evaluation

[TITLE]
;;Project Title/Notes
Oak Park - North Eastern Micro System Evaluation

[OPTIONS]
FLOW_UNITS           CFS
INFILTRATION         HORTON
FLOW_ROUTING         DYNWAVE
LINK_OFFSETS         DEPTH
MIN_SLOPE            0.0
ALLOW_PONDING        NO
SKIP_STEADY_STATE    NO
ROUTING_STEP         00:00:20
VARIABLE_STEP        0.75
INERTIAL_DAMPING     PARTIAL
NORMAL_FLOW_LIMITED  BOTH
MAX_TRIALS           50

[JUNCTIONS]
;;Name           Elev       MaxDepth   InitDepth  SurDepth   Aponded
;;-------------- ---------- ---------- ---------- ---------- ----------
29295            41.15      0          0          0          0
89293            40.65      0          0          0          0
29293            40.65      0          0          0          0
29693            41.20      0          0          0          0
28893            40.95      0          0          0          0
28895            41.45      0          0          0          0
28894            40.95      0          0          0          0
27296            58.50      0          0          0          0
27293            49.00      0          0          0          0
88893            40.95      0          0          0          0
28790            40.50      0          0          0          0
28493            40.95      0          0          0          0
28495            41.65      0          0          0          0
28494            41.00      0          0          0          0
28490            40.75      0          0          0          0
28590            40.50      0          0          0          0
28095            43.50      0          0          0          0
28093            41.50      0          0          0          0
28090            41.05      0          0          0          0
27693            44.20      0          0          0          0
27695            50.00      0          0          0          0
27690            41.80      0          0          0          0
27493            44.20      0          0          0          0
29690            40.85      0          0          0          0
29290            40.55      0          0          0          0
29289            40.60      0          0          0          0
28890            40.45      0          0          0          0
28487            40.80      0          0          0          0
28390            41.00      0          0          0          0
28191            41.00      0          0          0          0
14890            53.40      0          0          0          0
28389            40.85      0          0          0          0
28190            40.95      0          0          0          0
27890            41.50      0          0          0          0
27190            45.40      0          0          0          0
87690            41.80      0          0          0          0
27287            41.00      0          0          0          0
29688            41.00      0          0          0          0
29687            41.20      0          0          0          0
29685            41.30      0          0          0          0
29287            41.15      0          0          0          0
28887            41.15      0          0          0          0
28087            40.65      0          0          0          0
28084            41.15      0          0          0          0
27687            40.45      0          0          0          0
27684            40.95      0          0          0          0
77287            41.00      0          0          0          0
26987            44.00      0          0          0          0
87287            41.00      0          0          0          0
27284            40.85      0          0          0          0
27089            44.80      0          0          0          0
26089            50.80      0          0          0          0
26087            50.80      0          0          0          0
27084            41.75      0          0          0          0
29584            41.15      0          0          0          0
29284            41.05      0          0          0          0
28884            40.75      0          0          0          0
28881            40.02      0          0          0          0
28181            41.05      0          0          0          0
27582            41.85      0          0          0          0
27282            40.45      0          0          0          0
26784            43.00      0          0          0          0
26681            43.50      0          0          0          0
29684            40.50      0          0          0          0
29681            40.50      0          0          0          0
29678            40.50      0          0          0          0
29281            40.00      0          0          0          0
98881            40.02      0          0          0          0
88881            40.02      0          0          0          0
28878            39.85      0          0          0          0
28481            40.50      0          0          0          0
28478            39.95      0          0          0          0
28081            41.10      0          0          0          0
28178            39.90      0          0          0          0
96881            40.85      0          0          0          0
26881            40.85      0          0          0          0
27178            40.25      0          0          0          0
14881            48.20      0          0          0          0
26678            42.00      0          0          0          0
26672            40.00      0          0          0          0
29278            39.90      0          0          0          0
29178            39.85      0          0          0          0
98878            39.85      0          0          0          0
28572            39.65      0          0          0          0
28172            39.50      0          0          0          0
27578            39.95      0          0          0          0
97178            40.25      0          0          0          0
27172            39.85      0          0          0          0
29566            39.45      0          0          0          0
29670            39.50      0          0          0          0
29672            39.55      0          0          0          0
29172            39.55      0          0          0          0
98572            39.65      0          0          0          0
28566            39.70      0          0          0          0
28066            39.19      0          0          0          0
27572            39.60      0          0          0          0
97172            39.85      0          0          0          0
27165            35.45      0          0          0          0
29665            39.50      0          0          0          0
29166            39.40      0          0          0          0
29164            39.00      0          0          0          0
98566            39.70      0          0          0          0
28563            39.80      0          0          0          0
28063            39.34      0          0          0          0
27566            39.00      0          0          0          0
27563            38.89      0          0          0          0
26863            39.34      0          0          0          0
26866            40.00      0          0          0          0
26666            40.00      0          0          0          0
26166            40.80      0          0          0          0
29163            39.00      0          0          0          0
29160            38.88      0          0          0          0
98563            39.80      0          0          0          0
96060            40.10      0          0          0          0
26060            40.10      0          0          0          0
28460            38.92      0          0          0          0
88563            39.80      0          0          0          0
98060            38.78      0          0          0          0
28060            38.78      0          0          0          0
97560            38.56      0          0          0          0
27560            38.56      0          0          0          0
26860            39.59      0          0          0          0
26266            41.00      0          0          0          0
26665            39.78      0          0          0          0
26664            39.60      0          0          0          0
26663            39.48      0          0          0          0
26660            39.50      0          0          0          0
26563            39.98      0          0          0          0
96560            39.50      0          0          0          0
26560            39.50      0          0          0          0
26063            40.41      0          0          0          0
28058            38.40      0          0          0          0
25360            41.00      0          0          0          0

[CONDUITS]
;;Name           From             To               Length     Roughness  InOffset   OutOffset  InitFlow   MaxFlow
;;-------------- ---------------- ---------------- ---------- ---------- ---------- ---------- ---------- ----------
39935            29295            89293            554.00     0.0150     35.10      31.00      0          0
89934            89293            29293            15.00      0.0150     31.00      29.61      0          0
39829            29693            29293            405.00     0.0150     30.46      30.01      0          0
39828            29293            28893            369.00     0.0150     29.61      29.11      0          0
39927            28895            28894            590.00     0.0150     35.92      31.75      0          0
39949            28894            28893            15.00      0.0150     31.75      28.91      0          0
14487            27296            27293            658.00     0.0150     39.42      38.77      0          0
89939            88893            28893            15.00      0.0150     34.59      28.91      0          0
39939            88893            28790            565.00     0.0150     34.59      30.44      0          0
39827            28893            28493            355.00     0.0150     28.91      28.35      0          0
39826            28495            28494            178.00     0.0150     32.87      31.98      0          0
39836            28494            28493            73.00      0.0150     31.98      29.68      0          0
39825            28493            28490            571.00     0.0150     27.91      27.36      0          0
39840            28490            28590            61.00      0.0150     27.36      27.31      0          0
11704            28095            28093            225.00     0.0150     33.87      32.75      0          0
11703            28093            28090            570.00     0.0150     32.25      32.19      0          0
14474            28093            27693            367.00     0.0150     32.25      30.69      0          0
14472            27695            27693            227.00     0.0150     35.00      31.00      0          0
14471            27693            27690            565.00     0.0150     28.54      27.35      0          0
14473            27293            27493            305.00     0.0150     38.77      34.03      0          0
14475            27493            27693            35.00      0.0150     34.03      30.35      0          0
39839            29690            29290            300.00     0.0150     32.00      31.21      0          0
39838            29290            28590            650.00     0.0150     31.21      28.89      0          0
39850            29289            28890            300.00     0.0150     33.03      30.78      0          0
39851            28890            28790            45.00      0.0150     30.78      30.44      0          0
39852            28790            28590            275.00     0.0150     30.44      28.39      0          0
39824            28590            28487            710.00     0.0150     26.51      26.01      0          0
14479            28390            28191            265.00     0.0150     28.62      28.22      0          0
14478            28191            27690            496.00     0.0150     28.22      27.31      0          0
39900            27690            14890            1380.00    0.0150     26.85      24.51      0          0
11706            28389            28190            265.00     0.0150     32.50      32.11      0          0
11102            28090            28190            75.00      0.0150     32.19      32.11      0          0
14476            27890            28090            351.00     0.0150     32.57      32.19      0          0
14482            27190            87690            350.00     0.0150     33.00      32.70      0          0
84482            87690            27690            15.00      0.0150     32.70      26.85      0          0
14477            87690            27890            125.00     0.0150     32.70      32.57      0          0
14470            27690            27287            760.00     0.0150     26.85      25.07      0          0
12113            29688            29687            620.00     0.0150     32.25      31.59      0          0
12114            29685            29687            725.00     0.0150     32.25      31.59      0          0
12112            29687            29287            300.00     0.0150     31.59      30.40      0          0
12111            29287            28887            335.00     0.0150     30.00      27.86      0          0
12115            28487            28887            320.00     0.0150     26.01      25.75      0          0
11701            28190            28087            715.00     0.0150     32.11      31.28      0          0
11700            28087            28084            700.00     0.0150     31.28      30.70      0          0
11810            28087            27687            335.00     0.0150     31.28      30.26      0          0
14445            27687            27684            680.00     0.0150     30.26      32.50      0          0
11800a           27687            77287            331.00     0.0150     30.26      29.11      0          0
11800            77287            27287            15.00      0.0150     29.11      24.57      0          0
14461            26987            87287            393.00     0.0150     35.15      32.60      0          0
84461            87287            27287            15.00      0.0150     32.60      24.57      0          0
14460            27287            27284            690.00     0.0150     24.57      23.74      0          0
14483            27089            27190            375.00     0.0150     33.21      33.00      0          0
14485            26089            27089            875.00     0.0150     48.62      33.21      0          0
14484            26987            27089            365.00     0.0150     35.15      33.21      0          0
11462            26087            26987            780.00     0.0150     47.91      35.15      0          0
14456            26987            27084            700.00     0.0150     35.15      33.70      0          0
12104            29584            29284            325.00     0.0150     35.07      34.74      0          0
12103            29284            28884            325.00     0.0150     34.74      24.72      0          0
12110            28887            28884            695.00     0.0150     25.75      24.72      0          0
12100            28884            28881            665.00     0.0150     24.72      23.66      0          0
12101            28084            28884            650.00     0.0150     30.70      24.72      0          0
14451            28084            27284            655.00     0.0150     30.70      23.74      0          0
11690            28084            28181            710.00     0.0150     30.70      29.69      0          0
14443            27684            27582            825.00     0.0150     32.50      31.39      0          0
14450            27284            27282            690.00     0.0150     23.74      22.48      0          0
14416            26784            26681            695.00     0.0150     36.49      34.36      0          0
14442            27582            27282            215.00     0.0150     31.39      22.48      0          0
39833            29684            29681            630.00     0.0150     32.13      31.60      0          0
39843            29678            29681            655.00     0.0150     32.16      31.60      0          0
39832            29681            29281            325.00     0.0150     31.60      30.27      0          0
39831            29281            98881            315.00     0.0150     29.67      28.34      0          0
99831            98881            28881            15.00      0.0150     28.34      23.66      0          0
89830            28881            88881            15.00      0.0150     23.66      30.77      0          0
12090            28881            28878            650.00     0.0150     23.66      21.98      0          0
39830            88881            28481            315.00     0.0150     30.77      30.00      0          0
38921            28478            28481            625.00     0.0150     33.00      30.00      0          0
39820            28481            28081            360.00     0.0150     30.00      29.13      0          0
11680            28181            28178            600.00     0.0150     29.69      29.11      0          0
39810            28081            96881            850.00     0.0150     29.13      27.31      0          0
14440            27282            26881            230.00     0.0150     22.48      21.78      0          0
99810            96881            26881            15.00      0.0150     27.31      21.06      0          0
14430            26881            27178            585.00     0.0150     21.06      20.24      0          0
39800            96881            14881            1720.00    0.0150     27.31      21.96      0          0
14415            26681            26678            595.00     0.0150     34.36      32.78      0          0
14414            26678            26672            660.00     0.0150     32.78      31.15      0          0
12082            29278            29178            110.00     0.0150     33.33      32.89      0          0
12081            29178            98878            227.00     0.0150     32.89      31.98      0          0
92081            98878            28878            15.00      0.0150     31.98      21.98      0          0
12070            28878            28572            886.00     0.0150     21.98      18.24      0          0
11670            28178            28172            655.00     0.0150     29.11      28.74      0          0
14421            27578            97178            445.00     0.0150     32.45      30.24      0          0
94421            97178            27178            15.00      0.0150     30.24      20.24      0          0
14420            27178            27172            675.00     0.0150     20.24      18.89      0          0
11656            29566            29670            500.00     0.0150     31.15      29.06      0          0
11657            29670            29672            175.00     0.0150     29.06      31.48      0          0
11658            29672            29172            410.00     0.0150     31.48      29.32      0          0
12061            29172            98572            425.00     0.0150     28.72      27.64      0          0
92061            98572            28572            15.00      0.0150     27.41      18.24      0          0
12060            28572            28566            670.00     0.0150     18.24      16.43      0          0
15000            28172            98572            445.00     0.0150     28.74      27.41      0          0
11660            28172            28066            665.00     0.0150     28.74      28.52      0          0
14412            27572            97172            400.00     0.0150     30.77      29.48      0          0
14411            26672            97172            445.00     0.0150     31.15      29.60      0          0
94411            97172            27172            15.00      0.0150     29.48      18.89      0          0
14410            27172            27165            675.00     0.0150     18.89      16.75      0          0
12052            29665            29166            430.00     0.0150     29.33      32.02      0          0
14017            29164            29166            110.00     0.0150     33.06      32.02      0          0
12051            29166            98566            415.00     0.0150     32.02      26.50      0          0
92051            98566            28566            15.00      0.0150     26.50      16.03      0          0
14022            28566            28563            530.00     0.0150     16.03      14.97      0          0
12056            28066            98566            425.00     0.0150     28.52      26.50      0          0
14024            28066            28063            545.00     0.0150     28.52      28.34      0          0
12057            27566            28066            425.00     0.0150     32.18      28.52      0          0
14012            27563            27566            205.00     0.0150     32.59      31.09      0          0
14000            27165            26863            515.00     0.0150     16.75      15.83      0          0
14404            26866            27165            355.00     0.0150     32.48      16.75      0          0
14403            26866            26666            85.00      0.0150     32.48      30.00      0          0
14402            26666            26166            450.00     0.0150     30.00      23.52      0          0
14018            29164            29163            325.00     0.0150     33.06      32.72      0          0
14016            29163            29160            500.00     0.0150     32.72      32.17      0          0
14015            29163            98563            440.00     0.0150     32.72      30.57      0          0
94001            96060            26060            15.00      0.0150     30.79      13.10      0          0
94015            98563            28563            15.00      0.0150     30.57      14.97      0          0
14021            28563            28460            495.00     0.0150     14.97      13.73      0          0
14014            28063            88563            440.00     0.0150     28.34      25.62      0          0
94014            88563            28563            15.00      0.0150     25.62      14.97      0          0
14023            28063            98060            490.00     0.0150     28.34      28.17      0          0
94023            14013            28060            15.00      0.0150     28.17      8.75       0          0
14011            27563            97560            475.00     0.0150     31.09      30.00      0          0
94011            97560            27560            15.00      0.0150     30.00      10.18      0          0
14010            26863            26860            515.00     0.0150     15.83      11.46      0          0
14008            26266            26665            450.00     0.0150     30.84      29.74      0          0
14005            26665            26664            145.00     0.0150     29.74      29.57      0          0
14004            26664            26663            385.00     0.0150     29.57      29.22      0          0
14003            26663            26660            500.00     0.0150     29.22      28.64      0          0
14006            26563            96560            500.00     0.0150     28.88      28.60      0          0
94006            96560            26560            15.00      0.0150     28.60      12.24      0          0
14007            26664            26563            395.00     0.0150     29.57      28.88      0          0
14001            26063            96060            520.00     0.0150     32.19      30.79      0          0
14009            26660            26560            20.00      0.0150     28.00      12.24      0          0
14019            29160            28460            490.00     0.0150     32.17      13.73      0          0
14020            28460            28060            390.00     0.0150     13.73      12.42      0          0
14025            28060            28058            480.00     0.0150     8.75       7.48       0          0
14030            27560            28060            425.00     0.0150     10.18      9.25       0          0
14031            26860            27560            375.00     0.0150     11.04      10.18      0          0
14032            26560            26860            450.00     0.0150     12.24      11.46      0          0
14033            26060            26560            460.00     0.0150     13.10      12.24      0          0
14034            25360            26060            410.00     0.0150     13.84      13.10      0          0

[XSECTIONS]
;;Link           Shape        Geom1      Geom2      Geom3      Geom4      Barrels
;;-------------- ------------ ---------- ---------- ---------- ---------- ----------
39935            CIRCULAR     1.25       0          0          0          1
89934            CIRCULAR     1.25       0          0          0          1
39829            CIRCULAR     1.75       0          0          0          1
39828            CIRCULAR     2.25       0          0          0          1
39927            CIRCULAR     1.00       0          0          0          1
39949            CIRCULAR     1.00       0          0          0          1
14487            CIRCULAR     1.00       0          0          0          1
89939            CIRCULAR     1.00       0          0          0          1
39939            CIRCULAR     1.00       0          0          0          1
39827            CIRCULAR     2.50       0          0          0          1
39826            CIRCULAR     1.25       0          0          0          1
39836            CIRCULAR     1.25       0          0          0          1
39825            CIRCULAR     3.00       0          0          0          1
39840            CIRCULAR     3.00       0          0          0          1
11704            CIRCULAR     1.25       0          0          0          1
11703            CIRCULAR     1.00       0          0          0          1
14474            CIRCULAR     1.75       0          0          0          1
14472            CIRCULAR     1.25       0          0          0          1
14471            CIRCULAR     3.00       0          0          0          1
14473            CIRCULAR     1.50       0          0          0          1
14475            CIRCULAR     1.50       0          0          0          1
39839            CIRCULAR     1.25       0          0          0          1
39838            CIRCULAR     2.25       0          0          0          1
39850            CIRCULAR     1.25       0          0          0          1
39851            CIRCULAR     1.67       0          0          0          1
39852            CIRCULAR     1.67       0          0          0          1
39824            CIRCULAR     4.00       0          0          0          1
14479            CIRCULAR     2.25       0          0          0          1
14478            CIRCULAR     3.50       0          0          0          1
39900            CIRCULAR     3.50       0          0          0          1
11706            CIRCULAR     2.00       0          0          0          1
11102            CIRCULAR     2.00       0          0          0          1
14476            CIRCULAR     2.00       0          0          0          1
14482            CIRCULAR     2.00       0          0          0          1
84482            CIRCULAR     2.00       0          0          0          1
14477            CIRCULAR     2.00       0          0          0          1
14470            CIRCULAR     3.50       0          0          0          1
12113            CIRCULAR     1.25       0          0          0          1
12114            CIRCULAR     1.25       0          0          0          1
12112            CIRCULAR     1.75       0          0          0          1
12111            CIRCULAR     2.25       0          0          0          1
12115            CIRCULAR     4.00       0          0          0          1
11701            CIRCULAR     2.50       0          0          0          1
11700            CIRCULAR     2.50       0          0          0          1
11810            CIRCULAR     2.00       0          0          0          1
14445            CIRCULAR     1.00       0          0          0          1
11800a           CIRCULAR     2.25       0          0          0          1
11800            CIRCULAR     2.25       0          0          0          1
14461            CIRCULAR     1.50       0          0          0          1
84461            CIRCULAR     1.50       0          0          0          1
14460            CIRCULAR     4.00       0          0          0          1
14483            CIRCULAR     1.25       0          0          0          1
14485            CIRCULAR     1.00       0          0          0          1
14484            CIRCULAR     1.00       0          0          0          1
11462            CIRCULAR     1.00       0          0          0          1
14456            CIRCULAR     1.00       0          0          0          1
12104            CIRCULAR     1.50       0          0          0          1
12103            CIRCULAR     1.50       0          0          0          1
12110            CIRCULAR     4.00       0          0          0          1
12100            CIRCULAR     4.00       0          0          0          1
12101            CIRCULAR     1.50       0          0          0          1
14451            CIRCULAR     1.50       0          0          0          1
11690            CIRCULAR     2.75       0          0          0          1
14443            CIRCULAR     1.00       0          0          0          1
14450            CIRCULAR     4.00       0          0          0          1
14416            CIRCULAR     1.00       0          0          0          1
14442            CIRCULAR     1.50       0          0          0          1
39833            CIRCULAR     1.00       0          0          0          1
39843            CIRCULAR     1.00       0          0          0          1
39832            CIRCULAR     1.25       0          0          0          1
39831            CIRCULAR     2.00       0          0          0          1
99831            CIRCULAR     2.00       0          0          0          1
89830            CIRCULAR     2.00       0          0          0          1
12090            CIRCULAR     4.00       0          0          0          1
39830            CIRCULAR     2.00       0          0          0          1
38921            CIRCULAR     1.00       0          0          0          1
39820            CIRCULAR     2.00       0          0          0          1
11680            CIRCULAR     2.75       0          0          0          1
39810            CIRCULAR     3.00       0          0          0          1
14440            CIRCULAR     4.00       0          0          0          1
99810            CIRCULAR     3.00       0          0          0          1
14430            CIRCULAR     4.50       0          0          0          1
39800            CIRCULAR     3.00       0          0          0          1
14415            CIRCULAR     1.00       0          0          0          1
14414            CIRCULAR     1.00       0          0          0          1
12082            CIRCULAR     1.25       0          0          0          1
12081            CIRCULAR     1.25       0          0          0          1
92081            CIRCULAR     1.25       0          0          0          1
12070            CIRCULAR     4.00       0          0          0          1
11670            CIRCULAR     3.00       0          0          0          1
14421            CIRCULAR     1.25       0          0          0          1
94421            CIRCULAR     1.25       0          0          0          1
14420            CIRCULAR     4.50       0          0          0          1
11656            CIRCULAR     1.00       0          0          0          1
11657            CIRCULAR     1.00       0          0          0          1
11658            CIRCULAR     1.50       0          0          0          1
12061            CIRCULAR     2.25       0          0          0          1
92061            CIRCULAR     1.25       0          0          0          1
12060            CIRCULAR     4.50       0          0          0          1
15000            CIRCULAR     2.00       0          0          0          1
11660            CIRCULAR     3.75       0          0          0          1
14412            CIRCULAR     1.75       0          0          0          1
14411            CIRCULAR     1.50       0          0          0          1
94411            CIRCULAR     1.50       0          0          0          1
14410            CIRCULAR     4.50       0          0          0          1
12052            CIRCULAR     1.50       0          0          0          1
14017            CIRCULAR     1.25       0          0          0          1
12051            CIRCULAR     1.50       0          0          0          1
92051            CIRCULAR     1.50       0          0          0          1
14022            CIRCULAR     5.00       0          0          0          1
12056            CIRCULAR     1.50       0          0          0          1
14024            CIRCULAR     3.75       0          0          0          1
12057            CIRCULAR     1.50       0          0          0          1
14012            CIRCULAR     1.25       0          0          0          1
14000            CIRCULAR     5.00       0          0          0          1
14404            CIRCULAR     1.75       0          0          0          1
14403            CIRCULAR     1.75       0          0          0          1
14402            CIRCULAR     2.50       0          0          0          1
14018            CIRCULAR     1.00       0          0          0          1
14016            CIRCULAR     1.00       0          0          0          1
14015            CIRCULAR     1.50       0          0          0          1
94001            CIRCULAR     1.25       0          0          0          1
94015            CIRCULAR     1.50       0          0          0          1
14021            CIRCULAR     5.00       0          0          0          1
14014            CIRCULAR     1.75       0          0          0          1
94014            CIRCULAR     1.75       0          0          0          1
14023            CIRCULAR     3.75       0          0          0          1
94023            CIRCULAR     3.75       0          0          0          1
14011            CIRCULAR     1.25       0          0          0          1
94011            CIRCULAR     1.25       0          0          0          1
14010            CIRCULAR     5.00       0          0          0          1
14008            CIRCULAR     1.50       0          0          0          1
14005            CIRCULAR     1.67       0          0          0          1
14004            CIRCULAR     1.67       0          0          0          1
14003            CIRCULAR     1.67       0          0          0          1
14006            CIRCULAR     1.67       0          0          0          1
94006            CIRCULAR     1.67       0          0          0          1
14007            CIRCULAR     1.67       0          0          0          1
14001            CIRCULAR     1.25       0          0          0          1
14009            CIRCULAR     2.00       0          0          0          1
14019            CIRCULAR     1.50       0          0          0          1
14020            CIRCULAR     5.00       0          0          0          1
14025            CIRCULAR     9.00       0          0          0          1
14030            CIRCULAR     8.50       0          0          0          1
14031            CIRCULAR     8.50       0          0          0          1
14032            CIRCULAR     8.00       0          0          0          1
14033            CIRCULAR     8.00       0          0          0          1
14034            CIRCULAR     8.00       0          0          0          1

[LOSSES]
;;Link           Inlet      Outlet     Average    Flap Gate
;;-------------- ---------- ---------- ---------- ----------
39935            0          0          0          NO
89934            0          0          0          NO
39829            0          0          0          NO
39828            0          0          0          NO
39927            0          0          0          NO
39949            0          0          0          NO
14487            0          0          0          NO
89939            0          0          0          NO
39939            0          0          0          NO
39827            0          0          0          NO
39826            0          0          0          NO
39836            0          0          0          NO
39825            0          0          0          NO
39840            0          0          0          NO
11704            0          0          0          NO
11703            0          0          0          NO
14474            0          0          0          NO
14472            0          0          0          NO
14471            0          0          0          NO
14473            0          0          0          NO
14475            0          0          0          NO
39839            0          0          0          NO
39838            0          0          0          NO
39850            0          0          0          NO
39851            0          0          0          NO
39852            0          0          0          NO
39824            0          0          0          NO
14479            0          0          0          NO
14478            0          0          0          NO
39900            0          0          0          NO
11706            0          0          0          NO
11102            0          0          0          NO
14476            0          0          0          NO
14482            0          0          0          NO
84482            0          0          0          NO
14477            0          0          0          NO
14470            0          0          0          NO
12113            0          0          0          NO
12114            0          0          0          NO
12112            0          0          0          NO
12111            0          0          0          NO
12115            0          0          0          NO
11701            0          0          0          NO
11700            0          0          0          NO
11810            0          0          0          NO
14445            0          0          0          NO
11800a           0          0          0          NO
11800            0          0          0          NO
14461            0          0          0          NO
84461            0          0          0          NO
14460            0          0          0          NO
14483            0          0          0          NO
14485            0          0          0          NO
14484            0          0          0          NO
11462            0          0          0          NO
14456            0          0          0          NO
12104            0          0          0          NO
12103            0          0          0          NO
12110            0          0          0          NO
12100            0          0          0          NO
12101            0          0          0          NO
14451            0          0          0          NO
11690            0          0          0          NO
14443            0          0          0          NO
14450            0          0          0          NO
14416            0          0          0          NO
14442            0          0          0          NO
39833            0          0          0          NO
39843            0          0          0          NO
39832            0          0          0          NO
39831            0          0          0          NO
99831            0          0          0          NO
89830            0          0          0          NO
12090            0          0          0          NO
39830            0          0          0          NO
38921            0          0          0          NO
39820            0          0          0          NO
11680            0          0          0          NO
39810            0          0          0          NO
14440            0          0          0          NO
99810            0          0          0          NO
14430            0          0          0          NO
39800            0          0          0          NO
14415            0          0          0          NO
14414            0          0          0          NO
12082            0          0          0          NO
12081            0          0          0          NO
92081            0          0          0          NO
12070            0          0          0          NO
11670            0          0          0          NO
14421            0          0          0          NO
94421            0          0          0          NO
14420            0          0          0          NO
11656            0          0          0          NO
11657            0          0          0          NO
11658            0          0          0          NO
12061            0          0          0          NO
92061            0          0          0          NO
12060            0          0          0          NO
15000            0          0          0          NO
11660            0          0          0          NO
14412            0          0          0          NO
14411            0          0          0          NO
94411            0          0          0          NO
14410            0          0          0          NO
12052            0          0          0          NO
14017            0          0          0          NO
12051            0          0          0          NO
92051            0          0          0          NO
14022            0          0          0          NO
12056            0          0          0          NO
14024            0          0          0          NO
12057            0          0          0          NO
14012            0          0          0          NO
14000            0          0          0          NO
14404            0          0          0          NO
14403            0          0          0          NO
14402            0          0          0          NO
14018            0          0          0          NO
14016            0          0          0          NO
14015            0          0          0          NO
94001            0          0          0          NO
94015            0          0          0          NO
14021            0          0          0          NO
14014            0          0          0          NO
94014            0          0          0          NO
14023            0          0          0          NO
94023            0          0          0          NO
14011            0          0          0          NO
94011            0          0          0          NO
14010            0          0          0          NO
14008            0          0          0          NO
14005            0          0          0          NO
14004            0          0          0          NO
14003            0          0          0          NO
14006            0          0          0          NO
94006            0          0          0          NO
14007            0          0          0          NO
14001            0          0          0          NO
14009            0          0          0          NO
14019            0          0          0          NO
14020            0          0          0          NO
14025            0          0          0          NO
14030            0          0          0          NO
14031            0          0          0          NO
14032            0          0          0          NO
14033            0          0          0          NO
14034            0          0          0          NO

[INFLOWS]
;;Node           Constituent  Time Series      Type     Mfactor  Sfactor  Baseline Pattern
;;-------------- ------------ ---------------- -------- -------- -------- -------- --------
29293            FLOW         ""               FLOW     1.0      1.0      0.02
28893            FLOW         ""               FLOW     1.0      1.0      0.02
28895            FLOW         ""               FLOW     1.0      1.0      0.01
27296            FLOW         ""               FLOW     1.0      1.0      0.00
27293            FLOW         ""               FLOW     1.0      1.0      0.01
28493            FLOW         ""               FLOW     1.0      1.0      0.02
28590            FLOW         ""               FLOW     1.0      1.0      0.01
28093            FLOW         ""               FLOW     1.0      1.0      0.01
28090            FLOW         ""               FLOW     1.0      1.0      0.01
27693            FLOW         ""               FLOW     1.0      1.0      0.02
27690            FLOW         ""               FLOW     1.0      1.0      0.01
29290            FLOW         ""               FLOW     1.0      1.0      0.02
29289            FLOW         ""               FLOW     1.0      1.0      0.02
28890            FLOW         ""               FLOW     1.0      1.0      0.03
28487            FLOW         ""               FLOW     1.0      1.0      0.02
14890            FLOW         ""               FLOW     1.0      1.0      0.29
27890            FLOW         ""               FLOW     1.0      1.0      0.02
27190            FLOW         ""               FLOW     1.0      1.0      0.02
27287            FLOW         ""               FLOW     1.0      1.0      0.02
29287            FLOW         ""               FLOW     1.0      1.0      0.00
28887            FLOW         ""               FLOW     1.0      1.0      0.01
28087            FLOW         ""               FLOW     1.0      1.0      0.02
28084            FLOW         ""               FLOW     1.0      1.0      0.03
27687            FLOW         ""               FLOW     1.0      1.0      0.00
27684            FLOW         ""               FLOW     1.0      1.0      0.02
26987            FLOW         ""               FLOW     1.0      1.0      0.02
27284            FLOW         ""               FLOW     1.0      1.0      0.02
27089            FLOW         ""               FLOW     1.0      1.0      0.02
27084            FLOW         ""               FLOW     1.0      1.0      0.02
29284            FLOW         ""               FLOW     1.0      1.0      0.02
28884            FLOW         ""               FLOW     1.0      1.0      0.02
28881            FLOW         ""               FLOW     1.0      1.0      0.02
28181            FLOW         ""               FLOW     1.0      1.0      0.02
27582            FLOW         ""               FLOW     1.0      1.0      0.03
27282            FLOW         ""               FLOW     1.0      1.0      0.02
26681            FLOW         ""               FLOW     1.0      1.0      0.03
29681            FLOW         ""               FLOW     1.0      1.0      0.01
29281            FLOW         ""               FLOW     1.0      1.0      0.03
28878            FLOW         ""               FLOW     1.0      1.0      0.02
28481            FLOW         ""               FLOW     1.0      1.0      0.03
28081            FLOW         ""               FLOW     1.0      1.0      0.00
28178            FLOW         ""               FLOW     1.0      1.0      0.02
26881            FLOW         ""               FLOW     1.0      1.0      0.02
27178            FLOW         ""               FLOW     1.0      1.0      0.02
14881            FLOW         ""               FLOW     1.0      1.0      0.08
26678            FLOW         ""               FLOW     1.0      1.0      0.02
26672            FLOW         ""               FLOW     1.0      1.0      0.02
29178            FLOW         ""               FLOW     1.0      1.0      0.00
28572            FLOW         ""               FLOW     1.0      1.0      0.03
28172            FLOW         ""               FLOW     1.0      1.0      0.02
27172            FLOW         ""               FLOW     1.0      1.0      0.03
29670            FLOW         ""               FLOW     1.0      1.0      0.00
29672            FLOW         ""               FLOW     1.0      1.0      0.01
29172            FLOW         ""               FLOW     1.0      1.0      0.02
28566            FLOW         ""               FLOW     1.0      1.0      0.02
28066            FLOW         ""               FLOW     1.0      1.0      0.03
27572            FLOW         ""               FLOW     1.0      1.0      0.02
27165            FLOW         ""               FLOW     1.0      1.0      0.02
29665            FLOW         ""               FLOW     1.0      1.0      0.01
29166            FLOW         ""               FLOW     1.0      1.0      0.02
28563            FLOW         ""               FLOW     1.0      1.0      0.02
28063            FLOW         ""               FLOW     1.0      1.0      0.02
27566            FLOW         ""               FLOW     1.0      1.0      0.02
27563            FLOW         ""               FLOW     1.0      1.0      0.01
26863            FLOW         ""               FLOW     1.0      1.0      0.02
26666            FLOW         ""               FLOW     1.0      1.0      0.02
29163            FLOW         ""               FLOW     1.0      1.0      0.02
29160            FLOW         ""               FLOW     1.0      1.0      0.02
26060            FLOW         ""               FLOW     1.0      1.0      0.02
28460            FLOW         ""               FLOW     1.0      1.0      0.02
28060            FLOW         ""               FLOW     1.0      1.0      0.02
27560            FLOW         ""               FLOW     1.0      1.0      0.02
26860            FLOW         ""               FLOW     1.0      1.0      0.02
26563            FLOW         ""               FLOW     1.0      1.0      0.02
26560            FLOW         ""               FLOW     1.0      1.0      0.02
26063            FLOW         ""               FLOW     1.0      1.0      0.02

[COORDINATES]
;;Node           X-Coord            Y-Coord
;;-------------- ------------------ ------------------
29295            428.75             948.75            
89293            423.75             938.75            
29293            423.75             928.75            
29693            448.75             928.75            
28893            378.75             929.98            
28895            378.75             948.75            
28894            378.75             933.75            
27296            198.95             949.49            
27293            198.75             928.75            
88893            378.75             923.75            
28790            379.64             892.62            
28493            328.75             928.75            
28495            328.75             948.75            
28494            328.75             933.75            
28490            328.95             903.75            
28590            332.96             898.38            
28095            288.75             948.75            
28093            288.75             928.75            
28090            288.75             892.99            
27693            248.75             928.75            
27695            248.75             948.75            
27690            248.75             898.75            
27493            238.75             928.75            
29690            448.75             898.75            
29290            418.75             898.75            
29289            420.63             892.62            
28890            397.86             892.62            
28487            333.16             879.49            
28390            318.75             898.75            
28191            293.75             898.75            
14890            98.75              898.75            
28389            317.70             893.10            
28190            299.20             892.99            
27890            261.87             892.47            
27190            205.04             895.79            
87690            254.20             886.71            
27287            238.75             868.75            
29688            453.75             883.75            
29687            448.75             868.75            
29685            448.75             848.75            
29287            418.75             868.75            
28887            378.75             868.75            
28087            298.75             868.75            
28084            298.75             838.75            
27687            273.63             869.12            
27684            273.75             838.75            
77287            246.97             864.66            
26987            178.75             868.75            
87287            228.75             875.42            
27284            238.75             838.75            
27089            187.21             883.55            
26089            98.75              883.92            
26087            98.75              868.75            
27084            178.88             837.71            
29584            438.75             838.75            
29284            423.75             838.75            
28884            373.75             838.75            
28881            383.75             808.75            
28181            298.75             798.75            
27582            268.75             808.75            
27282            228.75             808.75            
26784            158.75             838.75            
26681            148.75             808.75            
29684            448.75             828.75            
29681            448.75             808.75            
29678            448.75             778.75            
29281            418.75             808.75            
98881            398.75             798.75            
88881            373.75             808.75            
28878            373.75             778.75            
28481            338.75             808.75            
28478            338.75             778.75            
28081            298.75             808.75            
28178            298.75             778.75            
96881            203.41             808.75            
26881            198.70             801.91            
27178            198.75             778.75            
14881            98.75              808.75            
26678            148.75             778.75            
26672            148.75             718.75            
29278            418.75             778.75            
29178            398.75             778.75            
98878            378.75             778.75            
28572            348.75             708.75            
28172            298.75             718.75            
27578            248.75             778.75            
97178            208.75             778.75            
27172            198.75             718.75            
29566            448.43             667.04            
29670            448.75             698.75            
29672            448.75             718.75            
29172            398.75             718.75            
98572            358.75             718.75            
28566            348.75             658.75            
28066            298.75             658.75            
27572            248.75             718.75            
97172            188.75             708.75            
27165            198.75             658.75            
29665            448.75             658.75            
29166            398.75             658.75            
29164            398.75             643.75            
98566            358.75             653.75            
28563            347.25             618.79            
28063            298.75             628.75            
27566            248.75             658.75            
27563            248.75             628.75            
26863            197.25             618.79            
26866            163.75             658.75            
26666            148.75             658.75            
26166            98.75              658.75            
29163            397.25             618.79            
29160            397.25             588.79            
98563            353.75             633.75            
96060            100.79             595.50            
26060            97.84              587.45            
28460            347.25             588.79            
88563            343.75             623.75            
98060            307.25             598.79            
28060            297.25             588.79            
97560            257.25             598.79            
27560            247.25             588.79            
26860            197.25             588.79            
26266            104.20             654.50            
26665            130.14             654.88            
26664            130.58             646.49            
26663            131.04             622.35            
26660            131.04             597.07            
26563            139.67             626.11            
96560            139.67             596.32            
26560            136.10             587.32            
26063            98.75              628.75            
28058            297.25             568.79            
25360            47.84              587.45            

[MAP]
DIMENSIONS 47.84 568.79 453.75 949.49
Units      None

[REPORT]
INPUT            YES
SUBCATCHMENTS    ALL
NODES            ALL
LINKS            ALL



