;; SWMM5 .inp converted from XPSWMM .xp file
;; Generated by XPSWMM Card Reader
;; Source format: XP_CARD | Original title: (none)

[TITLE]
;;Project Title/Notes
Converted from XPSWMM .xp file

[OPTIONS]
FLOW_UNITS           CFS
INFILTRATION         HORTON
FLOW_ROUTING         DYNWAVE
LINK_OFFSETS         DEPTH
MIN_SLOPE            0.0
ALLOW_PONDING        NO
SKIP_STEADY_STATE    NO
INERTIAL_DAMPING     PARTIAL
NORMAL_FLOW_LIMITED  BOTH

[JUNCTIONS]
;;Name           Elev       MaxDepth   InitDepth  SurDepth   Aponded
;;-------------- ---------- ---------- ---------- ---------- ----------
28300            0          0          0          0          0
27300            0          0          0          0          0
27250            0          0          0          0          0
27032            0          0          0          0          0
26940            0          0          0          0          0
26190            0          0          0          0          0
25280            0          0          0          0          0
25194            0          0          0          0          0
25170            0          0          0          0          0
24570            0          0          0          0          0
23570            0          0          0          0          0
22570            0          0          0          0          0
21570            0          0          0          0          0
20550            0          0          0          0          0
20504            0          0          0          0          0
19625            0          0          0          0          0
18625            0          0          0          0          0
18025            0          0          0          0          0
17900            0          0          0          0          0
17320            0          0          0          0          0
17300            0          0          0          0          0
17260            0          0          0          0          0
17190            0          0          0          0          0
16670            0          0          0          0          0
16628            0          0          0          0          0
16450            0          0          0          0          0
15450            0          0          0          0          0
15200            0          0          0          0          0
15110            0          0          0          0          0
14910            0          0          0          0          0
13910            0          0          0          0          0
12910            0          0          0          0          0
11910            0          0          0          0          0
11110            0          0          0          0          0
10310            0          0          0          0          0
9310             0          0          0          0          0
8260             0          0          0          0          0
7260             0          0          0          0          0
6160             0          0          0          0          0
5410             0          0          0          0          0
5270             0          0          0          0          0
5200             0          0          0          0          0
5000             0          0          0          0          0
4500             0          0          0          0          0
3500             0          0          0          0          0
2500             0          0          0          0          0
1500             0          0          0          0          0
500              0          0          0          0          0
0                0          0          0          0          0
109              0          0          0          0          0
110              0          0          0          0          0
112              0          0          0          0          0
114              0          0          0          0          0
116              0          0          0          0          0
118              0          0          0          0          0
18470            0          0          0          0          0
17230            0          0          0          0          0
16105            0          0          0          0          0
16000            0          0          0          0          0
15990            0          0          0          0          0
15890            0          0          0          0          0
14890            0          0          0          0          0
13690            0          0          0          0          0
12690            0          0          0          0          0
11400            0          0          0          0          0
10100            0          0          0          0          0
9000             0          0          0          0          0
8000             0          0          0          0          0
6900             0          0          0          0          0
5700             0          0          0          0          0
4600             0          0          0          0          0
3600             0          0          0          0          0
2500             0          0          0          0          0
1300             0          0          0          0          0
162              0          0          0          0          0
163              0          0          0          0          0
165              0          0          0          0          0
167              0          0          0          0          0
169              0          0          0          0          0
171              0          0          0          0          0
173              0          0          0          0          0
175              0          0          0          0          0
177              0          0          0          0          0
179              0          0          0          0          0
181              0          0          0          0          0
183              0          0          0          0          0
185              0          0          0          0          0
187              0          0          0          0          0
189              0          0          0          0          0
191              0          0          0          0          0
193              0          0          0          0          0
195              0          0          0          0          0
197              0          0          0          0          0
199              0          0          0          0          0
201              0          0          0          0          0
203              0          0          0          0          0
205              0          0          0          0          0
207              0          0          0          0          0
18330            0          0          0          0          0
4300             0          0          0          0          0
4100             0          0          0          0          0
3700             0          0          0          0          0
3200             0          0          0          0          0
2600             0          0          0          0          0
2400             0          0          0          0          0
2100             0          0          0          0          0
1800             0          0          0          0          0
15296            0          0          0          0          0

[CONDUITS]
;;Name           From             To               Length     Roughness  InOffset   OutOffset  InitFlow   MaxFlow
;;-------------- ---------------- ---------------- ---------- ---------- ---------- ---------- ---------- ----------
13               28300            27300            0          0          0          0          0          0
15               27300            27250            0          0          0          0          0          0
17               27250            27032            0          0          0          0          0          0
19               27032            26940            0          0          0          0          0          0
21               26940            26190            0          0          0          0          0          0
23               26190            25280            0          0          0          0          0          0
25               25280            25194            0          0          0          0          0          0
27               25194            25170            0          0          0          0          0          0
29               25170            24570            0          0          0          0          0          0
31               24570            23570            0          0          0          0          0          0
33               23570            22570            0          0          0          0          0          0
35               22570            21570            0          0          0          0          0          0
37               21570            20550            0          0          0          0          0          0
39               20550            20504            0          0          0          0          0          0
41               20504            19625            0          0          0          0          0          0
43               19625            18625            0          0          0          0          0          0
45               18625            18025            0          0          0          0          0          0
47               18025            17900            0          0          0          0          0          0
49               17900            17320            0          0          0          0          0          0
52               17320            17300            0          0          0          0          0          0
54               17300            17260            0          0          0          0          0          0
56               17260            17190            0          0          0          0          0          0
58               17190            16670            0          0          0          0          0          0
60               16670            16628            0          0          0          0          0          0
62               16628            16450            0          0          0          0          0          0
64               16450            15450            0          0          0          0          0          0
68               15200            15110            0          0          0          0          0          0
70               15110            14910            0          0          0          0          0          0
72               14910            13910            0          0          0          0          0          0
74               13910            12910            0          0          0          0          0          0
76               12910            11910            0          0          0          0          0          0
78               11910            11110            0          0          0          0          0          0
80               11110            10310            0          0          0          0          0          0
82               10310            9310             0          0          0          0          0          0
84               9310             8260             0          0          0          0          0          0
86               8260             7260             0          0          0          0          0          0
88               7260             6160             0          0          0          0          0          0
90               6160             5410             0          0          0          0          0          0
92               5410             5270             0          0          0          0          0          0
94               5270             5200             0          0          0          0          0          0
96               5200             5000             0          0          0          0          0          0
98               5000             4500             0          0          0          0          0          0
106              1500             500              1000.00    0          0          0          0          0
108              500              0                500.00     0          0          0          0          0
111              109              110              0          0          0          0          0          0
113              110              112              0          0          0          0          0          0
115              112              114              0          0          0          0          0          0
117              114              116              0          0          0          0          0          0
119              116              118              0          0          0          0          0          0
121              118              18470            0          0          0          0          0          0
125              17230            16105            0          0          0          0          0          0
129              16105            16000            0          0          0          0          0          0
132              16000            15990            0          0          0          0          0          0
134              15990            15890            0          0          0          0          0          0
136              15890            14890            0          0          0          0          0          0
138              14890            13690            0          0          0          0          0          0
140              13690            12690            0          0          0          0          0          0
142              12690            11400            0          0          0          0          0          0
144              11400            10100            0          0          0          0          0          0
146              10100            9000             0          0          0          0          0          0
148              9000             8000             0          0          0          0          0          0
150              8000             6900             0          0          0          0          0          0
152              6900             5700             0          0          0          0          0          0
154              5700             4600             0          0          0          0          0          0
156              4600             3600             0          0          0          0          0          0
158              3600             2500             0          0          0          0          0          0
160              2500             1300             0          0          0          0          0          0
161              1300             4500             0          0          0          0          0          0
164              162              163              0          0          0          0          0          0
166              163              165              0          0          0          0          0          0
168              165              167              0          0          0          0          0          0
170              167              169              0          0          0          0          0          0
172              169              171              0          0          0          0          0          0
174              171              173              0          0          0          0          0          0
176              173              175              0          0          0          0          0          0
178              175              177              0          0          0          0          0          0
180              177              179              0          0          0          0          0          0
182              179              181              0          0          0          0          0          0
184              181              183              0          0          0          0          0          0
186              183              185              0          0          0          0          0          0
188              185              187              0          0          0          0          0          0
190              187              189              0          0          0          0          0          0
192              189              191              0          0          0          0          0          0
194              191              193              0          0          0          0          0          0
196              193              195              0          0          0          0          0          0
198              195              197              0          0          0          0          0          0
200              197              199              0          0          0          0          0          0
202              199              201              0          0          0          0          0          0
204              201              203              0          0          0          0          0          0
206              203              205              0          0          0          0          0          0
208              205              207              0          0          0          0          0          0
209              207              17900            0          0          0          0          0          0
211              18470            18330            0          0          0          0          0          0
212              18330            17230            0          0          0          0          0          0
214              4500             4300             0          0          0          0          0          0
216              4300             4100             0          0          0          0          0          0
218              4100             3700             0          0          0          0          0          0
219              3700             3500             0          0          0          0          0          0
221              3500             3200             0          0          0          0          0          0
223              3200             2600             100.00     0          0          0          0          0
224              2600             2500             1000.00    0          0          0          0          0
226              2500             2400             300.00     0          0          0          0          0
228              2400             2100             300.00     0          0          0          0          0
230              2100             1800             300.00     0          0          0          0          0
231              1800             1500             300.00     0          0          0          0          0
233              15450            15296            0          0          0          0          0          0
234              15296            15200            0          0          0          0          0          0

[XSECTIONS]
;;Link           Shape        Geom1      Geom2      Geom3      Geom4      Barrels
;;-------------- ------------ ---------- ---------- ---------- ---------- ----------
13               CIRCULAR     0          0          0          0          1
15               CIRCULAR     0          0          0          0          1
17               CIRCULAR     0          0          0          0          1
19               CIRCULAR     0          0          0          0          1
21               CIRCULAR     0          0          0          0          1
23               CIRCULAR     0          0          0          0          1
25               CIRCULAR     0          0          0          0          1
27               CIRCULAR     0          0          0          0          1
29               CIRCULAR     0          0          0          0          1
31               CIRCULAR     0          0          0          0          1
33               CIRCULAR     0          0          0          0          1
35               CIRCULAR     0          0          0          0          1
37               CIRCULAR     0          0          0          0          1
39               CIRCULAR     0          0          0          0          1
41               CIRCULAR     0          0          0          0          1
43               CIRCULAR     0          0          0          0          1
45               CIRCULAR     0          0          0          0          1
47               CIRCULAR     0          0          0          0          1
49               CIRCULAR     0          0          0          0          1
52               CIRCULAR     0          0          0          0          1
54               CIRCULAR     0          0          0          0          1
56               CIRCULAR     0          0          0          0          1
58               CIRCULAR     0          0          0          0          1
60               CIRCULAR     0          0          0          0          1
62               CIRCULAR     0          0          0          0          1
64               CIRCULAR     0          0          0          0          1
68               CIRCULAR     0          0          0          0          1
70               CIRCULAR     0          0          0          0          1
72               CIRCULAR     0          0          0          0          1
74               CIRCULAR     0          0          0          0          1
76               CIRCULAR     0          0          0          0          1
78               CIRCULAR     0          0          0          0          1
80               CIRCULAR     0          0          0          0          1
82               CIRCULAR     0          0          0          0          1
84               CIRCULAR     0          0          0          0          1
86               CIRCULAR     0          0          0          0          1
88               CIRCULAR     0          0          0          0          1
90               CIRCULAR     0          0          0          0          1
92               CIRCULAR     0          0          0          0          1
94               CIRCULAR     0          0          0          0          1
96               CIRCULAR     0          0          0          0          1
98               CIRCULAR     0          0          0          0          1
106              IRREGULAR    0          0          0          0          1
108              IRREGULAR    0          0          0          0          1
111              CIRCULAR     0          0          0          0          1
113              CIRCULAR     0          0          0          0          1
115              CIRCULAR     0          0          0          0          1
117              CIRCULAR     0          0          0          0          1
119              CIRCULAR     0          0          0          0          1
121              CIRCULAR     0          0          0          0          1
125              CIRCULAR     0          0          0          0          1
129              CIRCULAR     0          0          0          0          1
132              CIRCULAR     0          0          0          0          1
134              CIRCULAR     0          0          0          0          1
136              CIRCULAR     0          0          0          0          1
138              CIRCULAR     0          0          0          0          1
140              CIRCULAR     0          0          0          0          1
142              CIRCULAR     0          0          0          0          1
144              CIRCULAR     0          0          0          0          1
146              CIRCULAR     0          0          0          0          1
148              CIRCULAR     0          0          0          0          1
150              CIRCULAR     0          0          0          0          1
152              CIRCULAR     0          0          0          0          1
154              CIRCULAR     0          0          0          0          1
156              CIRCULAR     0          0          0          0          1
158              CIRCULAR     0          0          0          0          1
160              CIRCULAR     0          0          0          0          1
161              CIRCULAR     0          0          0          0          1
164              CIRCULAR     0          0          0          0          1
166              CIRCULAR     0          0          0          0          1
168              CIRCULAR     0          0          0          0          1
170              CIRCULAR     0          0          0          0          1
172              CIRCULAR     0          0          0          0          1
174              CIRCULAR     0          0          0          0          1
176              CIRCULAR     0          0          0          0          1
178              CIRCULAR     0          0          0          0          1
180              CIRCULAR     0          0          0          0          1
182              CIRCULAR     0          0          0          0          1
184              CIRCULAR     0          0          0          0          1
186              CIRCULAR     0          0          0          0          1
188              CIRCULAR     0          0          0          0          1
190              CIRCULAR     0          0          0          0          1
192              CIRCULAR     0          0          0          0          1
194              CIRCULAR     0          0          0          0          1
196              CIRCULAR     0          0          0          0          1
198              CIRCULAR     0          0          0          0          1
200              CIRCULAR     0          0          0          0          1
202              CIRCULAR     0          0          0          0          1
204              CIRCULAR     0          0          0          0          1
206              CIRCULAR     0          0          0          0          1
208              CIRCULAR     0          0          0          0          1
209              CIRCULAR     0          0          0          0          1
211              CIRCULAR     0          0          0          0          1
212              CIRCULAR     0          0          0          0          1
214              CIRCULAR     0          0          0          0          1
216              CIRCULAR     0          0          0          0          1
218              CIRCULAR     0          0          0          0          1
219              CIRCULAR     0          0          0          0          1
221              CIRCULAR     0          0          0          0          1
223              IRREGULAR    0          0          0          0          1
224              IRREGULAR    0          0          0          0          1
226              IRREGULAR    0          0          0          0          1
228              IRREGULAR    0          0          0          0          1
230              IRREGULAR    0          0          0          0          1
231              IRREGULAR    0          0          0          0          1
233              CIRCULAR     0          0          0          0          1
234              CIRCULAR     0          0          0          0          1

[LOSSES]
;;Link           Inlet      Outlet     Average    Flap Gate
;;-------------- ---------- ---------- ---------- ----------
13               0          0          0          NO
15               0          0          0          NO
17               0          0          0          NO
19               0          0          0          NO
21               0          0          0          NO
23               0          0          0          NO
25               0          0          0          NO
27               0          0          0          NO
29               0          0          0          NO
31               0          0          0          NO
33               0          0          0          NO
35               0          0          0          NO
37               0          0          0          NO
39               0          0          0          NO
41               0          0          0          NO
43               0          0          0          NO
45               0          0          0          NO
47               0          0          0          NO
49               0          0          0          NO
52               0          0          0          NO
54               0          0          0          NO
56               0          0          0          NO
58               0          0          0          NO
60               0          0          0          NO
62               0          0          0          NO
64               0          0          0          NO
68               0          0          0          NO
70               0          0          0          NO
72               0          0          0          NO
74               0          0          0          NO
76               0          0          0          NO
78               0          0          0          NO
80               0          0          0          NO
82               0          0          0          NO
84               0          0          0          NO
86               0          0          0          NO
88               0          0          0          NO
90               0          0          0          NO
92               0          0          0          NO
94               0          0          0          NO
96               0          0          0          NO
98               0          0          0          NO
106              0          0          0          NO
108              0          0          0          NO
111              0          0          0          NO
113              0          0          0          NO
115              0          0          0          NO
117              0          0          0          NO
119              0          0          0          NO
121              0          0          0          NO
125              0          0          0          NO
129              0          0          0          NO
132              0          0          0          NO
134              0          0          0          NO
136              0          0          0          NO
138              0          0          0          NO
140              0          0          0          NO
142              0          0          0          NO
144              0          0          0          NO
146              0          0          0          NO
148              0          0          0          NO
150              0          0          0          NO
152              0          0          0          NO
154              0          0          0          NO
156              0          0          0          NO
158              0          0          0          NO
160              0          0          0          NO
161              0          0          0          NO
164              0          0          0          NO
166              0          0          0          NO
168              0          0          0          NO
170              0          0          0          NO
172              0          0          0          NO
174              0          0          0          NO
176              0          0          0          NO
178              0          0          0          NO
180              0          0          0          NO
182              0          0          0          NO
184              0          0          0          NO
186              0          0          0          NO
188              0          0          0          NO
190              0          0          0          NO
192              0          0          0          NO
194              0          0          0          NO
196              0          0          0          NO
198              0          0          0          NO
200              0          0          0          NO
202              0          0          0          NO
204              0          0          0          NO
206              0          0          0          NO
208              0          0          0          NO
209              0          0          0          NO
211              0          0          0          NO
212              0          0          0          NO
214              0          0          0          NO
216              0          0          0          NO
218              0          0          0          NO
219              0          0          0          NO
221              0          0          0          NO
223              0          0          0          NO
224              0          0          0          NO
226              0          0          0          NO
228              0          0          0          NO
230              0          0          0          NO
231              0          0          0          NO
233              0          0          0          NO
234              0          0          0          NO

[COORDINATES]
;;Node           X-Coord            Y-Coord
;;-------------- ------------------ ------------------
28300            -22.47             262.46            
27300            -20.24             255.94            
27250            -18.92             251.87            
27032            -17.59             248.51            
26940            -16.27             244.74            
26190            -16.07             233.54            
25280            -15.76             223.29            
25194            -15.66             219.18            
25170            -15.66             217.76            
24570            -15.56             211.21            
23570            -14.24             197.70            
22570            -4.53              190.62            
21570            6.00               186.60            
20550            16.67              182.83            
20504            17.93              181.31            
19625            24.30              174.10            
18625            25.82              163.49            
18025            30.88              157.53            
17900            32.73              155.24            
17320            33.18              150.45            
17300            33.03              149.33            
17260            33.29              147.96            
17190            33.64              146.33            
16670            32.93              141.00            
16628            32.98              139.27            
16450            32.93              136.71            
15450            32.30              124.37            
15200            32.37              121.07            
15110            32.12              119.55            
14910            31.71              116.80            
13910            25.41              105.50            
12910            17.42              94.19             
11910            22.10              82.63             
11110            26.22              72.51             
10310            20.61              66.19             
9310             13.34              55.65             
8260             7.36               43.79             
7260             18.55              37.99             
6160             28.31              27.45             
5410             35.12              18.59             
5270             34.91              16.71             
5200             34.91              15.38             
5000             34.00              12.69             
4500             29.27              7.24              
3500             28.97              -6.81             
2500             20.94              -8.24             
1500             14.79              -12.47            
500              21.60              -23.97            
0                27.44              -28.30            
109              153.86             157.07            
110              154.06             153.17            
112              154.37             149.16            
114              155.40             135.81            
116              156.63             120.71            
118              156.63             119.28            
18470            157.08             115.58            
17230            159.86             98.13             
16105            169.47             87.82             
16000            170.41             86.91             
15990            171.35             86.08             
15890            172.60             85.11             
14890            177.28             73.08             
13690            173.45             56.29             
12690            163.89             47.79             
11400            147.79             39.33             
10100            132.39             34.20             
9000             116.99             32.99             
8000             103.91             30.38             
6900             92.01              30.09             
5700             78.69              28.67             
4600             67.58              21.97             
3600             61.85              18.64             
2500             52.40              12.25             
1300             42.25              8.87              
162              100.87             294.08            
163              101.00             291.72            
165              101.49             290.08            
167              105.67             274.83            
169              102.94             262.62            
171              92.71              253.41            
173              85.68              241.69            
175              79.80              237.75            
177              76.36              234.82            
179              74.30              232.40            
181              70.31              219.57            
183              63.04              208.06            
185              52.15              200.56            
187              50.33              200.20            
189              41.50              195.47            
191              40.28              193.17            
193              37.51              190.46            
195              35.56              187.37            
197              34.38              181.34            
199              33.75              178.65            
201              34.11              177.19            
203              33.87              173.13            
205              32.63              169.06            
207              32.90              157.03            
18330            157.27             112.22            
4300             29.27              4.86              
4100             29.87              1.88              
3700             29.46              -3.94             
3200             26.94              -10.76            
2600             21.76              -10.08            
2400             20.52              -6.65             
2100             17.22              -6.10             
1800             14.38              -8.16             
15296            32.35              123.12            

[MAP]
DIMENSIONS -22.47 -28.30 177.28 294.08
Units      None

[REPORT]
INPUT            YES
SUBCATCHMENTS    ALL
NODES            ALL
LINKS            ALL



