;; SWMM5 .inp converted from XPSWMM .xp file
;; Generated by XPSWMM Card Reader
;; Source format: XP_CARD | Original title: Allen Watershed - 10yr/24hr Storm Event

[TITLE]
;;Project Title/Notes
Allen Watershed - 10yr/24hr Storm Event

[OPTIONS]
FLOW_UNITS           CFS
INFILTRATION         HORTON
FLOW_ROUTING         DYNWAVE
LINK_OFFSETS         DEPTH
MIN_SLOPE            0.0
ALLOW_PONDING        NO
SKIP_STEADY_STATE    NO
ROUTING_STEP         00:00:15
VARIABLE_STEP        0.75
INERTIAL_DAMPING     PARTIAL
NORMAL_FLOW_LIMITED  BOTH
MAX_TRIALS           50

[JUNCTIONS]
;;Name           Elev       MaxDepth   InitDepth  SurDepth   Aponded
;;-------------- ---------- ---------- ---------- ---------- ----------
09204000D1       772.40     0          0          0          0
09204000D2       777.49     0          0          0          0
09204000D3       769.86     0          0          0          0
09204001R0       774.29     0          0          0          0
09204001D1       774.32     0          0          0          0
09204002R0       777.09     0          0          0          0
09204003R0       779.94     0          0          0          0
09204004R0       779.38     0          0          0          0
09204005R0       779.39     0          0          0          0
09204006R0       781.74     0          0          0          0
09292001R0       786.66     0          0          0          0
09292001D1       790.77     0          0          0          0
09292001D2       790.72     0          0          0          0
09292001D3       791.09     0          0          0          0
09292002R0       795.47     0          0          0          0
09292002D1       793.29     0          0          0          0
09292003R0       793.67     0          0          0          0
09292004R0       796.84     0          0          0          0
09292004D1       797.97     0          0          0          0
09292004D2       796.81     0          0          0          0
09292005R0       798.04     0          0          0          0
09292005D1       802.34     0          0          0          0
09292005D2       802.41     0          0          0          0
09292006R0       809.22     0          0          0          0
09292006D1       808.88     0          0          0          0
09292006D2       808.10     0          0          0          0
09294001R0       808.03     0          0          0          0
09294001D1       805.87     0          0          0          0
09294002R0       805.70     0          0          0          0
09294003R0       807.62     0          0          0          0
09294004R0       809.04     0          0          0          0
09294005R0       811.11     0          0          0          0
09294006R0       814.87     0          0          0          0
09294007R0       816.55     0          0          0          0
09294008R0       817.10     0          0          0          0
09321000D1       821.81     0          0          0          0
09321001R0       822.51     0          0          0          0
09321002R0       827.69     0          0          0          0
09321003R0       828.33     0          0          0          0
09321004R0       828.85     0          0          0          0
09321005R0       830.48     0          0          0          0
09321006R0       833.38     0          0          0          0
09321007R0       834.86     0          0          0          0
09321008R0       841.53     0          0          0          0
09324000D1       848.26     0          0          0          0
09324000D2       852.74     0          0          0          0
09324000D3       852.00     0          0          0          0
09324000D4       852.68     0          0          0          0
09324000D5       854.28     0          0          0          0
09324000D6       854.78     0          0          0          0
09324000D7       855.00     0          0          0          0
09324000D8       855.68     0          0          0          0
09324000D9       858.71     0          0          0          0
09324000DA       858.15     0          0          0          0
09324000DB       876.31     0          0          0          0
09324001R0       876.63     0          0          0          0
09324001D1       874.36     0          0          0          0
09324002R0       873.43     0          0          0          0
09324003R0       882.13     0          0          0          0
09323001R0       883.78     0          0          0          0
09323002R0       892.98     0          0          0          0
09323003R0       895.80     0          0          0          0
09323004R0       900.08     0          0          0          0
09323005R0       903.21     0          0          0          0
09323006R0       901.43     0          0          0          0
09323007R0       903.67     0          0          0          0
09323008R0       908.41     0          0          0          0
09314001R0       911.82     0          0          0          0
09314002R0       912.99     0          0          0          0
09324004R0       872.99     0          0          0          0
09323009R0       881.67     0          0          0          0
09323010R0       888.75     0          0          0          0
09323011R0       893.84     0          0          0          0
09323012R0       895.29     0          0          0          0
09323013R0       901.00     0          0          0          0
09323014R0       898.39     0          0          0          0
09323015R0       900.73     0          0          0          0
09322001R0       892.61     0          0          0          0
09322002R0       893.80     0          0          0          0
09322003R0       895.27     0          0          0          0
09322004R0       897.24     0          0          0          0
09292007R0       796.03     0          0          0          0
09292008R0       805.64     0          0          0          0
09292009R0       812.94     0          0          0          0
09292010R0       827.62     0          0          0          0
09203001R0       835.34     0          0          0          0
09203002R0       842.68     0          0          0          0
09203003R0       851.05     0          0          0          0
09203004R0       854.39     0          0          0          0
09203005R0       855.67     0          0          0          0
09203006R0       860.46     0          0          0          0
09203007R0       865.46     0          0          0          0
09203008R0       871.27     0          0          0          0
09203009R0       875.30     0          0          0          0
09203010R0       883.87     0          0          0          0
09203011R0       886.83     0          0          0          0
09203012R0       894.02     0          0          0          0
09203013R0       900.81     0          0          0          0
09301002R0       836.96     0          0          0          0
09301003R0       840.13     0          0          0          0
09301004R0       846.22     0          0          0          0
09301005R0       847.22     0          0          0          0
09301006R0       856.00     0          0          0          0
09301007R0       860.37     0          0          0          0
09194001R0       860.89     0          0          0          0
09194002R0       861.21     0          0          0          0
09194003R0       862.87     0          0          0          0
09194004R0       863.52     0          0          0          0
09194005R0       862.50     0          0          0          0
09194006R0       871.86     0          0          0          0
09194007R0       872.46     0          0          0          0
09194008R0       873.71     0          0          0          0
09194009R0       876.06     0          0          0          0
09194010R0       874.23     0          0          0          0
09194011R0       872.96     0          0          0          0
09194012R0       873.31     0          0          0          0
09194013R0       875.60     0          0          0          0
09194014R0       874.50     0          0          0          0
09194015R0       877.86     0          0          0          0
09194016R0       880.40     0          0          0          0
09194017R0       885.67     0          0          0          0
09292011R0       809.73     0          0          0          0
09292012R0       828.47     0          0          0          0
09301008R0       829.07     0          0          0          0
09301009R0       850.31     0          0          0          0
09301010R0       839.15     0          0          0          0
09301010D1       842.61     0          0          0          0
09301011R0       867.75     0          0          0          0
09301012R0       869.74     0          0          0          0
09301013R0       872.50     0          0          0          0
09301014R0       891.50     0          0          0          0
09302001R0       892.58     0          0          0          0
09302002R0       889.67     0          0          0          0
09302003R0       898.77     0          0          0          0
09302004R0       896.89     0          0          0          0
09302005R0       896.55     0          0          0          0
09302006R0       901.12     0          0          0          0
09302007R0       906.23     0          0          0          0
09302008R0       918.05     0          0          0          0
09302009R0       928.06     0          0          0          0
09302010R0       927.94     0          0          0          0
09302011R0       911.26     0          0          0          0
09302012R0       909.89     0          0          0          0
09302013R0       908.12     0          0          0          0
09302014R0       912.87     0          0          0          0
09193001R0       923.27     0          0          0          0
09193002R0       923.06     0          0          0          0
09193003R0       924.18     0          0          0          0
09193004R0       923.04     0          0          0          0
09193005R0       923.95     0          0          0          0
09302015R0       909.55     0          0          0          0
09302016R0       903.06     0          0          0          0
09302017R0       904.19     0          0          0          0
09251001R0       918.54     0          0          0          0
09251002R0       925.92     0          0          0          0
09292013R0       804.71     0          0          0          0
09292014R0       806.37     0          0          0          0
09292015R0       809.34     0          0          0          0
09292016R0       818.76     0          0          0          0
09292017R0       823.49     0          0          0          0
09301015R0       830.09     0          0          0          0
09304001R0       830.32     0          0          0          0
09304002R0       834.60     0          0          0          0
09304002D1       837.02     0          0          0          0
09304003R0       849.65     0          0          0          0
09304004R0       877.94     0          0          0          0
09304005R0       884.30     0          0          0          0
09304006R0       882.58     0          0          0          0
09304007R0       881.61     0          0          0          0
09304008R0       871.76     0          0          0          0
09304009R0       872.14     0          0          0          0
09304010R0       876.26     0          0          0          0
09303001R0       887.90     0          0          0          0
09303002R0       893.87     0          0          0          0
09303003R0       892.53     0          0          0          0
09303004R0       889.61     0          0          0          0
09303005R0       892.61     0          0          0          0
09303006R0       894.60     0          0          0          0
09303007R0       897.03     0          0          0          0
09303008R0       898.27     0          0          0          0
09303009R0       900.23     0          0          0          0
09303010R0       903.61     0          0          0          0
09303011R0       904.05     0          0          0          0
09303012R0       917.92     0          0          0          0
09303013R0       917.37     0          0          0          0
09303014R0       923.56     0          0          0          0
09303015R0       922.34     0          0          0          0
09303016R0       923.91     0          0          0          0
09303017R0       922.60     0          0          0          0
09294009R0       808.48     0          0          0          0
09294010R0       807.60     0          0          0          0
09294011R0       808.46     0          0          0          0
09294012R0       810.13     0          0          0          0
09293001R0       820.62     0          0          0          0
09293002R0       817.50     0          0          0          0
09293003R0       821.89     0          0          0          0
09293004R0       824.56     0          0          0          0
09293005R0       830.22     0          0          0          0
09293006R0       831.69     0          0          0          0
09293007R0       849.50     0          0          0          0
09293008R0       845.73     0          0          0          0
09293009R0       845.93     0          0          0          0
09293010R0       858.85     0          0          0          0
09293011R0       858.43     0          0          0          0
09293012R0       866.76     0          0          0          0
09293013R0       866.92     0          0          0          0
09293014R0       875.09     0          0          0          0
09293015R0       869.85     0          0          0          0
09293016R0       870.83     0          0          0          0
09293017R0       871.77     0          0          0          0
09293018R0       873.50     0          0          0          0
09293019R0       888.32     0          0          0          0
09304011R0       888.99     0          0          0          0
09304012R0       887.74     0          0          0          0
09304013R0       888.56     0          0          0          0
09311001R0       895.88     0          0          0          0
09311002R0       891.00     0          0          0          0
09311003R0       902.53     0          0          0          0
09311004R0       905.19     0          0          0          0
09321010R0       878.35     0          0          0          0
09321009R0       885.77     0          0          0          0
09321028R0       847.58     0          0          0          0
09321027R0       844.32     0          0          0          0
09321026R0       842.61     0          0          0          0
09321025R0       840.17     0          0          0          0
09321024R0       837.08     0          0          0          0
09321023R0       835.52     0          0          0          0
09321022R0       834.52     0          0          0          0
09321021R0       831.99     0          0          0          0
09321020R0       828.39     0          0          0          0
09321019R0       827.69     0          0          0          0
09321018R0       829.25     0          0          0          0
09321017R0       828.67     0          0          0          0
09321016R0       825.54     0          0          0          0
09321015R0       826.33     0          0          0          0
09321014R0       824.68     0          0          0          0
09321013R0       823.41     0          0          0          0
09321012R0       823.70     0          0          0          0
09321011R0       821.68     0          0          0          0
09321032R0       828.90     0          0          0          0
09321031R0       824.19     0          0          0          0
09321030R0       823.42     0          0          0          0
09321029R0       822.38     0          0          0          0
09321035R0       818.32     0          0          0          0
09321034R0       818.27     0          0          0          0
09321037R0       822.85     0          0          0          0
09321036R0       822.30     0          0          0          0
09294014R0       813.41     0          0          0          0
09294013R0       817.86     0          0          0          0
09312019R0       936.19     0          0          0          0
09312018R0       934.39     0          0          0          0
09312017R0       932.55     0          0          0          0
09312016R0       929.77     0          0          0          0
09312015R0       930.85     0          0          0          0
09312014R0       929.31     0          0          0          0
09312013R0       928.96     0          0          0          0
09312012R0       924.66     0          0          0          0
09312011R0       923.96     0          0          0          0
09312010R0       923.47     0          0          0          0
09312009R0       923.29     0          0          0          0
09312008R0       923.62     0          0          0          0
09312007R0       922.80     0          0          0          0
09312006R0       922.28     0          0          0          0
09312005R0       917.81     0          0          0          0
09312004R0       916.88     0          0          0          0
09312003R0       916.38     0          0          0          0
09312002R0       916.71     0          0          0          0
09312001R0       917.55     0          0          0          0
09303020R0       911.60     0          0          0          0
09303019R0       913.80     0          0          0          0
09303018R0       916.01     0          0          0          0
09312020R0       942.02     0          0          0          0
09312025R0       919.53     0          0          0          0
09312024R0       919.52     0          0          0          0
09312023R0       918.90     0          0          0          0
09312022R0       913.20     0          0          0          0
09312021R0       916.42     0          0          0          0

[CONDUITS]
;;Name           From             To               Length     Roughness  InOffset   OutOffset  InitFlow   MaxFlow
;;-------------- ---------------- ---------------- ---------- ---------- ---------- ---------- ---------- ----------
09204000C2       09204000D2       09204000D1       270.00     0.0350     761.30     760.40     0          0
09204000C3       09204000D3       09204000D2       91.00      0.0150     761.30     761.30     0          0
09204001C0       09204001R0       09204000D3       140.00     0.0200     761.74     761.30     0          0
09204001C1       09204001D1       09204001R0       147.00     0.0200     762.20     761.74     0          0
09204002C0       09204002R0       09204001D1       32.00      0.0200     762.41     762.20     0          0
09204003C0       09204003R0       09204002R0       308.00     0.0200     764.48     762.41     0          0
09204004C0       09204004R0       09204003R0       345.00     0.0200     766.79     764.48     0          0
09204005C0       09204005R0       09204004R0       298.00     0.0200     768.78     766.79     0          0
09204006C0       09204006R0       09204005R0       393.00     0.0200     771.40     768.78     0          0
09292001C0       09292001R0       09204006R0       560.00     0.0200     775.16     771.40     0          0
09292001C1       09292001D1       09292001R0       530.00     0.0200     778.75     775.16     0          0
09292001C2       09292001D2       09292001D1       70.00      0.0200     779.22     778.75     0          0
09292001C3       09292001D3       09292001D2       17.00      0.0200     780.09     779.96     0          0
09292002C0       09292002R0       09292001D3       73.00      0.0200     780.64     780.09     0          0
09292002C1       09292002D1       09292002R0       350.00     0.0200     783.09     780.64     0          0
09292003C0       09292003R0       09292002D1       83.00      0.0200     783.42     783.09     0          0
09292004C0       09292004R0       09292003R0       307.00     0.0200     784.65     783.42     0          0
09292004C1       09292004D1       09292004R0       37.00      0.0150     786.89     786.52     0          0
09292004C2       09292004D2       09292004D1       83.00      0.0200     787.74     786.89     0          0
09292005C0       09292005R0       09292004D2       280.00     0.0150     790.54     787.74     0          0
09292005C1       09292005D1       09292005R0       130.00     0.0150     791.84     790.54     0          0
09292005C2       09292005D2       09292005D1       101.00     0.0200     792.90     791.89     0          0
09292006C0       09292006R0       09292005D2       167.00     0.0150     794.02     792.90     0          0
09292006C1       09292006D1       09292006R0       146.00     0.0150     795.00     794.02     0          0
09292006C2       09292006D2       09292006D1       37.00      0.0150     795.17     795.00     0          0
09294001C0       09294001R0       09292006D2       55.00      0.0150     795.52     795.17     0          0
09294001C1       09294001D1       09294001R0       112.00     0.0150     796.23     795.52     0          0
09294002C0       09294002R0       09294001D1       165.00     0.0200     797.18     796.23     0          0
09294003C0       09294003R0       09294002R0       230.00     0.0200     798.50     797.18     0          0
09294004C0       09294004R0       09294003R0       361.00     0.0200     800.56     798.50     0          0
09294005C0       09294005R0       09294004R0       364.00     0.0200     802.65     800.56     0          0
09294006C0       09294006R0       09294005R0       602.00     0.0200     805.90     802.65     0          0
09294007C0       09294007R0       09294006R0       255.00     0.0200     807.28     805.90     0          0
09294008C0       09294008R0       09294007R0       530.00     0.0200     809.51     807.28     0          0
09321000C1       09321000D1       09294008R0       600.00     0.0200     811.18     809.51     0          0
09321001C0       09321001R0       09321000D1       75.00      0.0150     811.50     811.18     0          0
09321002C0       09321002R0       09321001R0       820.00     0.0150     815.69     812.02     0          0
09321003C0       09321003R0       09321002R0       23.00      0.0150     816.97     816.82     0          0
09321004C0       09321004R0       09321003R0       179.00     0.0150     818.13     816.97     0          0
09321005C0       09321005R0       09321004R0       578.00     0.0150     821.54     818.13     0          0
09321006C0       09321006R0       09321005R0       420.00     0.0150     824.02     821.54     0          0
09321007C0       09321007R0       09321006R0       400.00     0.0150     826.02     824.02     0          0
09321008C0       09321008R0       09321007R0       410.00     0.0150     832.84     826.02     0          0
09324000C1       09324000D1       09321008R0       179.00     0.0150     840.26     832.84     0          0
09324000C3       09324000D3       09324000D2       18.00      0.0150     845.46     845.32     0          0
09324000C4       09324000D4       09324000D3       151.00     0.0350     846.67     845.46     0          0
09324000C5       09324000D5       09324000D4       42.00      0.0150     847.28     846.67     0          0
09324000C6       09324000D6       09324000D5       35.00      0.0350     847.78     847.28     0          0
09324000C7       09324000D7       09324000D6       245.00     0.0350     849.84     848.37     0          0
09324000C8       09324000D8       09324000D7       6.00       0.0150     849.88     849.84     0          0
09324000C9       09324000D9       09324000D8       55.00      0.0350     850.21     849.88     0          0
09324000CA       09324000DA       09324000D9       24.00      0.0150     850.45     850.21     0          0
09324000CB       09324000DB       09324000DA       381.00     0.0150     854.26     850.45     0          0
09324001C0       09324001R0       09324000DB       195.00     0.0150     856.21     854.26     0          0
09324001C1       09324001D1       09324001R0       349.00     0.0150     859.70     856.21     0          0
09324002C0       09324002R0       09324001D1       306.00     0.0150     862.76     859.70     0          0
09324003C0       09324003R0       09324002R0       92.00      0.0150     868.00     863.69     0          0
09323001C0       09323001R0       09324003R0       85.00      0.0150     870.41     868.00     0          0
09323002C0       09323002R0       09323001R0       395.00     0.0150     871.73     870.41     0          0
09323003C0       09323003R0       09323002R0       440.00     0.0150     877.88     871.73     0          0
09323004C0       09323004R0       09323003R0       180.00     0.0150     879.18     877.88     0          0
09323005C0       09323005R0       09323004R0       225.00     0.0150     881.47     879.18     0          0
09323006C0       09323006R0       09323005R0       620.00     0.0150     890.00     881.47     0          0
09323007C0       ?                ?                435.00     0.0150     895.19     890.00     0          0
09323008C0       09323008R0       09323007R0       805.00     0.0150     900.40     895.19     0          0
09314001C0       09314001R0       09323008R0       180.00     0.0150     902.02     900.40     0          0
09314002C0       09314002R0       09314001R0       125.00     0.0150     902.18     902.02     0          0
09323009C0       09323009R0       09324004R0       115.00     0.0150     868.70     868.30     0          0
09323010C0       09323010R0       09323009R0       240.00     0.0150     869.48     868.70     0          0
09323011C0       09323011R0       09323010R0       265.00     0.0150     872.51     869.48     0          0
09323012C0       09323012R0       09323011R0       290.00     0.0150     876.02     872.51     0          0
09323013C0       09323013R0       09323012R0       310.00     0.0150     879.12     876.02     0          0
09323014C0       09323014R0       09323013R0       114.00     0.0150     881.16     879.12     0          0
09323015C0       09323015R0       09323014R0       100.00     0.0150     884.15     881.16     0          0
09322001C0       09322001R0       09323015R0       290.00     0.0150     885.46     884.15     0          0
09322002C0       09322002R0       09322001R0       320.00     0.0150     886.68     885.46     0          0
09322003C0       09322003R0       09322002R0       120.00     0.0150     887.16     886.68     0          0
09322004C0       09322004R0       09322003R0       335.00     0.0150     890.14     887.16     0          0
09292007C0       09292007R0       09292003R0       250.00     0.0150     785.72     784.49     0          0
09292008C0       09292008R0       09292007R0       700.00     0.0150     790.40     785.72     0          0
09292009C0       09292009R0       09292008R0       630.00     0.0150     802.01     790.40     0          0
09292010C0       09292010R0       09292009R0       320.00     0.0150     813.03     802.01     0          0
09203001C0       09203001R0       09292010R0       610.00     0.0150     825.51     813.03     0          0
09203002C0       09203002R0       09203001R0       280.00     0.0150     836.00     825.51     0          0
09203003C0       09203003R0       09203002R0       300.00     0.0150     841.00     836.00     0          0
09203004C0       09203004R0       09203003R0       270.00     0.0150     846.40     841.00     0          0
09203005C0       09203005R0       09203004R0       130.00     0.0150     849.50     846.40     0          0
09203006C0       09203006R0       09203005R0       70.00      0.0150     852.76     849.50     0          0
09203007C0       09203007R0       09203006R0       140.00     0.0150     857.44     852.76     0          0
09203008C0       09203008R0       09203007R0       45.00      0.0150     858.57     857.44     0          0
09203009C0       09203009R0       09203008R0       200.00     0.0150     861.90     858.57     0          0
09203010C0       09203010R0       09203009R0       290.00     0.0150     868.38     861.90     0          0
09203011C0       09203011R0       09203010R0       100.00     0.0150     870.06     868.38     0          0
09203012C0       09203012R0       09203011R0       120.00     0.0150     877.53     870.06     0          0
09203013C0       09203013R0       09203012R0       140.00     0.0150     884.22     877.53     0          0
09301003C0       09301003R0       09301002R0       180.00     0.0150     831.78     831.00     0          0
09301004C0       09301004R0       09301003R0       270.00     0.0150     837.21     831.78     0          0
09301005C0       09301005R0       09301004R0       60.00      0.0150     838.50     837.21     0          0
09301006C0       09301006R0       09301005R0       255.00     0.0150     842.31     838.50     0          0
09301007C0       09301007R0       09301006R0       285.00     0.0150     847.49     842.31     0          0
09194001C0       09194001R0       09301007R0       45.00      0.0150     848.31     847.49     0          0
09194002C0       09194002R0       09194001R0       34.00      0.0150     855.18     855.05     0          0
09194003C0       09194003R0       09194002R0       66.00      0.0150     855.71     855.18     0          0
09194004C0       09194004R0       09194003R0       42.00      0.0150     856.05     855.71     0          0
09194005C0       09194005R0       09194004R0       108.00     0.0150     856.51     856.05     0          0
09194006C0       09194006R0       09194005R0       169.00     0.0150     857.18     856.51     0          0
09194007C0       09194007R0       09194006R0       199.00     0.0150     857.77     857.18     0          0
09194008C0       09194008R0       09194007R0       27.00      0.0150     859.07     858.57     0          0
09194009C0       09194009R0       09194008R0       85.00      0.0150     860.64     859.07     0          0
09194010C0       09194010R0       09194009R0       15.00      0.0150     860.92     860.64     0          0
09194011C0       09194011R0       09194010R0       110.00     0.0150     862.94     860.92     0          0
09194012C0       09194012R0       09194011R0       20.00      0.0150     863.31     862.94     0          0
09194013C0       09194013R0       09194012R0       184.00     0.0150     864.89     863.31     0          0
09194014C0       09194014R0       09194013R0       15.00      0.0150     865.00     864.89     0          0
09194015C0       09194015R0       09194014R0       303.00     0.0150     871.61     865.00     0          0
09194016C0       09194016R0       09194015R0       97.00      0.0150     873.73     871.61     0          0
09194017C0       09194017R0       09194016R0       157.00     0.0150     877.15     873.73     0          0
09292011C0       09292011R0       09292008R0       640.00     0.0150     804.51     790.40     0          0
09292012C0       09292012R0       09292011R0       270.00     0.0150     810.04     804.51     0          0
09301008C0       09301008R0       09292012R0       760.00     0.0150     822.00     810.04     0          0
09301009C0       09301009R0       09301008R0       325.00     0.0150     825.75     822.00     0          0
09301010C0       09301010R0       09301009R0       357.00     0.0150     830.39     825.75     0          0
09301010C1       09301010D1       09301010R0       336.00     0.0150     834.76     830.39     0          0
09301011C0       09301011R0       09301010D1       312.00     0.0150     843.49     834.76     0          0
09301012C0       09301012R0       09301011R0       450.00     0.0150     860.00     843.49     0          0
09301013C0       09301013R0       09301012R0       320.00     0.0150     866.00     860.00     0          0
09301014C0       09301014R0       09301013R0       180.00     0.0150     868.00     866.00     0          0
09302001C0       09302001R0       09301014R0       570.00     0.0150     875.00     868.00     0          0
09302002C0       09302002R0       09302001R0       110.00     0.0150     877.69     875.00     0          0
09302003C0       09302003R0       09302002R0       212.00     0.0150     885.55     877.69     0          0
09302004C0       09302004R0       09302003R0       45.00      0.0150     888.61     885.55     0          0
09302005C0       09302005R0       09302004R0       275.00     0.0150     890.01     888.61     0          0
09302006C0       09302006R0       09302005R0       235.00     0.0150     891.61     890.01     0          0
09302007C0       09302007R0       09302006R0       100.00     0.0150     892.02     891.61     0          0
09302008C0       09302008R0       09302007R0       40.00      0.0150     892.14     892.02     0          0
09302009C0       09302009R0       09302008R0       80.00      0.0150     892.37     892.14     0          0
09302010C0       09302010R0       09302009R0       30.00      0.0150     892.46     892.37     0          0
09302011C0       09302011R0       09302010R0       385.00     0.0150     893.70     892.46     0          0
09302012C0       09302012R0       09302011R0       30.00      0.0150     893.76     893.70     0          0
09302013C0       09302013R0       09302012R0       41.00      0.0150     896.90     895.15     0          0
09302014C0       09302014R0       09302013R0       209.00     0.0150     900.95     896.90     0          0
09193001C0       09193001R0       09302014R0       299.00     0.0150     911.00     900.95     0          0
09193002C0       09193002R0       09193001R0       71.00      0.0150     911.60     911.00     0          0
09193003C0       09193003R0       09193002R0       150.00     0.0150     912.85     911.60     0          0
09193004C0       09193004R0       09193003R0       230.00     0.0150     913.32     913.00     0          0
09193005C0       09193005R0       09193004R0       260.00     0.0150     913.94     913.32     0          0
09302015C0       09302015R0       09302012R0       75.00      0.0150     893.87     893.76     0          0
09302016C0       09302016R0       09302015R0       314.00     0.0150     894.12     893.87     0          0
09302017C0       09302017R0       09302016R0       522.00     0.0150     894.54     894.12     0          0
09251001C0       09251001R0       09302017R0       640.00     0.0150     900.85     894.54     0          0
09251002C0       09251002R0       09251001R0       315.00     0.0150     904.75     900.85     0          0
09292013C0       09292013R0       09292004R0       819.00     0.0150     793.50     786.52     0          0
09292014C0       09292014R0       09292013R0       441.00     0.0150     794.69     793.50     0          0
09292015C0       09292015R0       09292014R0       460.00     0.0150     800.12     794.69     0          0
09292016C0       09292016R0       09292015R0       326.00     0.0150     809.35     800.12     0          0
09292017C0       09292017R0       09292016R0       327.00     0.0150     811.65     809.35     0          0
09301015C0       09301015R0       09292017R0       623.00     0.0150     817.88     811.65     0          0
09304001C0       09304001R0       09301015R0       408.00     0.0150     824.60     817.88     0          0
09304002C0       09304002R0       09304001R0       121.00     0.0150     826.60     824.60     0          0
09304002C1       09304002D1       09304002R0       121.00     0.0150     829.02     826.60     0          0
09304003C0       09304003R0       09304002D1       282.00     0.0150     836.27     829.02     0          0
09304004C0       09304004R0       09304003R0       1021.00    0.0150     851.80     836.27     0          0
09304005C0       09304005R0       09304004R0       89.00      0.0150     853.57     851.80     0          0
09304006C0       09304006R0       09304005R0       156.00     0.0150     856.70     853.57     0          0
09304007C0       09304007R0       09304006R0       190.00     0.0150     860.50     856.70     0          0
09304008C0       09304008R0       09304007R0       30.00      0.0150     860.59     860.50     0          0
09304009C0       09304009R0       09304008R0       215.00     0.0150     861.76     860.59     0          0
09304010C0       09304010R0       09304009R0       370.00     0.0150     866.55     861.76     0          0
09303001C0       09303001R0       09304010R0       355.00     0.0150     874.39     866.55     0          0
09303002C0       09303002R0       09303001R0       110.00     0.0150     875.90     874.39     0          0
09303003C0       09303003R0       09303002R0       42.00      0.0150     877.02     876.31     0          0
09303004C0       09303004R0       09303003R0       183.00     0.0150     879.43     877.02     0          0
09303005C0       09303005R0       09303004R0       314.00     0.0150     883.61     879.43     0          0
09303006C0       09303006R0       09303005R0       112.00     0.0150     885.06     883.61     0          0
09303007C0       09303007R0       09303006R0       230.00     0.0150     888.56     885.06     0          0
09303008C0       09303008R0       09303007R0       101.00     0.0150     890.04     888.56     0          0
09303009C0       09303009R0       09303008R0       152.00     0.0150     892.00     890.04     0          0
09303010C0       09303010R0       09303009R0       184.00     0.0150     894.35     892.00     0          0
09303011C0       09303011R0       09303010R0       32.00      0.0150     894.71     894.45     0          0
09303012C0       09303012R0       09303011R0       332.00     0.0150     900.06     895.75     0          0
09303013C0       09303013R0       09303012R0       72.00      0.0150     901.39     900.06     0          0
09303014C0       09303014R0       09303013R0       93.00      0.0150     906.51     901.39     0          0
09303015C0       09303015R0       09303014R0       77.00      0.0150     908.35     906.65     0          0
09303016C0       09303016R0       09303015R0       103.00     0.0150     909.97     908.45     0          0
09303017C0       09303017R0       09303016R0       15.00      0.0150     910.65     909.97     0          0
09294009C0       09294009R0       09292006R0       257.00     0.0150     797.13     794.02     0          0
09294010C0       09294010R0       09294009R0       203.00     0.0150     798.85     797.13     0          0
09294011C0       09294011R0       09294010R0       160.00     0.0150     799.65     798.85     0          0
09294012C0       09294012R0       09294011R0       140.00     0.0150     804.23     799.65     0          0
09293001C0       09293001R0       09294012R0       277.00     0.0150     809.87     804.23     0          0
09293002C0       09293002R0       09293001R0       334.00     0.0150     812.30     810.81     0          0
09293003C0       09293003R0       09293002R0       345.00     0.0150     813.47     812.30     0          0
09293004C0       09293004R0       09293003R0       82.00      0.0150     814.59     813.47     0          0
09293005C0       09293005R0       09293004R0       284.00     0.0150     818.02     814.59     0          0
09293006C0       09293006R0       09293005R0       91.00      0.0150     822.35     818.02     0          0
09293007C0       09293007R0       09293006R0       520.00     0.0150     829.00     822.35     0          0
09293008C0       09293008R0       09293007R0       160.00     0.0150     836.45     829.00     0          0
09293009C0       09293009R0       09293008R0       65.00      0.0150     837.28     836.45     0          0
09293010C0       09293010R0       09293009R0       469.00     0.0150     843.20     837.28     0          0
09293011C0       09293011R0       09293010R0       109.00     0.0150     845.07     843.20     0          0
09293012C0       09293012R0       09293011R0       427.00     0.0150     856.90     845.57     0          0
09293013C0       09293013R0       09293012R0       220.00     0.0150     858.12     856.90     0          0
09293014C0       09293014R0       09293013R0       186.00     0.0150     862.01     858.12     0          0
09293015C0       09293015R0       09293014R0       117.00     0.0150     863.56     862.01     0          0
09293016C0       09293016R0       09293015R0       159.00     0.0150     864.76     863.56     0          0
09293017C0       09293017R0       09293016R0       138.00     0.0150     865.82     864.76     0          0
09293018C0       09293018R0       09293017R0       49.00      0.0150     866.71     865.82     0          0
09293019C0       09293019R0       09293018R0       350.00     0.0150     872.79     866.71     0          0
09304011C0       09304011R0       09293019R0       32.00      0.0150     873.79     872.79     0          0
09304012C0       09304012R0       09304011R0       165.00     0.0150     877.24     873.79     0          0
09304013C0       09304013R0       09304012R0       50.00      0.0150     877.76     877.24     0          0
09311001C0       09311001R0       09304013R0       180.00     0.0150     879.44     877.76     0          0
09311002C0       09311002R0       09311001R0       95.00      0.0150     882.98     879.44     0          0
09311003C0       09311003R0       09311002R0       67.00      0.0150     884.09     882.98     0          0
09311004C0       09311004R0       09311003R0       72.00      0.0150     885.18     884.09     0          0
09324004C0       09324004R0       09324002R0       29.00      0.0150     868.30     864.50     0          0
09324000C2       09324000D2       09324000D1       250.00     0.0150     844.33     840.26     0          0
09301002C0       09301002R0       09203001R0       350.00     0.0150     831.00     825.51     0          0
09321010C0       Node_9321010     Node_10901091    70.00      0.0150     873.09     870.50     0          0
09321028C0       Node_9321028     Node_10961098    340.00     0.0150     841.99     837.35     0          0
09321027C0       Node_9321027     Node_10981100    70.00      0.0150     837.35     836.00     0          0
09321026C0       Node_9321026     Node_11001102    190.00     0.0150     836.00     833.31     0          0
09321025C0       Node_9321025     Node_11021104    350.00     0.0150     833.31     828.89     0          0
09321024C0       Node_9321024     Node_11041106    90.00      0.0150     828.89     828.86     0          0
09321023C0       Node_9321023     Node_11061108    50.00      0.0150     828.86     828.14     0          0
09321022C0       Node_9321022     Node_11081110    150.00     0.0150     828.14     825.54     0          0
09321021C0       Node_9321021     Node_11101112    300.00     0.0150     825.54     824.24     0          0
09321020C0       Node_9321020     Node_11121114    230.00     0.0150     824.24     823.43     0          0
09321019C0       Node_9321019     Node_11141116    270.00     0.0150     823.43     822.42     0          0
09321018C0       Node_9321018     Node_11161118    60.00      0.0150     822.42     822.27     0          0
09321017C0       Node_9321017     Node_11181120    300.00     0.0150     822.27     820.81     0          0
09321016C0       Node_9321016     Node_11201122    230.00     0.0150     820.81     820.60     0          0
09321015C0       Node_9321015     Node_11221124    170.00     0.0150     820.60     819.14     0          0
09321014C0       Node_9321014     Node_11241126    160.00     0.0150     819.14     817.67     0          0
09321013C0       Node_9321013     Node_11261128    360.00     0.0150     817.67     817.25     0          0
09321012C0       Node_9321012     Node_11281130    330.00     0.0150     817.25     816.86     0          0
09321011C0       Node_9321011     Node_1130682     430.00     0.0150     816.86     815.69     0          0
09321009C0       Node_9321009     Node_1091686     1670.00    0.0150     870.50     824.02     0          0
09321032C0       Node_9321032     Node_11351137    260.00     0.0150     817.61     815.40     0          0
09321031C0       Node_9321031     Node_11371139    30.00      0.0150     815.40     814.78     0          0
09321030C0       Node_9321030     Node_11391141    150.00     0.0150     814.78     813.38     0          0
09321029C0       Node_9321029     Node_1141681     25.00      0.0150     813.38     811.50     0          0
09321035C0       Node_9321035     Node_11441145    280.00     0.0150     814.30     812.27     0          0
09321037C0       Node_9321037     Node_11481151    400.00     0.0150     819.15     814.30     0          0
09321036C0       Node_9321036     Node_1151680     780.00     0.0150     814.30     811.18     0          0
09321034C0       Node_9321034     Node_1145681     470.00     0.0150     812.27     811.50     0          0
09294014C0       Node_9294014     Node_1155678     210.00     0.0150     808.28     807.28     0          0
09294013C0       Node_9294013     Node_1157678     100.00     0.0150     810.26     807.28     0          0
09312019C0       Node_9312019     Node_11671168    290.00     0.0150     932.40     927.30     0          0
09312018C0       Node_9312018     Node_11681170    190.00     0.0150     927.30     924.40     0          0
09312017C0       Node_9312017     Node_11701172    210.00     0.0150     924.40     921.96     0          0
09312016C0       Node_9312016     Node_11721174    330.00     0.0150     921.96     918.75     0          0
09312015C0       Node_9312015     Node_11741176    200.00     0.0150     918.75     916.40     0          0
09312014C0       Node_9312014     Node_11761178    220.00     0.0150     916.40     913.95     0          0
09312013C0       Node_9312013     Node_11781180    90.00      0.0150     913.95     912.52     0          0
09312012C0       Node_9312012     Node_11801182    40.00      0.0150     912.52     911.88     0          0
09312011C0       Node_9312011     Node_11821184    30.00      0.0150     911.88     911.40     0          0
09312010C0       Node_9312010     Node_11841186    100.00     0.0150     911.40     910.75     0          0
09312009C0       Node_9312009     Node_11861188    50.00      0.0150     910.75     910.49     0          0
09312008C0       Node_9312008     Node_11881190    80.00      0.0150     910.49     908.34     0          0
09312007C0       Node_9312007     Node_11901192    30.00      0.0150     908.34     907.99     0          0
09312006C0       Node_9312006     Node_11921195    190.00     0.0150     907.99     905.90     0          0
09312005C0       Node_9312005     Node_11951197    30.00      0.0150     905.90     905.55     0          0
09312004C0       ?                Node_93          40.00      0.0150     905.55     904.81     0          0
09312003C0       Node_9312003     Node_11991201    250.00     0.0150     904.81     900.54     0          0
09312002C0       Node_9312002     Node_12011203    60.00      0.0150     900.54     899.95     0          0
09312001C0       Node_9312001     Node_12031205    300.00     0.0150     899.95     898.83     0          0
09303020C0       Node_9303020     Node_12051207    140.00     0.0150     898.83     896.71     0          0
09303019C0       Node_9303019     Node_12071209    100.00     0.0150     896.71     895.41     0          0
09303018C0       Node_9303018     Node_1209826     480.00     0.0150     895.41     890.04     0          0
09312020C0       Node_9312020     Node_12121167    250.00     0.0150     935.52     932.40     0          0
09312025C0       Node_9312025     Node_12251226    40.00      0.0150     909.47     909.22     0          0
09312024C0       Node_9312024     Node_12261228    40.00      0.0150     909.22     909.16     0          0
09312023C0       Node_9312023     Node_12281230    170.00     0.0150     909.16     903.23     0          0
09312022C0       Node_9312022     Node_12301232    150.00     0.0150     903.23     901.92     0          0
09312021C0       Node_9312021     Node_12321201    40.00      0.0150     901.92     900.54     0          0

[XSECTIONS]
;;Link           Shape        Geom1      Geom2      Geom3      Geom4      Barrels
;;-------------- ------------ ---------- ---------- ---------- ---------- ----------
09204000C2       IRREGULAR    9.00       0          0          0          1
09204000C3       RECT_CLOSED  8.00       10.00      0          0          1
09204001C0       HORSESHOE    8.50       8.50       0          0          1
09204001C1       HORSESHOE    8.50       8.50       0          0          1
09204002C0       RECT_CLOSED  8.50       13.83      0          0          1
09204003C0       HORSESHOE    8.50       8.50       0          0          1
09204004C0       HORSESHOE    8.50       8.50       0          0          1
09204005C0       HORSESHOE    8.50       8.50       0          0          1
09204006C0       HORSESHOE    8.50       8.50       0          0          1
09292001C0       HORSESHOE    8.50       8.50       0          0          1
09292001C1       HORSESHOE    8.50       8.50       0          0          1
09292001C2       HORSESHOE    8.50       8.50       0          0          1
09292001C3       HORSESHOE    8.00       7.83       0          0          1
09292002C0       HORSESHOE    8.00       7.83       0          0          1
09292002C1       HORSESHOE    8.00       7.83       0          0          1
09292003C0       HORSESHOE    8.00       7.83       0          0          1
09292004C0       HORSESHOE    8.00       7.83       0          0          1
09292004C1       RECT_CLOSED  7.50       10.83      0          0          1
09292004C2       RECT_CLOSED  8.00       13.50      0          0          1
09292005C0       RECT_CLOSED  7.50       10.83      0          0          1
09292005C1       RECT_CLOSED  7.50       10.83      0          0          1
09292005C2       HORSESHOE    6.00       5.50       0          0          1
09292006C0       HORSESHOE    7.00       6.00       0          0          1
09292006C1       HORSESHOE    7.00       6.00       0          0          1
09292006C2       HORSESHOE    7.00       6.00       0          0          1
09294001C0       HORSESHOE    7.00       6.00       0          0          1
09294001C1       HORSESHOE    7.00       6.00       0          0          1
09294002C0       HORSESHOE    6.00       5.50       0          0          1
09294003C0       HORSESHOE    6.00       5.50       0          0          1
09294004C0       HORSESHOE    6.00       5.50       0          0          1
09294005C0       HORSESHOE    6.00       5.50       0          0          1
09294006C0       HORSESHOE    6.00       5.50       0          0          1
09294007C0       HORSESHOE    6.00       5.50       0          0          1
09294008C0       HORSESHOE    6.00       5.50       0          0          1
09321000C1       HORSESHOE    6.00       5.50       0          0          1
09321001C0       HORSESHOE    9.92       5.50       0          0          1
09321002C0       HORSESHOE    9.92       5.50       0          0          1
09321003C0       CIRCULAR     5.00       0          0          0          1
09321004C0       CIRCULAR     5.00       0          0          0          1
09321005C0       CIRCULAR     5.00       0          0          0          1
09321006C0       CIRCULAR     5.00       0          0          0          1
09321007C0       CIRCULAR     5.00       0          0          0          1
09321008C0       CIRCULAR     5.00       0          0          0          1
09324000C1       CIRCULAR     5.00       0          0          0          1
09324000C3       RECT_CLOSED  4.42       6.92       0          0          1
09324000C4       TRAPEZOIDAL  4.00       2.00       0          0          1
09324000C5       CIRCULAR     4.00       0          0          0          1
09324000C6       TRAPEZOIDAL  4.00       2.00       0          0          1
09324000C7       TRAPEZOIDAL  4.00       2.00       0          0          1
09324000C8       TRAPEZOIDAL  2.80       4.00       0          0          1
09324000C9       TRAPEZOIDAL  5.00       2.00       0          0          1
09324000CA       CIRCULAR     5.50       0          0          0          1
09324000CB       CIRCULAR     5.50       0          0          0          1
09324001C0       CIRCULAR     5.50       0          0          0          1
09324001C1       CIRCULAR     5.50       0          0          0          1
09324002C0       CIRCULAR     5.50       0          0          0          1
09324003C0       CIRCULAR     4.50       0          0          0          1
09323001C0       CIRCULAR     4.50       0          0          0          1
09323002C0       CIRCULAR     4.50       0          0          0          1
09323003C0       CIRCULAR     4.50       0          0          0          1
09323004C0       CIRCULAR     4.50       0          0          0          1
09323005C0       CIRCULAR     4.50       0          0          0          1
09323006C0       CIRCULAR     3.50       0          0          0          1
09323007C0       CIRCULAR     3.50       0          0          0          1
09323008C0       CIRCULAR     3.00       0          0          0          1
09314001C0       CIRCULAR     3.00       0          0          0          1
09314002C0       CIRCULAR     3.00       0          0          0          1
09323009C0       CIRCULAR     3.50       0          0          0          1
09323010C0       CIRCULAR     3.50       0          0          0          1
09323011C0       CIRCULAR     3.50       0          0          0          1
09323012C0       CIRCULAR     3.50       0          0          0          1
09323013C0       CIRCULAR     3.50       0          0          0          1
09323014C0       CIRCULAR     3.50       0          0          0          1
09323015C0       CIRCULAR     3.50       0          0          0          1
09322001C0       CIRCULAR     3.50       0          0          0          1
09322002C0       CIRCULAR     3.50       0          0          0          1
09322003C0       CIRCULAR     3.50       0          0          0          1
09322004C0       CIRCULAR     3.50       0          0          0          1
09292007C0       CIRCULAR     5.50       0          0          0          1
09292008C0       CIRCULAR     5.50       0          0          0          1
09292009C0       CIRCULAR     4.50       0          0          0          1
09292010C0       CIRCULAR     4.50       0          0          0          1
09203001C0       CIRCULAR     4.50       0          0          0          1
09203002C0       CIRCULAR     3.00       0          0          0          1
09203003C0       CIRCULAR     3.00       0          0          0          1
09203004C0       CIRCULAR     3.00       0          0          0          1
09203005C0       CIRCULAR     3.00       0          0          0          1
09203006C0       CIRCULAR     3.00       0          0          0          1
09203007C0       CIRCULAR     3.00       0          0          0          1
09203008C0       CIRCULAR     4.00       0          0          0          1
09203009C0       CIRCULAR     4.00       0          0          0          1
09203010C0       CIRCULAR     4.00       0          0          0          1
09203011C0       CIRCULAR     4.00       0          0          0          1
09203012C0       CIRCULAR     4.00       0          0          0          1
09203013C0       CIRCULAR     4.00       0          0          0          1
09301003C0       CIRCULAR     3.50       0          0          0          1
09301004C0       CIRCULAR     3.00       0          0          0          1
09301005C0       CIRCULAR     3.00       0          0          0          1
09301006C0       CIRCULAR     3.00       0          0          0          1
09301007C0       CIRCULAR     3.00       0          0          0          1
09194001C0       CIRCULAR     3.50       0          0          0          1
09194002C0       CIRCULAR     3.50       0          0          0          1
09194003C0       CIRCULAR     3.50       0          0          0          1
09194004C0       CIRCULAR     3.50       0          0          0          1
09194005C0       CIRCULAR     3.50       0          0          0          1
09194006C0       CIRCULAR     3.50       0          0          0          1
09194007C0       CIRCULAR     3.50       0          0          0          1
09194008C0       CIRCULAR     3.00       0          0          0          1
09194009C0       CIRCULAR     3.00       0          0          0          1
09194010C0       CIRCULAR     3.00       0          0          0          1
09194011C0       CIRCULAR     3.00       0          0          0          1
09194012C0       CIRCULAR     3.00       0          0          0          1
09194013C0       CIRCULAR     3.00       0          0          0          1
09194014C0       CIRCULAR     3.00       0          0          0          1
09194015C0       CIRCULAR     3.00       0          0          0          1
09194016C0       CIRCULAR     3.00       0          0          0          1
09194017C0       CIRCULAR     3.00       0          0          0          1
09292011C0       CIRCULAR     4.50       0          0          0          1
09292012C0       CIRCULAR     4.00       0          0          0          1
09301008C0       CIRCULAR     4.00       0          0          0          1
09301009C0       CIRCULAR     4.00       0          0          0          1
09301010C0       CIRCULAR     4.00       0          0          0          1
09301010C1       CIRCULAR     4.00       0          0          0          1
09301011C0       CIRCULAR     4.00       0          0          0          1
09301012C0       CIRCULAR     3.50       0          0          0          1
09301013C0       CIRCULAR     3.50       0          0          0          1
09301014C0       CIRCULAR     3.50       0          0          0          1
09302001C0       CIRCULAR     3.50       0          0          0          1
09302002C0       CIRCULAR     3.50       0          0          0          1
09302003C0       CIRCULAR     3.50       0          0          0          1
09302004C0       CIRCULAR     6.00       0          0          0          1
09302005C0       CIRCULAR     6.00       0          0          0          1
09302006C0       CIRCULAR     6.00       0          0          0          1
09302007C0       CIRCULAR     6.00       0          0          0          1
09302008C0       CIRCULAR     6.00       0          0          0          1
09302009C0       CIRCULAR     6.00       0          0          0          1
09302010C0       CIRCULAR     6.00       0          0          0          1
09302011C0       CIRCULAR     6.00       0          0          0          1
09302012C0       CIRCULAR     6.00       0          0          0          1
09302013C0       CIRCULAR     3.00       0          0          0          1
09302014C0       CIRCULAR     3.00       0          0          0          1
09193001C0       CIRCULAR     3.00       0          0          0          1
09193002C0       CIRCULAR     3.00       0          0          0          1
09193003C0       CIRCULAR     3.00       0          0          0          1
09193004C0       CIRCULAR     3.00       0          0          0          1
09193005C0       CIRCULAR     3.00       0          0          0          1
09302015C0       CIRCULAR     5.50       0          0          0          1
09302016C0       CIRCULAR     5.50       0          0          0          1
09302017C0       CIRCULAR     5.50       0          0          0          1
09251001C0       CIRCULAR     4.50       0          0          0          1
09251002C0       CIRCULAR     3.50       0          0          0          1
09292013C0       CIRCULAR     5.50       0          0          0          1
09292014C0       CIRCULAR     5.50       0          0          0          1
09292015C0       CIRCULAR     5.50       0          0          0          1
09292016C0       CIRCULAR     5.00       0          0          0          1
09292017C0       CIRCULAR     5.00       0          0          0          1
09301015C0       CIRCULAR     5.00       0          0          0          1
09304001C0       CIRCULAR     5.00       0          0          0          1
09304002C0       CIRCULAR     5.00       0          0          0          1
09304002C1       CIRCULAR     5.00       0          0          0          1
09304003C0       CIRCULAR     4.50       0          0          0          1
09304004C0       CIRCULAR     4.50       0          0          0          1
09304005C0       CIRCULAR     4.50       0          0          0          1
09304006C0       CIRCULAR     4.50       0          0          0          1
09304007C0       CIRCULAR     4.50       0          0          0          1
09304008C0       CIRCULAR     6.00       0          0          0          1
09304009C0       CIRCULAR     6.00       0          0          0          1
09304010C0       CIRCULAR     5.50       0          0          0          1
09303001C0       CIRCULAR     5.50       0          0          0          1
09303002C0       CIRCULAR     5.50       0          0          0          1
09303003C0       CIRCULAR     5.00       0          0          0          1
09303004C0       CIRCULAR     5.00       0          0          0          1
09303005C0       CIRCULAR     5.00       0          0          0          1
09303006C0       CIRCULAR     5.00       0          0          0          1
09303007C0       CIRCULAR     5.00       0          0          0          1
09303008C0       CIRCULAR     5.00       0          0          0          1
09303009C0       CIRCULAR     3.50       0          0          0          1
09303010C0       CIRCULAR     3.50       0          0          0          1
09303011C0       CIRCULAR     3.50       0          0          0          1
09303012C0       CIRCULAR     3.50       0          0          0          1
09303013C0       CIRCULAR     3.00       0          0          0          1
09303014C0       CIRCULAR     3.00       0          0          0          1
09303015C0       CIRCULAR     3.00       0          0          0          1
09303016C0       CIRCULAR     3.00       0          0          0          1
09303017C0       CIRCULAR     3.00       0          0          0          1
09294009C0       CIRCULAR     4.50       0          0          0          1
09294010C0       CIRCULAR     4.00       0          0          0          1
09294011C0       CIRCULAR     4.00       0          0          0          1
09294012C0       CIRCULAR     4.00       0          0          0          1
09293001C0       CIRCULAR     4.00       0          0          0          1
09293002C0       CIRCULAR     4.50       0          0          0          1
09293003C0       CIRCULAR     4.00       0          0          0          1
09293004C0       CIRCULAR     4.00       0          0          0          1
09293005C0       CIRCULAR     4.00       0          0          0          1
09293006C0       CIRCULAR     4.00       0          0          0          1
09293007C0       CIRCULAR     4.00       0          0          0          1
09293008C0       CIRCULAR     4.00       0          0          0          1
09293009C0       CIRCULAR     4.00       0          0          0          1
09293010C0       CIRCULAR     4.00       0          0          0          1
09293011C0       CIRCULAR     4.00       0          0          0          1
09293012C0       CIRCULAR     3.00       0          0          0          1
09293013C0       CIRCULAR     3.00       0          0          0          1
09293014C0       CIRCULAR     3.00       0          0          0          1
09293015C0       CIRCULAR     3.00       0          0          0          1
09293016C0       CIRCULAR     3.00       0          0          0          1
09293017C0       CIRCULAR     3.00       0          0          0          1
09293018C0       CIRCULAR     3.00       0          0          0          1
09293019C0       CIRCULAR     3.00       0          0          0          1
09304011C0       CIRCULAR     3.00       0          0          0          1
09304012C0       CIRCULAR     3.00       0          0          0          1
09304013C0       CIRCULAR     3.00       0          0          0          1
09311001C0       CIRCULAR     3.00       0          0          0          1
09311002C0       CIRCULAR     3.00       0          0          0          1
09311003C0       CIRCULAR     3.00       0          0          0          1
09311004C0       CIRCULAR     3.00       0          0          0          1
09324004C0       CIRCULAR     3.50       0          0          0          1
09324000C2       TRAPEZOIDAL  4.00       2.00       0          0          1
09301002C0       CIRCULAR     3.50       0          0          0          1
09321010C0       CIRCULAR     4.00       0          0          0          1
09321028C0       CIRCULAR     3.00       0          0          0          1
09321027C0       CIRCULAR     3.00       0          0          0          1
09321026C0       CIRCULAR     3.00       0          0          0          1
09321025C0       CIRCULAR     3.00       0          0          0          1
09321024C0       CIRCULAR     4.00       0          0          0          1
09321023C0       CIRCULAR     4.00       0          0          0          1
09321022C0       CIRCULAR     4.00       0          0          0          1
09321021C0       CIRCULAR     4.00       0          0          0          1
09321020C0       CIRCULAR     4.00       0          0          0          1
09321019C0       CIRCULAR     4.00       0          0          0          1
09321018C0       CIRCULAR     4.00       0          0          0          1
09321017C0       CIRCULAR     4.00       0          0          0          1
09321016C0       RECT_CLOSED  4.42       6.92       0          0          1
09321015C0       RECT_CLOSED  4.42       6.92       0          0          1
09321014C0       RECT_CLOSED  4.42       6.92       0          0          1
09321013C0       RECT_CLOSED  4.42       6.92       0          0          1
09321012C0       RECT_CLOSED  4.42       6.92       0          0          1
09321011C0       RECT_CLOSED  4.42       6.92       0          0          1
09321009C0       CIRCULAR     4.00       0          0          0          1
09321032C0       CIRCULAR     3.00       0          0          0          1
09321031C0       CIRCULAR     3.00       0          0          0          1
09321030C0       CIRCULAR     3.00       0          0          0          1
09321029C0       CIRCULAR     3.00       0          0          0          1
09321035C0       CIRCULAR     4.00       0          0          0          1
09321037C0       CIRCULAR     3.50       0          0          0          1
09321036C0       CIRCULAR     5.00       0          0          0          1
09321034C0       CIRCULAR     4.00       0          0          0          1
09294014C0       CIRCULAR     3.25       0          0          0          1
09294013C0       CIRCULAR     3.00       0          0          0          1
09312019C0       CIRCULAR     3.50       0          0          0          1
09312018C0       CIRCULAR     3.50       0          0          0          1
09312017C0       CIRCULAR     3.50       0          0          0          1
09312016C0       CIRCULAR     3.50       0          0          0          1
09312015C0       CIRCULAR     4.00       0          0          0          1
09312014C0       CIRCULAR     4.00       0          0          0          1
09312013C0       CIRCULAR     4.00       0          0          0          1
09312012C0       CIRCULAR     4.00       0          0          0          1
09312011C0       CIRCULAR     4.50       0          0          0          1
09312010C0       CIRCULAR     4.50       0          0          0          1
09312009C0       CIRCULAR     4.50       0          0          0          1
09312008C0       CIRCULAR     4.50       0          0          0          1
09312007C0       CIRCULAR     4.50       0          0          0          1
09312006C0       CIRCULAR     4.50       0          0          0          1
09312005C0       CIRCULAR     4.50       0          0          0          1
09312004C0       CIRCULAR     4.50       0          0          0          1
09312003C0       CIRCULAR     4.50       0          0          0          1
09312002C0       CIRCULAR     4.50       0          0          0          1
09312001C0       CIRCULAR     4.50       0          0          0          1
09303020C0       CIRCULAR     4.50       0          0          0          1
09303019C0       CIRCULAR     5.00       0          0          0          1
09303018C0       CIRCULAR     5.00       0          0          0          1
09312020C0       CIRCULAR     3.50       0          0          0          1
09312025C0       CIRCULAR     3.00       0          0          0          1
09312024C0       CIRCULAR     3.00       0          0          0          1
09312023C0       CIRCULAR     3.00       0          0          0          1
09312022C0       CIRCULAR     3.00       0          0          0          1
09312021C0       CIRCULAR     3.00       0          0          0          1

[LOSSES]
;;Link           Inlet      Outlet     Average    Flap Gate
;;-------------- ---------- ---------- ---------- ----------
09204000C2       0          0          0          NO
09204000C3       0          0          0          NO
09204001C0       0          0          0          NO
09204001C1       0          0          0          NO
09204002C0       0          0          0          NO
09204003C0       0          0          0          NO
09204004C0       0          0          0          NO
09204005C0       0          0          0          NO
09204006C0       0          0          0          NO
09292001C0       0          0          0          NO
09292001C1       0          0          0          NO
09292001C2       0          0          0          NO
09292001C3       0          0          0          NO
09292002C0       0          0          0          NO
09292002C1       0          0          0          NO
09292003C0       0          0          0          NO
09292004C0       0          0          0          NO
09292004C1       0          0          0          NO
09292004C2       0          0          0          NO
09292005C0       0          0          0          NO
09292005C1       0          0          0          NO
09292005C2       0          0          0          NO
09292006C0       0          0          0          NO
09292006C1       0          0          0          NO
09292006C2       0          0          0          NO
09294001C0       0          0          0          NO
09294001C1       0          0          0          NO
09294002C0       0          0          0          NO
09294003C0       0          0          0          NO
09294004C0       0          0          0          NO
09294005C0       0          0          0          NO
09294006C0       0          0          0          NO
09294007C0       0          0          0          NO
09294008C0       0          0          0          NO
09321000C1       0          0          0          NO
09321001C0       0          0          0          NO
09321002C0       0          0          0          NO
09321003C0       0          0          0          NO
09321004C0       0          0          0          NO
09321005C0       0          0          0          NO
09321006C0       0          0          0          NO
09321007C0       0          0          0          NO
09321008C0       0          0          0          NO
09324000C1       0          0          0          NO
09324000C3       0          0          0          NO
09324000C4       0          0          0          NO
09324000C5       0          0          0          NO
09324000C6       0          0          0          NO
09324000C7       0          0          0          NO
09324000C8       0          0          0          NO
09324000C9       0          0          0          NO
09324000CA       0          0          0          NO
09324000CB       0          0          0          NO
09324001C0       0          0          0          NO
09324001C1       0          0          0          NO
09324002C0       0          0          0          NO
09324003C0       0          0          0          NO
09323001C0       0          0          0          NO
09323002C0       0          0          0          NO
09323003C0       0          0          0          NO
09323004C0       0          0          0          NO
09323005C0       0          0          0          NO
09323006C0       0          0          0          NO
09323007C0       0          0          0          NO
09323008C0       0          0          0          NO
09314001C0       0          0          0          NO
09314002C0       0          0          0          NO
09323009C0       0          0          0          NO
09323010C0       0          0          0          NO
09323011C0       0          0          0          NO
09323012C0       0          0          0          NO
09323013C0       0          0          0          NO
09323014C0       0          0          0          NO
09323015C0       0          0          0          NO
09322001C0       0          0          0          NO
09322002C0       0          0          0          NO
09322003C0       0          0          0          NO
09322004C0       0          0          0          NO
09292007C0       0          0          0          NO
09292008C0       0          0          0          NO
09292009C0       0          0          0          NO
09292010C0       0          0          0          NO
09203001C0       0          0          0          NO
09203002C0       0          0          0          NO
09203003C0       0          0          0          NO
09203004C0       0          0          0          NO
09203005C0       0          0          0          NO
09203006C0       0          0          0          NO
09203007C0       0          0          0          NO
09203008C0       0          0          0          NO
09203009C0       0          0          0          NO
09203010C0       0          0          0          NO
09203011C0       0          0          0          NO
09203012C0       0          0          0          NO
09203013C0       0          0          0          NO
09301003C0       0          0          0          NO
09301004C0       0          0          0          NO
09301005C0       0          0          0          NO
09301006C0       0          0          0          NO
09301007C0       0          0          0          NO
09194001C0       0          0          0          NO
09194002C0       0          0          0          NO
09194003C0       0          0          0          NO
09194004C0       0          0          0          NO
09194005C0       0          0          0          NO
09194006C0       0          0          0          NO
09194007C0       0          0          0          NO
09194008C0       0          0          0          NO
09194009C0       0          0          0          NO
09194010C0       0          0          0          NO
09194011C0       0          0          0          NO
09194012C0       0          0          0          NO
09194013C0       0          0          0          NO
09194014C0       0          0          0          NO
09194015C0       0          0          0          NO
09194016C0       0          0          0          NO
09194017C0       0          0          0          NO
09292011C0       0          0          0          NO
09292012C0       0          0          0          NO
09301008C0       0          0          0          NO
09301009C0       0          0          0          NO
09301010C0       0          0          0          NO
09301010C1       0          0          0          NO
09301011C0       0          0          0          NO
09301012C0       0          0          0          NO
09301013C0       0          0          0          NO
09301014C0       0          0          0          NO
09302001C0       0          0          0          NO
09302002C0       0          0          0          NO
09302003C0       0          0          0          NO
09302004C0       0          0          0          NO
09302005C0       0          0          0          NO
09302006C0       0          0          0          NO
09302007C0       0          0          0          NO
09302008C0       0          0          0          NO
09302009C0       0          0          0          NO
09302010C0       0          0          0          NO
09302011C0       0          0          0          NO
09302012C0       0          0          0          NO
09302013C0       0          0          0          NO
09302014C0       0          0          0          NO
09193001C0       0          0          0          NO
09193002C0       0          0          0          NO
09193003C0       0          0          0          NO
09193004C0       0          0          0          NO
09193005C0       0          0          0          NO
09302015C0       0          0          0          NO
09302016C0       0          0          0          NO
09302017C0       0          0          0          NO
09251001C0       0          0          0          NO
09251002C0       0          0          0          NO
09292013C0       0          0          0          NO
09292014C0       0          0          0          NO
09292015C0       0          0          0          NO
09292016C0       0          0          0          NO
09292017C0       0          0          0          NO
09301015C0       0          0          0          NO
09304001C0       0          0          0          NO
09304002C0       0          0          0          NO
09304002C1       0          0          0          NO
09304003C0       0          0          0          NO
09304004C0       0          0          0          NO
09304005C0       0          0          0          NO
09304006C0       0          0          0          NO
09304007C0       0          0          0          NO
09304008C0       0          0          0          NO
09304009C0       0          0          0          NO
09304010C0       0          0          0          NO
09303001C0       0          0          0          NO
09303002C0       0          0          0          NO
09303003C0       0          0          0          NO
09303004C0       0          0          0          NO
09303005C0       0          0          0          NO
09303006C0       0          0          0          NO
09303007C0       0          0          0          NO
09303008C0       0          0          0          NO
09303009C0       0          0          0          NO
09303010C0       0          0          0          NO
09303011C0       0          0          0          NO
09303012C0       0          0          0          NO
09303013C0       0          0          0          NO
09303014C0       0          0          0          NO
09303015C0       0          0          0          NO
09303016C0       0          0          0          NO
09303017C0       0          0          0          NO
09294009C0       0          0          0          NO
09294010C0       0          0          0          NO
09294011C0       0          0          0          NO
09294012C0       0          0          0          NO
09293001C0       0          0          0          NO
09293002C0       0          0          0          NO
09293003C0       0          0          0          NO
09293004C0       0          0          0          NO
09293005C0       0          0          0          NO
09293006C0       0          0          0          NO
09293007C0       0          0          0          NO
09293008C0       0          0          0          NO
09293009C0       0          0          0          NO
09293010C0       0          0          0          NO
09293011C0       0          0          0          NO
09293012C0       0          0          0          NO
09293013C0       0          0          0          NO
09293014C0       0          0          0          NO
09293015C0       0          0          0          NO
09293016C0       0          0          0          NO
09293017C0       0          0          0          NO
09293018C0       0          0          0          NO
09293019C0       0          0          0          NO
09304011C0       0          0          0          NO
09304012C0       0          0          0          NO
09304013C0       0          0          0          NO
09311001C0       0          0          0          NO
09311002C0       0          0          0          NO
09311003C0       0          0          0          NO
09311004C0       0          0          0          NO
09324004C0       0          0          0          NO
09324000C2       0          0          0          NO
09301002C0       0          0          0          NO
09321010C0       0          0          0          NO
09321028C0       0          0          0          NO
09321027C0       0          0          0          NO
09321026C0       0          0          0          NO
09321025C0       0          0          0          NO
09321024C0       0          0          0          NO
09321023C0       0          0          0          NO
09321022C0       0          0          0          NO
09321021C0       0          0          0          NO
09321020C0       0          0          0          NO
09321019C0       0          0          0          NO
09321018C0       0          0          0          NO
09321017C0       0          0          0          NO
09321016C0       0          0          0          NO
09321015C0       0          0          0          NO
09321014C0       0          0          0          NO
09321013C0       0          0          0          NO
09321012C0       0          0          0          NO
09321011C0       0          0          0          NO
09321009C0       0          0          0          NO
09321032C0       0          0          0          NO
09321031C0       0          0          0          NO
09321030C0       0          0          0          NO
09321029C0       0          0          0          NO
09321035C0       0          0          0          NO
09321037C0       0          0          0          NO
09321036C0       0          0          0          NO
09321034C0       0          0          0          NO
09294014C0       0          0          0          NO
09294013C0       0          0          0          NO
09312019C0       0          0          0          NO
09312018C0       0          0          0          NO
09312017C0       0          0          0          NO
09312016C0       0          0          0          NO
09312015C0       0          0          0          NO
09312014C0       0          0          0          NO
09312013C0       0          0          0          NO
09312012C0       0          0          0          NO
09312011C0       0          0          0          NO
09312010C0       0          0          0          NO
09312009C0       0          0          0          NO
09312008C0       0          0          0          NO
09312007C0       0          0          0          NO
09312006C0       0          0          0          NO
09312005C0       0          0          0          NO
09312004C0       0          0          0          NO
09312003C0       0          0          0          NO
09312002C0       0          0          0          NO
09312001C0       0          0          0          NO
09303020C0       0          0          0          NO
09303019C0       0          0          0          NO
09303018C0       0          0          0          NO
09312020C0       0          0          0          NO
09312025C0       0          0          0          NO
09312024C0       0          0          0          NO
09312023C0       0          0          0          NO
09312022C0       0          0          0          NO
09312021C0       0          0          0          NO

[COORDINATES]
;;Node           X-Coord            Y-Coord
;;-------------- ------------------ ------------------
09204000D1       461.48             54.33             
09204000D2       731.48             -75.67            
09204000D3       822.48             -125.67           
09204001R0       962.48             -195.67           
09204001D1       1109.18            -270.67           
09204002R0       1140.78            -285.67           
09204003R0       1449.18            -454.42           
09204004R0       1794.18            -613.67           
09204005R0       2092.48            -763.67           
09204006R0       2485.78            -958.67           
09292001R0       3045.78            -1238.67          
09292001D1       3575.78            -1456.55          
09292001D2       3642.94            -1534.57          
09292001D3       3662.78            -1548.67          
09292002R0       3735.78            -1548.67          
09292002D1       4085.78            -1548.67          
09292003R0       4161.20            -1561.24          
09292004R0       4480.04            -1556.92          
09292004D1       4514.37            -1546.32          
09292004D2       4597.85            -1544.75          
09292005R0       4875.48            -1540.82          
09292005D1       5007.85            -1538.86          
09292005D2       5134.88            -1535.27          
09292006R0       5261.64            -1480.27          
09292006D1       5401.96            -1356.44          
09292006D2       5439.44            -1322.49          
09294001R0       5504.38            -1277.75          
09294001D1       5624.90            -1240.39          
09294002R0       5788.48            -1184.61          
09294003R0       6022.27            -1185.40          
09294004R0       6341.61            -1042.32          
09294005R0       6743.48            -959.63           
09294006R0       7345.48            -773.37           
09294007R0       7600.48            -688.37           
09294008R0       8130.48            -513.37           
09321000D1       8730.48            -313.37           
09321001R0       8805.48            -288.37           
09321002R0       9625.48            -13.37            
09321003R0       9648.78            -3.37             
09321004R0       9827.78            56.33             
09321005R0       10405.78           251.33            
09321006R0       10825.78           391.33            
09321007R0       11225.78           526.33            
09321008R0       11635.78           661.33            
09324000D1       11814.78           719.85            
09324000D2       12104.78           213.33            
09324000D3       12104.78           196.33            
09324000D4       12104.78           37.33             
09324000D5       12104.78           -4.67             
09324000D6       12104.78           -39.52            
09324000D7       12104.78           -284.52           
09324000D8       12104.78           -290.67           
09324000D9       12104.78           -345.67           
09324000DA       12104.78           -369.67           
09324000DB       12104.78           -750.67           
09324001R0       12104.78           -945.67           
09324001D1       12104.78           -1294.67          
09324002R0       12104.78           -1600.67          
09324003R0       12012.78           -1692.67          
09323001R0       11927.78           -1777.67          
09323002R0       11927.78           -2172.67          
09323003R0       12367.78           -2612.67          
09323004R0       12547.78           -2792.67          
09323005R0       12772.78           -3017.67          
09323006R0       12772.78           -3637.67          
09323007R0       12772.78           -4072.67          
09323008R0       12772.78           -4877.67          
09314001R0       12772.78           -5057.67          
09314002R0       12772.78           -5182.67          
09324004R0       12133.48           -1629.67          
09323009R0       12133.48           -1744.67          
09323010R0       12133.48           -1984.67          
09323011R0       12133.48           -2249.67          
09323012R0       11843.48           -2539.67          
09323013R0       11843.48           -2849.67          
09323014R0       11729.48           -2849.67          
09323015R0       11729.48           -2949.67          
09322001R0       11439.48           -2949.67          
09322002R0       11119.48           -3269.67          
09322003R0       11119.48           -3389.67          
09322004R0       11119.48           -3724.67          
09292007R0       4077.77            -1630.60          
09292008R0       3998.78            -2566.22          
09292009R0       3368.78            -3196.22          
09292010R0       3048.78            -3516.22          
09203001R0       2431.67            -4122.29          
09203002R0       2158.78            -4086.22          
09203003R0       1858.78            -4086.22          
09203004R0       1588.78            -4086.22          
09203005R0       1458.78            -4086.22          
09203006R0       1458.78            -4156.22          
09203007R0       1318.78            -4156.22          
09203008R0       1273.78            -4136.22          
09203009R0       1073.78            -4086.22          
09203010R0       783.78             -4036.22          
09203011R0       683.78             -4036.22          
09203012R0       563.78             -4036.22          
09203013R0       423.78             -4036.22          
09301002R0       2438.78            -4474.65          
09301003R0       2438.78            -4656.22          
09301004R0       2438.78            -4926.22          
09301005R0       2438.78            -4986.22          
09301006R0       2438.78            -5241.22          
09301007R0       2438.78            -5526.22          
09194001R0       2393.78            -5571.22          
09194002R0       2359.78            -5605.22          
09194003R0       2359.78            -5671.22          
09194004R0       2317.78            -5713.22          
09194005R0       2209.78            -5713.22          
09194006R0       2040.78            -5713.22          
09194007R0       2040.78            -5912.22          
09194008R0       2013.78            -5939.22          
09194009R0       1928.78            -5939.22          
09194010R0       1913.78            -5954.22          
09194011R0       1913.78            -6064.22          
09194012R0       1893.78            -6084.22          
09194013R0       1709.78            -6084.22          
09194014R0       1694.78            -6099.22          
09194015R0       1594.78            -6402.22          
09194016R0       1564.78            -6499.22          
09194017R0       1514.78            -6656.22          
09292011R0       4198.78            -3206.22          
09292012R0       4198.78            -3476.22          
09301008R0       4198.78            -4236.22          
09301009R0       4198.78            -4561.22          
09301010R0       4198.78            -4918.22          
09301010D1       4048.78            -5254.22          
09301011R0       3898.78            -5566.22          
09301012R0       3748.78            -6016.22          
09301013R0       3648.78            -6336.22          
09301014R0       3588.78            -6516.22          
09302001R0       3788.78            -7086.22          
09302002R0       3758.78            -7196.22          
09302003R0       3688.78            -7408.22          
09302004R0       3673.78            -7453.22          
09302005R0       3398.78            -7728.22          
09302006R0       3398.78            -7963.22          
09302007R0       3398.78            -8063.22          
09302008R0       3438.78            -8103.22          
09302009R0       3518.78            -8123.22          
09302010R0       3528.78            -8153.22          
09302011R0       3428.78            -8538.22          
09302012R0       3438.78            -8568.22          
09302013R0       3433.51            -8605.29          
09302014R0       3219.78            -8629.22          
09193001R0       2920.78            -8649.22          
09193002R0       2920.78            -8720.22          
09193003R0       2770.78            -8720.22          
09193004R0       2770.78            -8950.22          
09193005R0       2770.78            -9210.22          
09302015R0       3513.78            -8588.22          
09302016R0       3613.78            -8902.22          
09302017R0       3713.78            -9424.22          
09251001R0       3713.78            -10064.22         
09251002R0       3863.78            -10379.22         
09292013R0       5331.70            -2401.44          
09292014R0       5322.24            -2873.86          
09292015R0       5322.24            -3333.86          
09292016R0       5322.24            -3659.86          
09292017R0       5322.24            -3986.86          
09301015R0       5522.24            -4609.86          
09304001R0       5722.24            -5012.75          
09304002R0       5722.24            -5133.75          
09304002D1       5722.24            -5259.86          
09304003R0       5722.24            -5541.86          
09304004R0       5772.24            -6562.86          
09304005R0       5860.74            -6651.36          
09304006R0       6016.74            -6807.36          
09304007R0       6066.74            -6997.36          
09304008R0       6116.74            -7027.36          
09304009R0       6331.74            -7027.36          
09304010R0       6511.74            -7397.36          
09303001R0       6691.74            -7752.36          
09303002R0       6691.74            -7862.36          
09303003R0       6733.74            -7862.36          
09303004R0       6916.74            -7862.36          
09303005R0       7230.74            -7942.36          
09303006R0       7342.74            -8054.36          
09303007R0       7572.74            -8284.36          
09303008R0       7572.74            -8385.36          
09303009R0       7542.74            -8537.36          
09303010R0       7512.74            -8721.36          
09303011R0       7480.74            -8753.36          
09303012R0       7698.11            -8976.01          
09303013R0       7770.11            -9048.01          
09303014R0       7863.11            -9068.01          
09303015R0       7863.11            -9145.01          
09303016R0       7966.11            -9248.01          
09303017R0       7981.11            -9268.01          
09294009R0       5487.87            -1320.18          
09294010R0       5686.14            -1268.08          
09294011R0       5855.61            -1266.12          
09294012R0       5988.51            -1268.08          
09293001R0       5990.87            -1651.11          
09293002R0       5988.51            -2010.63          
09293003R0       6059.52            -2591.25          
09293004R0       6141.52            -2591.25          
09293005R0       6141.52            -2875.25          
09293006R0       6161.52            -2966.25          
09293007R0       6681.52            -3486.25          
09293008R0       6679.15            -3646.25          
09293009R0       6679.15            -3711.25          
09293010R0       6761.52            -4180.25          
09293011R0       6868.15            -4289.25          
09293012R0       7297.52            -4289.25          
09293013R0       7517.52            -4249.25          
09293014R0       7703.52            -4249.25          
09293015R0       7703.52            -4132.25          
09293016R0       7862.52            -4122.25          
09293017R0       8000.52            -4112.25          
09293018R0       8049.52            -4092.25          
09293019R0       8399.52            -4082.25          
09304011R0       8419.52            -4050.25          
09304012R0       8419.52            -3885.25          
09304013R0       8469.52            -3835.25          
09311001R0       8649.52            -3865.25          
09311002R0       8649.52            -3770.25          
09311003R0       8716.52            -3770.25          
09311004R0       8788.52            -3770.25          
09321010R0       10970.16           -1333.66          
09321009R0       10970.53           -1268.18          
09321028R0       9826.16            3044.48           
09321027R0       10014.18           2817.14           
09321026R0       10055.86           2775.73           
09321025R0       10148.86           2633.86           
09321024R0       10317.72           2387.43           
09321023R0       10259.23           2299.17           
09321022R0       10264.69           2264.53           
09321021R0       10351.34           2106.73           
09321020R0       10339.46           1801.90           
09321019R0       10107.75           1812.50           
09321018R0       9841.32            1816.44           
09321017R0       9842.79            1758.82           
09321016R0       9842.79            1452.60           
09321015R0       9613.91            1452.60           
09321014R0       9618.66            1278.25           
09321013R0       9623.41            1115.72           
09321012R0       9623.41            767.30            
09321011R0       9620.13            431.26            
09321032R0       9310.46            -456.25           
09321031R0       8841.44            -455.41           
09321030R0       8806.70            -454.82           
09321029R0       8808.22            -311.31           
09321035R0       8803.77            465.14            
09321034R0       8803.77            187.40            
09321037R0       8809.35            863.24            
09321036R0       8763.31            463.99            
09294014R0       7600.35            -481.05           
09294013R0       7600.35            -788.31           
09312019R0       10386.98           -9987.22          
09312018R0       10204.12           -9806.87          
09312017R0       10031.82           -9573.70          
09312016R0       10026.95           -9284.50          
09312015R0       10026.95           -8970.67          
09312014R0       9770.76            -8979.44          
09312013R0       9768.73            -8682.61          
09312012R0       9628.69            -8527.72          
09312011R0       9593.68            -8401.87          
09312010R0       9547.00            -8421.24          
09312009R0       9383.62            -8518.04          
09312008R0       9290.26            -8537.40          
09312007R0       9185.22            -8392.19          
09312006R0       9126.87            -8411.55          
09312005R0       8951.82            -8576.13          
09312004R0       8893.47            -8566.45          
09312003R0       8811.78            -8459.96          
09312002R0       8553.56            -8459.96          
09312001R0       8483.54            -8392.19          
09303020R0       8201.99            -8392.19          
09303019R0       8073.62            -8334.11          
09303018R0       8073.62            -8498.68          
09312020R0       10649.09           -10126.43         
09312025R0       8571.21            -8823.87          
09312024R0       8592.38            -8803.97          
09312023R0       8592.38            -8759.48          
09312022R0       8504.88            -8637.74          
09312021R0       8504.88            -8511.30          

[MAP]
DIMENSIONS 423.78 -10379.22 12772.78 3044.48
Units      None

[REPORT]
INPUT            YES
SUBCATCHMENTS    ALL
NODES            ALL
LINKS            ALL



