;; SWMM5 .inp converted from XPSWMM .xp file
;; Generated by XPSWMM Card Reader
;; Source format: XP_CARD | Original title: TEST RUN ON RIVERSIDE SEWER SYSTEM

[TITLE]
;;Project Title/Notes
TEST RUN ON RIVERSIDE SEWER SYSTEM

[OPTIONS]
FLOW_UNITS           CFS
INFILTRATION         HORTON
FLOW_ROUTING         DYNWAVE
LINK_OFFSETS         DEPTH
MIN_SLOPE            0.0
ALLOW_PONDING        NO
SKIP_STEADY_STATE    NO
ROUTING_STEP         00:00:30
VARIABLE_STEP        0.75
INERTIAL_DAMPING     PARTIAL
NORMAL_FLOW_LIMITED  BOTH
MAX_TRIALS           50
HEAD_TOLERANCE       0.0033

[JUNCTIONS]
;;Name           Elev       MaxDepth   InitDepth  SurDepth   Aponded
;;-------------- ---------- ---------- ---------- ---------- ----------
6S880            575.97     0          0          0          0
6S879            576.05     0          0          0          0
6S878            575.56     0          0          0          0
6S877            576.02     0          0          0          0
6S876            577.67     0          0          0          0
6S875            577.49     0          0          0          0
6S874            577.49     0          0          0          0
6S873            576.71     0          0          0          0
6S871            576.40     0          0          0          0
7S870            578.44     0          0          0          0
7S777            576.36     0          0          0          0
6S776            577.62     0          0          0          0
6S775            577.73     0          0          0          0
6S774            578.14     0          0          0          0
6S751            578.27     0          0          0          0
6S716            578.38     0          0          0          0
6S715            578.85     0          0          0          0
6S415            579.13     0          0          0          0
6S395            578.45     0          0          0          0
6S1053           579.24     0          0          0          0
6S355            579.45     0          0          0          0
6S354            579.96     0          0          0          0
6S333            579.79     0          0          0          0
6S311            580.70     0          0          0          0
6S295            581.50     0          0          0          0
6266             581.12     0          0          0          0
6242             583.58     0          0          0          0
6241             583.91     0          0          0          0
6S219            585.06     0          0          0          0
6S240            584.19     0          0          0          0
6S934            586.24     0          0          0          0
6S239            588.28     0          0          0          0
6S183            587.57     0          0          0          0
6S167            589.05     0          0          0          0
6S141            590.85     0          0          0          0
6S121            590.94     0          0          0          0
6S103            591.29     0          0          0          0
6S84             592.66     0          0          0          0
6S64             592.84     0          0          0          0
6S61             594.24     0          0          0          0
6S60             595.48     0          0          0          0
7S904            596.82     0          0          0          0
7S905            597.06     0          0          0          0
7S907            599.06     0          0          0          0
7S25             599.48     0          0          0          0
7S24             599.86     0          0          0          0
7S23             600.34     0          0          0          0
7S22             600.83     0          0          0          0
7S21             601.71     0          0          0          0
7S20             601.05     0          0          0          0
7S19             602.30     0          0          0          0
7S18             601.20     0          0          0          0
7S17             601.95     0          0          0          0
7S16             602.91     0          0          0          0
7S35             602.21     0          0          0          0
7S53             601.99     0          0          0          0
7S               602.15     0          0          0          0
7S54             602.31     0          0          0          0
7S55             603.20     0          0          0          0
7S56             603.40     0          0          0          0
7S57             603.60     0          0          0          0
7S58             603.80     0          0          0          0
7S59             604.00     0          0          0          0
7S60             604.20     0          0          0          0
7S61             604.40     0          0          0          0
7S62             604.60     0          0          0          0
7SA365           604.80     0          0          0          0
7S64             605.00     0          0          0          0
7S65             605.20     0          0          0          0
7S66             605.30     0          0          0          0
7S1266           605.40     0          0          0          0
7S1267           605.93     0          0          0          0
7S1268           606.00     0          0          0          0
6S75             585.00     0          0          0          0
6S132            584.00     0          0          0          0
6S193            584.00     0          0          0          0
6S230            580.00     0          0          0          0
6S320            578.00     0          0          0          0
6S345            578.50     0          0          0          0
6S424            578.50     0          0          0          0
6S432            576.00     0          0          0          0
6S431            576.00     0          0          0          0
6S1103           578.00     0          0          0          0
6S839            574.00     0          0          0          0
6S501            578.00     0          0          0          0
6S4              578.00     0          0          0          0
6S3              574.50     0          0          0          0
6S2              575.20     0          0          0          0
6S1              578.60     0          0          0          0
PS               578.00     0          0          0          0
6S494            578.00     0          0          0          0
6S477            576.00     0          0          0          0
6S979            573.00     0          0          0          0
6S699            578.00     0          0          0          0
6S881            578.60     0          0          0          0
7S6              600.00     0          0          0          0
7S1              600.00     0          0          0          0
7C56             594.00     0          0          0          0
7C67             594.20     0          0          0          0
7S15             594.20     0          0          0          0
7C69             594.20     0          0          0          0
7S34             590.00     0          0          0          0
7C59             590.00     0          0          0          0
7C21             599.00     0          0          0          0
7C147            600.00     0          0          0          0
7C1              590.00     0          0          0          0
7R574            595.00     0          0          0          0
7c35             597.00     0          0          0          0
7c34             597.00     0          0          0          0
7c45             597.00     0          0          0          0
6s749            580.00     0          0          0          0
7c72             591.60     0          0          0          0
jeffPS           593.46     0          0          0          0
DRAIN            587.00     0          0          0          0
OUTLET           578.00     0          0          0          0
OUTFAL           587.00     0          0          0          0
7c56s            590.00     0          0          0          0
7c45s            590.00     0          0          0          0
7c34s            590.00     0          0          0          0

[CONDUITS]
;;Name           From             To               Length     Roughness  InOffset   OutOffset  InitFlow   MaxFlow
;;-------------- ---------------- ---------------- ---------- ---------- ---------- ---------- ---------- ----------
105              6S874            6S875            463.50     0.0150     557.43     556.51     0          0
104              6S875            6S876            440.00     0.0150     556.51     556.67     0          0
103              6S876            6S877            478.00     0.0150     556.67     556.32     0          0
102              6S877            6S878            443.00     0.0150     556.34     555.56     0          0
101              6S878            6S879            229.60     0.0150     555.56     555.78     0          0
100              6S879            6S880            237.50     0.0150     555.78     555.50     0          0
106              6S873            6S874            504.00     0.0150     557.68     557.43     0          0
107              6S871            6S873            569.50     0.0150     558.39     557.69     0          0
108              7S870            6S871            495.00     0.0150     559.32     558.27     0          0
109              7S777            7S870            493.00     0.0150     559.98     559.32     0          0
110              6S776            7S777            330.00     0.0150     559.87     559.98     0          0
111              6S775            6S776            373.00     0.0150     559.90     559.89     0          0
112              6S774            6S775            257.00     0.0150     560.93     560.20     0          0
114              6S716            6S751            332.70     0.0150     561.31     561.06     0          0
115              6S715            6S716            302.10     0.0150     561.85     561.39     0          0
116              6S415            6S715            311.70     0.0150     562.60     561.85     0          0
113              6S751            6S774            79.50      0.0150     560.94     560.93     0          0
117              6S395            6S415            284.00     0.0150     562.68     562.68     0          0
118              6S1053           6S395            302.00     0.0150     563.11     562.71     0          0
119              6S355            6S1053           169.10     0.0150     563.42     563.13     0          0
120              6S354            6S355            150.50     0.0150     563.45     563.47     0          0
121              6S333            6S354            308.00     0.0150     563.67     563.60     0          0
122              6S311            6S333            319.00     0.0150     563.98     563.77     0          0
123              6S295            6S311            305.70     0.0150     564.28     564.03     0          0
124              6266             6S295            373.20     0.0150     564.85     564.33     0          0
125              6242             6266             331.50     0.0150     565.50     564.85     0          0
126              6241             6242             297.60     0.0150     565.78     565.50     0          0
127              6S219            6241             742.20     0.0150     566.40     565.78     0          0
128              6S240            6S219            372.80     0.0150     567.03     566.40     0          0
129              6S934            6S240            310.00     0.0150     567.40     567.03     0          0
130              6S239            6S934            179.80     0.0150     567.15     567.18     0          0
131              6S183            6S239            212.30     0.0150     567.71     567.32     0          0
132              6S167            6S183            374.70     0.0150     569.73     568.01     0          0
133              6S141            6S167            324.30     0.0150     569.29     569.78     0          0
134              6S121            6S141            317.50     0.0150     570.09     569.25     0          0
135              6S103            6S121            245.00     0.0150     569.80     570.21     0          0
136              6S84             6S103            247.50     0.0150     570.07     569.93     0          0
137              6S64             6S84             243.50     0.0150     570.24     570.12     0          0
138              6S61             6S64             150.00     0.0150     570.41     570.34     0          0
139              6S60             6S61             562.50     0.0150     571.00     570.51     0          0
140              7S904            6S60             532.00     0.0150     572.17     571.17     0          0
141              7S905            7S904            325.00     0.0150     572.80     572.17     0          0
142              7S907            7S905            350.00     0.0130     573.36     572.80     0          0
143              7S25             7S907            350.00     0.0130     573.90     573.36     0          0
144              7S24             7S25             346.00     0.0130     574.44     573.90     0          0
145              7S23             7S24             356.00     0.0130     574.80     574.44     0          0
146              7S22             7S23             348.00     0.0150     575.33     574.80     0          0
147              7S21             7S22             366.50     0.0130     576.07     575.33     0          0
148              7S20             7S21             338.50     0.0130     576.61     576.19     0          0
149              7S19             7S20             350.50     0.0130     577.06     576.61     0          0
150              7S18             7S19             348.80     0.0130     577.74     577.02     0          0
151              7S17             7S18             325.50     0.0130     579.10     577.31     0          0
152              7S16             7S17             382.00     0.0130     580.16     579.28     0          0
153              7S35             7S16             116.50     0.0130     580.47     580.37     0          0
154              7S53             7S35             363.50     0.0130     581.27     580.47     0          0
155              7S               7S53             340.00     0.0130     582.03     581.29     0          0
156              7S54             7S               75.60      0.0130     582.45     582.05     0          0
157              7S55             7S54             276.80     0.0130     583.19     582.56     0          0
158              7S56             7S55             266.10     0.0130     583.68     583.30     0          0
159              7S57             7S56             265.80     0.0130     584.13     583.69     0          0
160              7S58             7S57             287.20     0.0130     584.57     584.13     0          0
161              7S59             7S58             327.80     0.0140     584.22     584.57     0          0
162              7S60             7S59             306.20     0.0140     585.64     584.23     0          0
163              7S61             7S60             302.20     0.0140     586.02     585.59     0          0
164              7S62             7S61             147.30     0.0140     586.18     586.05     0          0
165              7SA365           7S62             312.00     0.0140     586.69     586.23     0          0
166              7S64             7SA365           138.00     0.0140     586.89     586.69     0          0
167              7S65             7S64             104.00     0.0140     587.23     586.99     0          0
168              7S66             7S65             168.30     0.0140     587.39     587.25     0          0
169              7S1266           7S66             279.00     0.0140     587.52     587.44     0          0
170              7S1267           7S1266           280.30     0.0140     588.03     587.52     0          0
171              7S1268           7S1267           237.70     0.0140     588.17     588.03     0          0
7000             6S64             6S75             2375.00    0.0140     584.71     575.98     0          0
6000             6S121            6S132            2375.00    0.0140     583.46     575.71     0          0
510              6S75             6S132            734.00     0.0140     575.57     574.32     0          0
5000             6S183            6S193            2356.00    0.0140     581.11     573.55     0          0
509              6S132            6S193            1022.00    0.0140     574.56     571.54     0          0
4000             6S219            6S230            2395.00    0.0140     577.63     568.80     0          0
508              6S193            6S230            1035.00    0.0140     571.39     569.07     0          0
3000             6S311            6S320            2540.00    0.0140     571.68     566.80     0          0
507              6S230            6S320            2026.00    0.0140     568.80     563.53     0          0
2000             6S333            6S345            2656.00    0.0140     572.87     565.98     0          0
506              6S320            6S345            293.00     0.0140     565.57     564.56     0          0
1000             6S415            6S424            2520.00    0.0140     570.03     565.13     0          0
505              6S345            6S424            1228.00    0.0140     564.53     563.39     0          0
500              6S432            6S431            640.00     0.0140     559.59     558.94     0          0
504              6S424            6S1103           1034.00    0.0140     563.41     562.71     0          0
503              6S1103           6S839            1002.00    0.0140     562.71     562.12     0          0
502              6S839            6S501            2145.00    0.0140     562.10     560.50     0          0
501              6S501            6S432            1339.00    0.0140     560.49     559.59     0          0
602              6S4              6S3              1419.00    0.0140     558.58     557.79     0          0
601              6S3              6S2              2013.00    0.0140     557.79     556.21     0          0
600              6S2              6S1              1460.00    0.0140     556.21     554.41     0          0
8000             6S2              6S501            803.00     0.0140     562.29     560.83     0          0
9000             6S3              6S839            834.00     0.0140     565.79     563.95     0          0
700              6S494            PS               290.00     0.0150     555.00     549.89     0          0
701              6S477            6S494            2295.00    0.0150     552.92     549.89     0          0
702              6S979            6S477            2670.00    0.0150     558.06     553.07     0          0
703              6S699            6S979            2494.00    0.0150     563.09     558.06     0          0
705              6S345            6S699            126.00     0.0150     565.74     566.46     0          0
704              6S320            6S699            333.00     0.0150     566.93     562.84     0          0
1501             7S6              6S60             662.00     0.0150     574.39     572.71     0          0
1500             7S1              7S6              1119.00    0.0150     577.81     574.39     0          0
1S20             7C67             7S15             30.00      0.0150     579.31     579.26     0          0
1C19             7C67             7C69             206.00     0.0150     579.84     579.37     0          0
1S01             7S34             7S18             1856.00    0.0150     580.92     577.89     0          0
1C00             7C147            7C1              1732.00    0.0150     588.64     584.84     0          0
1C01             7C1              7C59             1613.00    0.0150     584.84     583.10     0          0
486              ?                ?                650.00     0.0150     582.65     581.58     0          0
2c00             7C21             7c35             1148.00    0.0150     591.99     586.80     0          0
2c01             7c35             7C59             1313.00    0.0150     586.80     582.75     0          0
1c22             7c34             7c45             463.00     0.0150     583.37     582.74     0          0
1c21             7c45             7C56             532.00     0.0150     582.65     581.27     0          0
1c20             7C56             7C67             733.00     0.0150     581.39     579.84     0          0
751              6s749            6S751            812.50     0.0150     563.27     561.56     0          0
HAWK1            7C69             7c72             1000.00    0.0150     579.45     574.20     0          0
700B             6S881            OUTLET           50.00      0.0150     553.35     553.25     0          0
520              ?                ?                100.00     0.0150     582.90     582.00     0          0
1s210            7c56s            7c45s            527.00     0.0150     577.23     575.43     0          0
1s220            7c45s            7c34s            468.00     0.0150     575.43     574.03     0          0
1s230            7c34s            6S60             485.00     0.0150     574.03     572.71     0          0

[ORIFICES]
;;Name           From             To               Type       Offset     Qcoeff     Gated    CloseTime
;;-------------- ---------------- ---------------- ---------- ---------- ---------- -------- ----------
HAWK2            7c72             jeffPS           SIDE       574.20     0.650      NO       0
1S00             7C59             7S34             SIDE       582.73     0.650      NO       0
or3              7c34             7c34s            SIDE       583.37     0.650      NO       0
or2              7c45             7c45s            SIDE       582.65     0.650      NO       0
or1              7C56             7c56s            SIDE       581.27     0.650      NO       0
1s200            7S15             7c56s            SIDE       579.26     0.650      NO       0

[PUMPS]
;;Name           From             To               PumpCurve  Status   Startup    Shutoff
;;-------------- ---------------- ---------------- ---------- -------- ---------- ----------
700A             PS               6S881            PC_700A    ON       552.50     551.00    
HAWKDR           jeffPS           DRAIN            PC_HAWKDR  ON       580.30     577.30    

[CURVES]
;;Name           Type       X-Value    Y-Value
;;-------------- ---------- ---------- ----------
PC_700A          Pump4      0          0
;
PC_HAWKDR        Pump4      0          0
;

[XSECTIONS]
;;Link           Shape        Geom1      Geom2      Geom3      Geom4      Barrels
;;-------------- ------------ ---------- ---------- ---------- ---------- ----------
105              CIRCULAR     3.00       0          0          0          1
104              CIRCULAR     3.00       0          0          0          1
103              CIRCULAR     3.00       0          0          0          1
102              CIRCULAR     3.00       0          0          0          1
101              CIRCULAR     3.00       0          0          0          1
100              CIRCULAR     3.00       0          0          0          1
106              CIRCULAR     3.00       0          0          0          1
107              CIRCULAR     3.00       0          0          0          1
108              CIRCULAR     3.00       0          0          0          1
109              CIRCULAR     3.00       0          0          0          1
110              CIRCULAR     3.00       0          0          0          1
111              CIRCULAR     3.00       0          0          0          1
112              CIRCULAR     3.00       0          0          0          1
114              CIRCULAR     3.00       0          0          0          1
115              CIRCULAR     3.00       0          0          0          1
116              CIRCULAR     3.00       0          0          0          1
113              CIRCULAR     3.00       0          0          0          1
117              CIRCULAR     2.75       0          0          0          1
118              CIRCULAR     2.75       0          0          0          1
119              CIRCULAR     2.75       0          0          0          1
120              CIRCULAR     2.75       0          0          0          1
121              CIRCULAR     2.75       0          0          0          1
122              CIRCULAR     2.75       0          0          0          1
123              CIRCULAR     2.75       0          0          0          1
124              CIRCULAR     2.75       0          0          0          1
125              CIRCULAR     2.75       0          0          0          1
126              CIRCULAR     2.75       0          0          0          1
127              CIRCULAR     2.75       0          0          0          1
128              CIRCULAR     2.75       0          0          0          1
129              CIRCULAR     2.75       0          0          0          1
130              CIRCULAR     2.75       0          0          0          1
131              CIRCULAR     2.75       0          0          0          1
132              CIRCULAR     2.50       0          0          0          1
133              CIRCULAR     2.50       0          0          0          1
134              CIRCULAR     2.50       0          0          0          1
135              CIRCULAR     2.50       0          0          0          1
136              CIRCULAR     2.50       0          0          0          1
137              CIRCULAR     2.50       0          0          0          1
138              CIRCULAR     2.50       0          0          0          1
139              CIRCULAR     2.50       0          0          0          1
140              CIRCULAR     2.25       0          0          0          1
141              CIRCULAR     2.25       0          0          0          1
142              CIRCULAR     2.25       0          0          0          1
143              CIRCULAR     2.25       0          0          0          1
144              CIRCULAR     2.25       0          0          0          1
145              CIRCULAR     2.25       0          0          0          1
146              CIRCULAR     2.25       0          0          0          1
147              CIRCULAR     2.25       0          0          0          1
148              CIRCULAR     2.25       0          0          0          1
149              CIRCULAR     2.25       0          0          0          1
150              CIRCULAR     2.25       0          0          0          1
151              CIRCULAR     1.50       0          0          0          1
152              CIRCULAR     1.50       0          0          0          1
153              CIRCULAR     1.50       0          0          0          1
154              CIRCULAR     1.50       0          0          0          1
155              CIRCULAR     1.50       0          0          0          1
156              CIRCULAR     0.83       0          0          0          1
157              CIRCULAR     1.33       0          0          0          1
158              CIRCULAR     1.33       0          0          0          1
159              CIRCULAR     1.33       0          0          0          1
160              CIRCULAR     1.33       0          0          0          1
161              CIRCULAR     1.33       0          0          0          1
162              CIRCULAR     1.33       0          0          0          1
163              CIRCULAR     1.33       0          0          0          1
164              CIRCULAR     1.33       0          0          0          1
165              CIRCULAR     1.33       0          0          0          1
166              CIRCULAR     1.33       0          0          0          1
167              CIRCULAR     1.33       0          0          0          1
168              CIRCULAR     1.33       0          0          0          1
169              CIRCULAR     1.33       0          0          0          1
170              CIRCULAR     1.33       0          0          0          1
171              CIRCULAR     1.33       0          0          0          1
7000             CIRCULAR     1.50       0          0          0          1
6000             CIRCULAR     1.50       0          0          0          1
510              CIRCULAR     1.25       0          0          0          1
5000             CIRCULAR     1.25       0          0          0          1
509              CIRCULAR     1.25       0          0          0          1
4000             CIRCULAR     1.00       0          0          0          1
508              CIRCULAR     1.25       0          0          0          1
3000             CIRCULAR     1.50       0          0          0          1
507              CIRCULAR     1.25       0          0          0          1
2000             CIRCULAR     1.50       0          0          0          1
506              CIRCULAR     1.75       0          0          0          1
1000             CIRCULAR     2.00       0          0          0          1
505              CIRCULAR     1.75       0          0          0          1
500              RECT_CLOSED  3.25       3.08       0          0          1
504              CIRCULAR     1.75       0          0          0          1
503              CIRCULAR     2.00       0          0          0          1
502              CIRCULAR     2.00       0          0          0          1
501              CIRCULAR     2.00       0          0          0          1
602              CIRCULAR     3.00       0          0          0          1
601              CIRCULAR     3.00       0          0          0          1
600              CIRCULAR     3.00       0          0          0          1
8000             CIRCULAR     2.25       0          0          0          1
9000             CIRCULAR     1.75       0          0          0          1
700              CIRCULAR     2.25       0          0          0          1
701              CIRCULAR     2.25       0          0          0          1
702              CIRCULAR     2.25       0          0          0          1
703              CIRCULAR     2.00       0          0          0          1
705              CIRCULAR     1.00       0          0          0          1
704              CIRCULAR     2.00       0          0          0          1
1501             CIRCULAR     1.25       0          0          0          1
1500             CIRCULAR     1.25       0          0          0          1
1S20             CIRCULAR     1.25       0          0          0          1
1C19             CIRCULAR     3.00       0          0          0          1
1S01             CIRCULAR     2.00       0          0          0          1
1C00             CIRCULAR     3.50       0          0          0          1
1C01             CIRCULAR     5.00       0          0          0          1
486              RECT_CLOSED  5.00       5.50       0          0          1
2c00             CIRCULAR     4.00       4.42       0          0          1
2c01             CIRCULAR     4.00       4.42       0          0          1
1c22             CIRCULAR     2.50       0          0          0          1
1c21             CIRCULAR     2.50       0          0          0          1
1c20             CIRCULAR     3.00       0          0          0          1
751              CIRCULAR     2.00       0          0          0          1
HAWK1            CIRCULAR     3.00       0          0          0          1
700B             CIRCULAR     2.25       0          0          0          1
520              HORSESHOE    4.00       6.50       0          0          1
1s210            CIRCULAR     1.25       0          0          0          1
1s220            CIRCULAR     1.25       0          0          0          1
1s230            CIRCULAR     1.25       0          0          0          1
HAWK2            RECT_CLOSED  3.00       0          0          0          
1S00             RECT_CLOSED  2.00       0          0          0          
or3              RECT_CLOSED  0.83       0          0          0          
or2              RECT_CLOSED  0.83       0          0          0          
or1              RECT_CLOSED  0.83       0          0          0          
1s200            RECT_CLOSED  1.25       0          0          0          

[LOSSES]
;;Link           Inlet      Outlet     Average    Flap Gate
;;-------------- ---------- ---------- ---------- ----------
105              0          0          0          NO
104              0          0          0          NO
103              0          0          0          NO
102              0          0          0          NO
101              0          0          0          NO
100              0          0          0          NO
106              0          0          0          NO
107              0          0          0          NO
108              0          0          0          NO
109              0          0          0          NO
110              0          0          0          NO
111              0          0          0          NO
112              0          0          0          NO
114              0          0          0          NO
115              0          0          0          NO
116              0          0          0          NO
113              0          0          0          NO
117              0          0          0          NO
118              0          0          0          NO
119              0          0          0          NO
120              0          0          0          NO
121              0          0          0          NO
122              0          0          0          NO
123              0          0          0          NO
124              0          0          0          NO
125              0          0          0          NO
126              0          0          0          NO
127              0          0          0          NO
128              0          0          0          NO
129              0          0          0          NO
130              0          0          0          NO
131              0          0          0          NO
132              0          0          0          NO
133              0          0          0          NO
134              0          0          0          NO
135              0          0          0          NO
136              0          0          0          NO
137              0          0          0          NO
138              0          0          0          NO
139              0          0          0          NO
140              0          0          0          NO
141              0          0          0          NO
142              0          0          0          NO
143              0          0          0          NO
144              0          0          0          NO
145              0          0          0          NO
146              0          0          0          NO
147              0          0          0          NO
148              0          0          0          NO
149              0          0          0          NO
150              0          0          0          NO
151              0          0          0          NO
152              0          0          0          NO
153              0          0          0          NO
154              0          0          0          NO
155              0          0          0          NO
156              0          0          0          NO
157              0          0          0          NO
158              0          0          0          NO
159              0          0          0          NO
160              0          0          0          NO
161              0          0          0          NO
162              0          0          0          NO
163              0          0          0          NO
164              0          0          0          NO
165              0          0          0          NO
166              0          0          0          NO
167              0          0          0          NO
168              0          0          0          NO
169              0          0          0          NO
170              0          0          0          NO
171              0          0          0          NO
7000             0          0          0          NO
6000             0          0          0          NO
510              0          0          0          NO
5000             0          0          0          NO
509              0          0          0          NO
4000             0          0          0          NO
508              0          0          0          NO
3000             0          0          0          NO
507              0          0          0          NO
2000             0          0          0          NO
506              0          0          0          NO
1000             0          0          0          NO
505              0          0          0          NO
500              0          0          0          NO
504              0          0          0          NO
503              0          0          0          NO
502              0          0          0          NO
501              0          0          0          NO
602              0          0          0          NO
601              0          0          0          NO
600              0          0          0          NO
8000             0          0          0          NO
9000             0          0          0          NO
700              0          0          0          NO
701              0          0          0          NO
702              0          0          0          NO
703              0          0          0          NO
705              0          0          0          NO
704              0          0          0          NO
1501             0          0          0          NO
1500             0          0          0          NO
1S20             0          0          0          NO
1C19             0          0          0          NO
1S01             0          0          0          NO
1C00             0          0          0          NO
1C01             0          0          0          NO
486              0          0          0          NO
2c00             0          0          0          NO
2c01             0          0          0          NO
1c22             0          0          0          NO
1c21             0          0          0          NO
1c20             0          0          0          NO
751              0          0          0          NO
HAWK1            0          0          0          NO
700B             0          0          0          NO
520              0          0          0          NO
1s210            0          0          0          NO
1s220            0          0          0          NO
1s230            0          0          0          NO

[INFLOWS]
;;Node           Constituent  Time Series      Type     Mfactor  Sfactor  Baseline Pattern
;;-------------- ------------ ---------------- -------- -------- -------- -------- --------
6S311            FLOW         ""               FLOW     1.0      1.0      3.00
6S121            FLOW         ""               FLOW     1.0      1.0      3.00
6S61             FLOW         ""               FLOW     1.0      1.0      3.00
7S1268           FLOW         ""               FLOW     1.0      1.0      10.00
6S75             FLOW         ""               FLOW     1.0      1.0      10.00

[COORDINATES]
;;Node           X-Coord            Y-Coord
;;-------------- ------------------ ------------------
6S880            24.15              132.34            
6S879            59.19              135.48            
6S878            89.01              131.16            
6S877            121.67             126.45            
6S876            171.38             136.26            
6S875            162.39             70.69             
6S874            156.71             17.28             
6S873            152.93             -16.49            
6S871            151.04             -60.48            
7S870            146.30             -99.35            
7S777            144.41             -129.98           
6S776            143.46             -165.32           
6S775            142.51             -214.80           
6S774            142.04             -253.29           
6S751            142.04             -296.88           
6S716            141.57             -335.75           
6S715            140.62             -381.31           
6S415            139.67             -417.83           
6S395            140.62             -448.85           
6S1053           142.04             -485.37           
6S355            142.04             -524.25           
6S354            142.04             -559.98           
6S333            143.93             -598.07           
6S311            142.04             -631.45           
6S295            143.93             -664.44           
6266             144.88             -698.21           
6242             145.35             -728.45           
6241             145.83             -760.26           
6S219            146.78             -796.78           
6S240            146.30             -834.08           
6S934            145.35             -864.32           
6S239            147.72             -902.41           
6S183            147.72             -938.54           
6S167            150.09             -978.20           
6S141            151.98             -1011.58          
6S121            149.14             -1047.32          
6S103            150.09             -1086.59          
6S84             150.09             -1124.68          
6S64             149.14             -1153.74          
6S61             149.14             -1194.97          
6S60             177.55             -1194.58          
7S904            203.58             -1193.40          
7S905            232.46             -1190.26          
7S907            256.60             -1189.86          
7S25             291.15             -1190.26          
7S24             310.09             -1193.40          
7S23             329.97             -1192.61          
7S22             355.90             -1187.90          
7S21             377.68             -1187.90          
7S20             401.35             -1187.12          
7S19             430.23             -1185.54          
7S18             456.26             -1184.37          
7S17             487.02             -1182.40          
7S16             512.11             -1180.83          
7S35             514.01             -1163.55          
7S53             542.88             -1160.41          
7S               568.45             -1156.88          
7S54             578.39             -1155.31          
7S55             595.90             -1162.77          
7S56             614.84             -1161.98          
7S57             651.71             -1157.66          
7S58             680.11             -1155.31          
7S59             701.89             -1154.91          
7S60             722.72             -1155.31          
7S61             750.22             -1155.31          
7S62             765.84             -1162.77          
7SA365           789.98             -1177.69          
7S64             806.55             -1185.94          
7S65             831.17             -1186.72          
7S66             853.89             -1185.54          
7S1266           886.56             -1186.33          
7S1267           911.17             -1186.72          
7S1268           926.32             -1186.33          
6S75             -42.45             -1174.40          
6S132            -41.27             -1069.17          
6S193            -39.93             -961.83           
6S230            -37.22             -842.49           
6S320            -34.88             -668.76           
6S345            -34.45             -636.18           
6S424            -33.50             -439.18           
6S432            -31.74             127.71            
6S431            9.45               131.24            
6S1103           -30.47             -318.61           
6S839            -30.40             -147.92           
6S501            -30.05             4.88              
6S4              34.96              -319.46           
6S3              32.12              -143.93           
6S2              32.59              -3.51             
6S1              21.23              111.65            
PS               -264.69            143.01            
6S494            -281.26            107.67            
6S477            -345.17            21.28             
6S979            -349.90            -300.73           
6S699            -70.60             -636.49           
6S881            -22.93             155.18            
7S6              175.86             -1213.04          
7S1              166.87             -1275.87          
7C56             191.48             -1013.60          
7C67             200.00             -946.84           
7S15             207.82             -949.59           
7C69             211.50             -915.17           
7S34             471.54             -966.83           
7C59             497.58             -967.82           
7C21             475.09             -1267.24          
7C147            684.81             -1181.44          
7C1              693.33             -971.74           
7R574            501.13             -911.27           
7c35             487.78             -1122.97          
7c34             175.34             -1140.24          
7c45             184.80             -1071.92          
6s749            231.20             -285.74           
7c72             219.84             -844.15           
jeffPS           227.41             -771.90           
DRAIN            225.52             -713.78           
OUTLET           -5.82              157.15            
OUTFAL           225.74             -688.95           
7c56s            200.26             -1014.98          
7c45s            193.15             -1073.88          
7c34s            184.16             -1143.76          

[MAP]
DIMENSIONS -349.90 -1275.87 926.32 157.15
Units      None

[REPORT]
INPUT            YES
SUBCATCHMENTS    ALL
NODES            ALL
LINKS            ALL



