;; SWMM5 .inp converted from XPSWMM .xp file
;; Generated by XPSWMM Card Reader
;; Source format: XP_CARD | Original title: (none)

[TITLE]
;;Project Title/Notes
Converted from XPSWMM .xp file

[OPTIONS]
FLOW_UNITS           CFS
INFILTRATION         HORTON
FLOW_ROUTING         DYNWAVE
LINK_OFFSETS         DEPTH
MIN_SLOPE            0.0
ALLOW_PONDING        NO
SKIP_STEADY_STATE    NO
INERTIAL_DAMPING     PARTIAL
NORMAL_FLOW_LIMITED  BOTH

[JUNCTIONS]
;;Name           Elev       MaxDepth   InitDepth  SurDepth   Aponded
;;-------------- ---------- ---------- ---------- ---------- ----------
42               7.89       0          0          0          0
41               9.42       0          0          0          0
40               9.57       0          0          0          0
39               9.98       0          0          0          0
47               10.10      0          0          0          0
46               8.42       0          0          0          0
45               8.64       0          0          0          0
43               9.48       0          0          0          0
44               8.47       0          0          0          0
37               8.32       0          0          0          0
36               9.11       0          0          0          0
33               9.75       0          0          0          0
30               7.88       0          0          0          0
34               8.92       0          0          0          0
32               8.51       0          0          0          0
31               8.67       0          0          0          0
35               9.04       0          0          0          0
52               6.36       0          0          0          0
50               7.51       0          0          0          0
51               6.62       0          0          0          0
49               5.72       0          0          0          0
54               7.25       0          0          0          0
55               5.74       0          0          0          0
56               5.85       0          0          0          0
57               6.44       0          0          0          0
58               6.08       0          0          0          0
59               6.47       0          0          0          0
60               7.12       0          0          0          0
61               7.01       0          0          0          0
62               6.19       0          0          0          0
63               5.67       0          0          0          0
64               5.27       0          0          0          0
2                6.60       0          0          0          0
3                6.60       0          0          0          0
6                6.80       0          0          0          0
4                6.70       0          0          0          0
5                6.70       0          0          0          0
67               6.29       0          0          0          0
66               6.29       0          0          0          0
13               12.71      0          0          0          0
12               12.02      0          0          0          0
11               12.10      0          0          0          0
10               10.16      0          0          0          0
29               11.97      0          0          0          0
9                9.01       0          0          0          0
8                7.57       0          0          0          0
15               11.29      0          0          0          0
14               9.73       0          0          0          0
7                6.80       0          0          0          0
27               18.23      0          0          0          0
26               16.96      0          0          0          0
25               16.92      0          0          0          0
24               16.69      0          0          0          0
28               17.86      0          0          0          0
23               16.76      0          0          0          0
22               14.31      0          0          0          0
21               12.85      0          0          0          0
20               10.70      0          0          0          0
19               9.83       0          0          0          0
18               9.15       0          0          0          0
16               7.64       0          0          0          0
17               9.34       0          0          0          0
88               6.53       0          0          0          0
87               6.27       0          0          0          0
86               6.05       0          0          0          0
85               5.54       0          0          0          0
81               6.12       0          0          0          0
80               4.83       0          0          0          0
106              5.42       0          0          0          0
84               6.58       0          0          0          0
83               5.38       0          0          0          0
82               5.14       0          0          0          0
98               11.28      0          0          0          0
90               10.70      0          0          0          0
91               10.70      0          0          0          0
92               9.37       0          0          0          0
93               9.08       0          0          0          0
99               23.00      0          0          0          0
78               9.39       0          0          0          0
97               9.57       0          0          0          0
96               9.18       0          0          0          0
95               9.55       0          0          0          0
94               10.45      0          0          0          0
79               9.30       0          0          0          0
77               8.57       0          0          0          0
76               7.29       0          0          0          0
75               6.72       0          0          0          0
73               7.39       0          0          0          0
74               6.73       0          0          0          0
72               8.96       0          0          0          0
71               7.44       0          0          0          0
111              6.30       0          0          0          0
114              7.20       0          0          0          0
109              6.91       0          0          0          0
108              7.23       0          0          0          0
70               5.23       0          0          0          0
69               5.61       0          0          0          0
68               5.16       0          0          0          0
100              6.08       0          0          0          0
112              7.06       0          0          0          0
102              7.32       0          0          0          0
101              10.12      0          0          0          0
104              6.16       0          0          0          0
103              7.97       0          0          0          0
105              6.06       0          0          0          0
107              7.00       0          0          0          0
1                5.83       0          0          0          0
p1               23.00      0          0          0          0
Laie             55.00      0          0          0          0

[STORAGE]
;;Name           Elev       MaxDepth   InitDepth  Shape      Curve/Params
;;-------------- ---------- ---------- ---------- ---------- ----------
TVA              7.77       0          0          FUNCTIONAL 12.56 0          0
MOANA            5.00       0          0          FUNCTIONAL 12.56 0          0
PCC              0          0          0          FUNCTIONAL 12.56 0          0

[CONDUITS]
;;Name           From             To               Length     Roughness  InOffset   OutOffset  InitFlow   MaxFlow
;;-------------- ---------------- ---------------- ---------- ---------- ---------- ---------- ---------- ----------
42/41            42               41               256.68     0.0140     3.12       2.10       0          0
41/40            41               40               256.52     0.0140     2.10       0.77       0          0
40/39            40               39               257.57     0.0140     0.77       -0.25      0          0
39/TVA           39               TVA              206.30     0.0140     -0.25      -4.56      0          0
47/46            47               46               108.79     0.0140     3.07       2.19       0          0
46/45            46               45               60.25      0.0140     2.19       2.40       0          0
45/39            45               39               126.17     0.0140     2.40       -0.25      0          0
43/44            43               44               191.13     0.0140     2.83       1.79       0          0
44/46            44               45               48.33      0.0140     1.79       2.40       0          0
37/36            37               36               185.50     0.0140     5.11       3.53       0          0
33/30            33               30               173.56     0.0140     2.48       1.50       0          0
30/TVA           30               TVA              117.53     0.0140     1.50       -4.56      0          0
34/33            34               33               186.72     0.0140     5.52       2.48       0          0
32/31            32               31               180.78     0.0140     5.84       3.79       0          0
31/30            31               30               250.44     0.0140     3.79       1.50       0          0
36/35            36               35               203.73     0.0140     3.53       2.50       0          0
35/33            35               33               124.90     0.0140     2.50       2.48       0          0
52/50            52               50               179.62     0.0140     -2.53      -3.95      0          0
50/TVA           50               TVA              115.18     0.0140     -3.95      -4.56      0          0
51/49            51               49               164.87     0.0140     -0.21      -1.57      0          0
49/50            49               50               64.93      0.0140     -1.57      -3.95      0          0
54/55            54               55               208.34     0.0140     3.93       3.32       0          0
55/56            55               56               149.14     0.0140     3.32       2.93       0          0
56/57            56               57               150.53     0.0140     2.93       2.44       0          0
57/58            57               58               148.59     0.0140     2.44       1.77       0          0
59/58            59               58               151.16     0.0140     2.35       1.77       0          0
58/60            58               60               155.10     0.0140     1.77       1.35       0          0
61/60            61               60               220.84     0.0140     2.70       1.35       0          0
60/62            60               62               275.38     0.0140     1.35       0.49       0          0
62/63            62               63               300.41     0.0140     0.49       -0.66      0          0
63/64            63               64               298.56     0.0140     -0.66      -1.73      0          0
64/MOANA         64               MOANA            133.28     0.0140     -1.73      -2.59      0          0
3/2              3                2                275.50     0.0140     1.79       0.06       0          0
6/4              6                4                127.01     0.0140     3.02       0.90       0          0
4/2              4                2                305.37     0.0140     0.90       0.06       0          0
5/4              5                4                59.68      0.0140     0.98       0.90       0          0
67/66            67               66               62.97      0.0140     1.18       0.45       0          0
66/64            66               64               280.19     0.0140     0.45       -1.73      0          0
13/12            13               12               210.09     0.0140     8.15       7.23       0          0
12/11            12               11               239.02     0.0140     7.23       6.40       0          0
11/10            11               10               286.30     0.0140     6.40       5.79       0          0
29/10            29               10               186.27     0.0140     7.00       5.79       0          0
10/9             10               9                222.41     0.0140     5.79       4.17       0          0
9/8              9                8                242.13     0.0140     4.17       3.93       0          0
15/14            15               14               256.95     0.0140     7.37       5.41       0          0
14/8             14               8                240.90     0.0140     5.41       3.93       0          0
8/7              8                7                248.85     0.0140     3.93       2.22       0          0
7/5              7                5                240.01     0.0140     2.22       0.98       0          0
27/26            27               26               298.69     0.0140     13.69      12.41      0          0
26/25            26               25               222.04     0.0140     12.41      11.49      0          0
25/24            25               24               219.79     0.0140     11.49      10.57      0          0
28/24            28               24               299.55     0.0140     11.80      10.57      0          0
24/23            24               23               199.57     0.0140     10.57      9.13       0          0
23/22            23               22               195.76     0.0140     9.13       7.47       0          0
22/21            22               21               149.32     0.0140     7.47       6.92       0          0
21/20            21               20               253.40     0.0140     6.92       5.76       0          0
20/19            20               19               299.29     0.0140     5.76       4.93       0          0
19/18            19               18               268.31     0.0140     4.93       4.08       0          0
18/16            18               16               241.88     0.0140     4.08       3.18       0          0
17/18            17               18               155.65     0.0140     3.98       4.08       0          0
16/7             16               7                301.49     0.0140     3.18       2.22       0          0
88/87            88               87               210.87     0.0140     0.67       -0.06      0          0
87/86            87               86               213.00     0.0140     -0.06      -0.69      0          0
86/85            86               85               179.31     0.0140     -0.69      -1.18      0          0
85/81            85               81               171.03     0.0140     -1.18      -1.89      0          0
81/80            81               80               149.00     0.0140     -1.89      -2.55      0          0
80/MOANA         80               MOANA            42.00      0.0140     -2.55      -2.59      0          0
84/83            84               83               186.48     0.0140     1.79       0.63       0          0
83/82            83               82               296.57     0.0140     0.63       -0.54      0          0
82/81            82               81               300.29     0.0140     -0.54      -1.88      0          0
98/PCC           98               PCC              175.96     0.0140     2.40       -6.40      0          0
90/91            90               91               39.92      0.0140     -1.13      -1.38      0          0
91/92            91               92               306.95     0.0140     -1.38      -2.02      0          0
92/93            92               93               102.28     0.0140     -2.02      -2.08      0          0
93/PCC           93               PCC              119.57     0.0140     -2.08      -6.40      0          0
99/78            99               78               33.00      0.0140     2.00       4.39       0          0
97/96            97               96               174.34     0.0140     6.93       6.16       0          0
96/95            96               95               135.75     0.0140     6.16       5.85       0          0
95/94            95               94               176.58     0.0140     5.85       5.12       0          0
94/78            94               78               257.45     0.0140     5.12       4.39       0          0
97/95            97               95               208.80     0.0140     6.93       5.85       0          0
79/78            79               78               191.38     0.0140     5.35       4.39       0          0
78/77            78               77               306.68     0.0140     4.39       3.91       0          0
77/76            77               76               282.00     0.0140     3.91       2.90       0          0
76/75            76               75               311.17     0.0140     2.90       1.99       0          0
75/73            75               73               238.40     0.0140     1.99       1.25       0          0
74/73            74               73               203.42     0.0140     2.27       1.25       0          0
73/72            73               72               173.53     0.0140     1.25       0.52       0          0
72/71            72               71               175.35     0.0140     0.52       0.05       0          0
111/114          111              114              164.54     0.0140     0.13       -1.64      0          0
109/108          109              108              79.65      0.0140     0.95       0.30       0          0
108/71           108              71               34.57      0.0140     0.30       0.05       0          0
71/70            71               70               212.50     0.0140     0.05       -1.31      0          0
70/114           70               114              33.00      0.0140     -1.31      -1.64      0          0
114/69           114              69               262.74     0.0140     -1.64      -1.92      0          0
69/68            69               68               141.41     0.0140     -1.92      -2.16      0          0
68/MOANA         68               MOANA            45.00      0.0140     -2.16      -2.59      0          0
100/112          100              112              247.26     0.0140     -0.40      -1.38      0          0
112/69           112              69               159.52     0.0140     -1.38      -1.92      0          0
102/101          102              101              249.53     0.0140     0.84       -0.40      0          0
101/100          101              100              114.57     0.0140     -0.40      -0.40      0          0
104/103          104              103              187.43     0.0140     3.03       1.98       0          0
103/102          103              102              214.33     0.0140     1.98       0.84       0          0
104/105          104              105              144.77     0.0140     3.03       1.94       0          0
105/107          105              107              120.82     0.0140     1.94       1.10       0          0
107/108          107              108              210.72     0.0140     1.10       0.30       0          0
2/1              2                1                173.40     0.0140     0.06       -0.97      0          0
1/64             1                64               176.21     0.0140     -0.97      -1.73      0          0
106/100          106              100              109.36     0.0140     0.06       -0.40      0          0
p1/99            p1               99               1222.49    0.0140     0          0          0          0

[PUMPS]
;;Name           From             To               PumpCurve  Status   Startup    Shutoff
;;-------------- ---------------- ---------------- ---------- -------- ---------- ----------
252              PCC              p1               PC_252     ON       -6.00      -6.40     
Lead             Secondary        Laie             PC_Lead    ON       -4.09      -5.09     
TVA/54           TVA              54               PC_TVA/54  ON       -4.00      -4.56     

[CURVES]
;;Name           Type       X-Value    Y-Value
;;-------------- ---------- ---------- ----------
PC_252           Pump4      0          0
;
PC_Lead          Pump4      0          0
;
PC_TVA/54        Pump4      0          0
;

[XSECTIONS]
;;Link           Shape        Geom1      Geom2      Geom3      Geom4      Barrels
;;-------------- ------------ ---------- ---------- ---------- ---------- ----------
42/41            CIRCULAR     0.67       0          0          0          1
41/40            CIRCULAR     0.67       0          0          0          1
40/39            CIRCULAR     0.67       0          0          0          1
39/TVA           CIRCULAR     0.67       0          0          0          1
47/46            CIRCULAR     0.67       0          0          0          1
46/45            CIRCULAR     0.67       0          0          0          1
45/39            CIRCULAR     0.67       0          0          0          1
43/44            CIRCULAR     0.67       0          0          0          1
44/46            CIRCULAR     0.67       0          0          0          1
37/36            CIRCULAR     0.67       0          0          0          1
33/30            CIRCULAR     0.67       0          0          0          1
30/TVA           CIRCULAR     0.67       0          0          0          1
34/33            CIRCULAR     0.67       0          0          0          1
32/31            CIRCULAR     0.67       0          0          0          1
31/30            CIRCULAR     0.67       0          0          0          1
36/35            CIRCULAR     0.67       0          0          0          1
35/33            CIRCULAR     0.67       0          0          0          1
52/50            CIRCULAR     0.83       0          0          0          1
50/TVA           CIRCULAR     0.83       0          0          0          1
51/49            CIRCULAR     0.67       0          0          0          1
49/50            CIRCULAR     0.67       0          0          0          1
54/55            CIRCULAR     0.83       0          0          0          1
55/56            CIRCULAR     0.67       0          0          0          1
56/57            CIRCULAR     0.67       0          0          0          1
57/58            CIRCULAR     0.67       0          0          0          1
59/58            CIRCULAR     0.67       0          0          0          1
58/60            CIRCULAR     0.67       0          0          0          1
61/60            CIRCULAR     0.50       0          0          0          1
60/62            CIRCULAR     0.67       0          0          0          1
62/63            CIRCULAR     0.67       0          0          0          1
63/64            CIRCULAR     0.67       0          0          0          1
64/MOANA         CIRCULAR     0.67       0          0          0          1
3/2              CIRCULAR     0.67       0          0          0          1
6/4              CIRCULAR     0.67       0          0          0          1
4/2              CIRCULAR     0.67       0          0          0          1
5/4              CIRCULAR     0.67       0          0          0          1
67/66            CIRCULAR     0.67       0          0          0          1
66/64            CIRCULAR     0.67       0          0          0          1
13/12            CIRCULAR     0.67       0          0          0          1
12/11            CIRCULAR     0.67       0          0          0          1
11/10            CIRCULAR     0.67       0          0          0          1
29/10            CIRCULAR     0.67       0          0          0          1
10/9             CIRCULAR     0.67       0          0          0          1
9/8              CIRCULAR     0.67       0          0          0          1
15/14            CIRCULAR     0.67       0          0          0          1
14/8             CIRCULAR     0.67       0          0          0          1
8/7              CIRCULAR     0.67       0          0          0          1
7/5              CIRCULAR     0.67       0          0          0          1
27/26            CIRCULAR     0.67       0          0          0          1
26/25            CIRCULAR     0.67       0          0          0          1
25/24            CIRCULAR     0.67       0          0          0          1
28/24            CIRCULAR     0.67       0          0          0          1
24/23            CIRCULAR     0.67       0          0          0          1
23/22            CIRCULAR     0.67       0          0          0          1
22/21            CIRCULAR     0.67       0          0          0          1
21/20            CIRCULAR     0.67       0          0          0          1
20/19            CIRCULAR     0.67       0          0          0          1
19/18            CIRCULAR     0.67       0          0          0          1
18/16            CIRCULAR     0.67       0          0          0          1
17/18            CIRCULAR     0.67       0          0          0          1
16/7             CIRCULAR     0.67       0          0          0          1
88/87            CIRCULAR     0.67       0          0          0          1
87/86            CIRCULAR     0.67       0          0          0          1
86/85            CIRCULAR     0.67       0          0          0          1
85/81            CIRCULAR     0.67       0          0          0          1
81/80            CIRCULAR     0.67       0          0          0          1
80/MOANA         CIRCULAR     0.67       0          0          0          1
84/83            CIRCULAR     0.67       0          0          0          1
83/82            CIRCULAR     0.67       0          0          0          1
82/81            CIRCULAR     0.67       0          0          0          1
98/PCC           CIRCULAR     0.67       0          0          0          1
90/91            CIRCULAR     0.67       0          0          0          1
91/92            CIRCULAR     0.50       0          0          0          1
92/93            CIRCULAR     0.50       0          0          0          1
93/PCC           CIRCULAR     0.50       0          0          0          1
99/78            CIRCULAR     0.00       0          0          0          1
97/96            CIRCULAR     0.67       0          0          0          1
96/95            CIRCULAR     0.67       0          0          0          1
95/94            CIRCULAR     0.67       0          0          0          1
94/78            CIRCULAR     0.67       0          0          0          1
97/95            CIRCULAR     0.67       0          0          0          1
79/78            CIRCULAR     0.67       0          0          0          1
78/77            CIRCULAR     0.67       0          0          0          1
77/76            CIRCULAR     0.67       0          0          0          1
76/75            CIRCULAR     0.67       0          0          0          1
75/73            CIRCULAR     0.67       0          0          0          1
74/73            CIRCULAR     0.50       0          0          0          1
73/72            CIRCULAR     0.67       0          0          0          1
72/71            CIRCULAR     0.67       0          0          0          1
111/114          CIRCULAR     0.50       0          0          0          1
109/108          CIRCULAR     0.67       0          0          0          1
108/71           CIRCULAR     0.67       0          0          0          1
71/70            CIRCULAR     0.67       0          0          0          1
70/114           CIRCULAR     0.67       0          0          0          1
114/69           CIRCULAR     0.67       0          0          0          1
69/68            CIRCULAR     0.67       0          0          0          1
68/MOANA         CIRCULAR     0.67       0          0          0          1
100/112          CIRCULAR     0.67       0          0          0          1
112/69           CIRCULAR     0.67       0          0          0          1
102/101          CIRCULAR     0.67       0          0          0          1
101/100          CIRCULAR     0.67       0          0          0          1
104/103          CIRCULAR     0.50       0          0          0          1
103/102          CIRCULAR     0.67       0          0          0          1
104/105          CIRCULAR     0.50       0          0          0          1
105/107          CIRCULAR     0.50       0          0          0          1
107/108          CIRCULAR     0.50       0          0          0          1
2/1              CIRCULAR     0.67       0          0          0          1
1/64             CIRCULAR     0.67       0          0          0          1
106/100          CIRCULAR     0.67       0          0          0          1
p1/99            CIRCULAR     0.00       0          0          0          1

[LOSSES]
;;Link           Inlet      Outlet     Average    Flap Gate
;;-------------- ---------- ---------- ---------- ----------
42/41            0          0          0          NO
41/40            0          0          0          NO
40/39            0          0          0          NO
39/TVA           0          0          0          NO
47/46            0          0          0          NO
46/45            0          0          0          NO
45/39            0          0          0          NO
43/44            0          0          0          NO
44/46            0          0          0          NO
37/36            0          0          0          NO
33/30            0          0          0          NO
30/TVA           0          0          0          NO
34/33            0          0          0          NO
32/31            0          0          0          NO
31/30            0          0          0          NO
36/35            0          0          0          NO
35/33            0          0          0          NO
52/50            0          0          0          NO
50/TVA           0          0          0          NO
51/49            0          0          0          NO
49/50            0          0          0          NO
54/55            0          0          0          NO
55/56            0          0          0          NO
56/57            0          0          0          NO
57/58            0          0          0          NO
59/58            0          0          0          NO
58/60            0          0          0          NO
61/60            0          0          0          NO
60/62            0          0          0          NO
62/63            0          0          0          NO
63/64            0          0          0          NO
64/MOANA         0          0          0          NO
3/2              0          0          0          NO
6/4              0          0          0          NO
4/2              0          0          0          NO
5/4              0          0          0          NO
67/66            0          0          0          NO
66/64            0          0          0          NO
13/12            0          0          0          NO
12/11            0          0          0          NO
11/10            0          0          0          NO
29/10            0          0          0          NO
10/9             0          0          0          NO
9/8              0          0          0          NO
15/14            0          0          0          NO
14/8             0          0          0          NO
8/7              0          0          0          NO
7/5              0          0          0          NO
27/26            0          0          0          NO
26/25            0          0          0          NO
25/24            0          0          0          NO
28/24            0          0          0          NO
24/23            0          0          0          NO
23/22            0          0          0          NO
22/21            0          0          0          NO
21/20            0          0          0          NO
20/19            0          0          0          NO
19/18            0          0          0          NO
18/16            0          0          0          NO
17/18            0          0          0          NO
16/7             0          0          0          NO
88/87            0          0          0          NO
87/86            0          0          0          NO
86/85            0          0          0          NO
85/81            0          0          0          NO
81/80            0          0          0          NO
80/MOANA         0          0          0          NO
84/83            0          0          0          NO
83/82            0          0          0          NO
82/81            0          0          0          NO
98/PCC           0          0          0          NO
90/91            0          0          0          NO
91/92            0          0          0          NO
92/93            0          0          0          NO
93/PCC           0          0          0          NO
99/78            0          0          0          NO
97/96            0          0          0          NO
96/95            0          0          0          NO
95/94            0          0          0          NO
94/78            0          0          0          NO
97/95            0          0          0          NO
79/78            0          0          0          NO
78/77            0          0          0          NO
77/76            0          0          0          NO
76/75            0          0          0          NO
75/73            0          0          0          NO
74/73            0          0          0          NO
73/72            0          0          0          NO
72/71            0          0          0          NO
111/114          0          0          0          NO
109/108          0          0          0          NO
108/71           0          0          0          NO
71/70            0          0          0          NO
70/114           0          0          0          NO
114/69           0          0          0          NO
69/68            0          0          0          NO
68/MOANA         0          0          0          NO
100/112          0          0          0          NO
112/69           0          0          0          NO
102/101          0          0          0          NO
101/100          0          0          0          NO
104/103          0          0          0          NO
103/102          0          0          0          NO
104/105          0          0          0          NO
105/107          0          0          0          NO
107/108          0          0          0          NO
2/1              0          0          0          NO
1/64             0          0          0          NO
106/100          0          0          0          NO
p1/99            0          0          0          NO

[INFLOWS]
;;Node           Constituent  Time Series      Type     Mfactor  Sfactor  Baseline Pattern
;;-------------- ------------ ---------------- -------- -------- -------- -------- --------
84               FLOW         ""               FLOW     1.0      1.0      1.00

[COORDINATES]
;;Node           X-Coord            Y-Coord
;;-------------- ------------------ ------------------
42               30.55              100.28            
41               28.92              106.24            
40               27.35              112.14            
39               32.57              113.66            
TVA              39.40              115.64            
47               29.01              115.68            
46               30.55              117.53            
45               32.07              116.69            
43               36.32              118.87            
44               32.38              117.73            
37               32.95              102.39            
36               36.67              103.63            
33               34.75              111.20            
30               37.74              113.32            
34               30.91              109.98            
32               40.82              103.65            
31               39.49              107.78            
35               35.44              108.41            
52               36.25              126.36            
50               38.71              118.28            
51               42.65              120.62            
49               39.45              119.63            
54               40.56              113.18            
55               44.83              114.09            
56               46.54              111.14            
57               48.77              108.62            
58               51.52              106.62            
59               54.41              105.40            
60               52.99              110.08            
61               49.86              113.74            
62               58.78              109.17            
63               64.95              108.23            
64               71.21              107.25            
MOANA            71.53              110.53            
2                70.16              98.91             
3                75.90              98.12             
6                61.20              100.24            
4                63.81              99.93             
5                63.62              98.51             
67               78.75              105.87            
66               77.09              106.54            
13               41.32              73.34             
12               44.40              76.96             
11               45.07              82.78             
10               51.05              82.27             
29               50.52              78.06             
9                54.70              85.81             
8                58.92              89.00             
15               61.20              77.16             
14               59.87              84.12             
7                62.95              92.81             
27               48.67              56.47             
26               49.58              63.67             
25               53.94              62.92             
24               58.73              62.25             
28               57.64              55.17             
23               62.91              61.62             
22               63.38              66.26             
21               66.37              67.29             
20               70.73              71.02             
19               71.82              78.14             
18               70.12              83.37             
16               68.22              88.84             
17               73.11              85.22             
88               63.90              124.59            
87               68.31              123.92            
86               72.73              123.29            
85               72.25              119.12            
81               71.73              114.99            
80               71.40              111.49            
106              74.67              123.02            
84               55.79              119.08            
83               59.35              116.84            
82               65.51              115.90            
98               93.57              36.34             
PCC              90.01              36.85             
90               91.15              49.87             
91               90.77              48.85             
92               88.73              41.93             
93               87.49              37.48             
99               95.32              65.53             
78               90.66              74.17             
97               88.21              61.08             
96               91.87              60.51             
95               91.82              63.74             
94               91.72              68.28             
79               94.66              75.52             
77               88.11              80.94             
76               86.50              87.47             
75               85.93              94.95             
73               86.60              100.53            
74               82.32              101.07            
72               87.10              104.66            
71               87.48              108.78            
111              80.81              113.55            
114              80.27              109.95            
109              86.97              111.47            
108              87.71              109.64            
70               83.11              109.40            
69               74.92              110.86            
68               71.97              111.30            
100              76.23              120.56            
112              75.40              114.67            
102              82.84              119.68            
101              78.09              122.21            
104              90.18              114.95            
103              86.96              117.51            
105              91.54              111.89            
107              92.04              109.00            
1                70.75              103.17            
p1               90.32              38.70             
Laie             67.34              103.42            

[MAP]
DIMENSIONS 27.35 36.34 95.32 126.36
Units      None

[REPORT]
INPUT            YES
SUBCATCHMENTS    ALL
NODES            ALL
LINKS            ALL



