;; SWMM5 .inp converted from XPSWMM .xp file
;; Generated by XPSWMM Card Reader
;; Source format: XP_CARD | Original title: RANGIORA SEWER NETWORK ANALYSIS STAGE III

[TITLE]
;;Project Title/Notes
RANGIORA SEWER NETWORK ANALYSIS STAGE III

[OPTIONS]
FLOW_UNITS           CMS
INFILTRATION         HORTON
FLOW_ROUTING         DYNWAVE
LINK_OFFSETS         DEPTH
MIN_SLOPE            0.0
ALLOW_PONDING        NO
SKIP_STEADY_STATE    NO
ROUTING_STEP         00:00:30
VARIABLE_STEP        0.75
INERTIAL_DAMPING     PARTIAL
NORMAL_FLOW_LIMITED  BOTH
MAX_TRIALS           50
HEAD_TOLERANCE       .001

[JUNCTIONS]
;;Name           Elev       MaxDepth   InitDepth  SurDepth   Aponded
;;-------------- ---------- ---------- ---------- ---------- ----------
203              34.21      0          0          0          0
205              33.55      0          0          0          0
207              32.87      0          0          0          0
209              31.71      0          0          0          0
211              30.97      0          0          0          0
213              30.63      0          0          0          0
215              27.67      0          0          0          0
217              27.15      0          0          0          0
219              25.80      0          0          0          0
221              24.32      0          0          0          0
223              24.16      0          0          0          0
225              21.91      0          0          0          0
227              21.60      0          0          0          0
229              20.00      0          0          0          0
231              20.58      0          0          0          0
233              19.72      0          0          0          0
235              19.13      0          0          0          0
237              18.74      0          0          0          0
239              18.50      0          0          0          0
242              18.25      0          0          0          0
244              18.00      0          0          0          0
246              17.52      0          0          0          0
248              17.05      0          0          0          0
250              19.69      0          0          0          0
251              18.89      0          0          0          0
253              18.61      0          0          0          0
258              20.98      0          0          0          0
283              19.50      0          0          0          0
285              19.53      0          0          0          0
287              20.31      0          0          0          0
290              29.02      0          0          0          0
291              28.36      0          0          0          0
293              27.51      0          0          0          0
296              22.56      0          0          0          0
298              22.03      0          0          0          0
301              26.80      0          0          0          0
303              26.50      0          0          0          0
305              26.06      0          0          0          0
307              25.65      0          0          0          0
309              24.88      0          0          0          0
311              24.45      0          0          0          0
313              23.82      0          0          0          0
315              23.55      0          0          0          0
319              22.76      0          0          0          0
322              32.60      0          0          0          0
324              32.26      0          0          0          0
326              32.10      0          0          0          0
328              31.26      0          0          0          0
330              30.58      0          0          0          0
332              30.20      0          0          0          0
334              29.81      0          0          0          0
336              29.27      0          0          0          0
338              29.10      0          0          0          0
340              23.86      0          0          0          0
342              23.45      0          0          0          0
345              23.14      0          0          0          0
349              22.50      0          0          0          0
351              21.04      0          0          0          0
354              33.40      0          0          0          0
355              33.05      0          0          0          0
357              32.00      0          0          0          0
359              31.77      0          0          0          0
361              30.98      0          0          0          0
363              30.70      0          0          0          0
365              30.34      0          0          0          0
368              35.62      0          0          0          0
369              35.28      0          0          0          0
371              35.14      0          0          0          0
373              34.53      0          0          0          0
375              34.24      0          0          0          0
378              34.81      0          0          0          0
379              34.12      0          0          0          0
382              34.24      0          0          0          0
383              34.07      0          0          0          0
385              32.62      0          0          0          0
387              32.30      0          0          0          0
390              32.77      0          0          0          0
392              30.97      0          0          0          0
394              30.20      0          0          0          0
396              26.25      0          0          0          0
426              36.05      0          0          0          0
428              35.84      0          0          0          0
432              34.98      0          0          0          0
436              34.81      0          0          0          0
444              35.15      0          0          0          0
446              34.70      0          0          0          0
473              32.44      0          0          0          0
474              31.00      0          0          0          0
476              30.42      0          0          0          0
481              34.78      0          0          0          0
482              34.64      0          0          0          0
486              34.49      0          0          0          0
491              32.65      0          0          0          0
493              32.00      0          0          0          0
495              31.35      0          0          0          0
497              31.40      0          0          0          0
498              31.12      0          0          0          0
501              30.03      0          0          0          0
502              29.75      0          0          0          0
504              25.88      0          0          0          0
508              26.10      0          0          0          0
511              28.85      0          0          0          0
512              26.24      0          0          0          0
515              26.47      0          0          0          0
517              30.82      0          0          0          0
518              29.46      0          0          0          0
539              29.86      0          0          0          0
540              27.00      0          0          0          0
543              29.04      0          0          0          0
545              28.37      0          0          0          0
547              28.40      0          0          0          0
548              27.85      0          0          0          0
551              28.50      0          0          0          0
553              28.63      0          0          0          0
555              29.15      0          0          0          0
557              31.40      0          0          0          0
558              31.20      0          0          0          0
561              31.18      0          0          0          0
562              32.36      0          0          0          0
564              33.87      0          0          0          0
567              33.80      0          0          0          0
569              26.18      0          0          0          0
570              25.30      0          0          0          0
576              25.75      0          0          0          0
580              24.59      0          0          0          0
584              24.75      0          0          0          0
585              23.15      0          0          0          0
587              23.08      0          0          0          0
593              22.88      0          0          0          0
596              23.09      0          0          0          0
599              22.80      0          0          0          0
601              22.42      0          0          0          0
603              20.88      0          0          0          0
605              20.15      0          0          0          0
608              22.25      0          0          0          0
613              21.67      0          0          0          0
615              21.00      0          0          0          0
617              20.15      0          0          0          0
620              22.97      0          0          0          0
623              24.79      0          0          0          0
625              24.16      0          0          0          0
627              23.64      0          0          0          0
629              23.65      0          0          0          0
631              24.46      0          0          0          0
633              23.12      0          0          0          0
635              22.50      0          0          0          0
639              23.21      0          0          0          0
643              22.70      0          0          0          0
647              24.15      0          0          0          0
652              24.82      0          0          0          0
655              22.36      0          0          0          0
658              16.40      0          0          0          0
660              16.20      0          0          0          0
670              31.23      0          0          0          0
673              23.44      0          0          0          0
679              38.80      0          0          0          0
684              20.23      0          0          0          0
686              20.44      0          0          0          0
692              32.80      0          0          0          0
694              31.50      0          0          0          0
700              21.00      0          0          0          0
710              37.00      0          0          0          0
711              30.64      0          0          0          0
713              29.22      0          0          0          0
715              29.11      0          0          0          0
717              27.14      0          0          0          0
722              19.00      0          0          0          0
725              35.96      0          0          0          0
726              34.40      0          0          0          0
727              33.22      0          0          0          0
731              18.00      0          0          0          0
735              25.39      0          0          0          0

[CONDUITS]
;;Name           From             To               Length     Roughness  InOffset   OutOffset  InitFlow   MaxFlow
;;-------------- ---------------- ---------------- ---------- ---------- ---------- ---------- ---------- ----------
206              ?                ?                176.00     0.0182     32.78      32.23      0          0
208              ?                ?                105.00     0.0182     32.23      31.48      0          0
210              ?                ?                130.00     0.0173     31.48      30.49      0          0
212              ?                ?                119.00     0.0173     30.49      29.65      0          0
214              ?                ?                80.00      0.0173     29.65      29.02      0          0
216              ?                ?                320.00     0.0173     29.02      26.58      0          0
218              ?                ?                106.00     0.0173     26.58      25.65      0          0
220              ?                ?                330.00     0.0173     25.65      24.09      0          0
224              ?                ?                47.00      0.0182     22.96      22.72      0          0
228              ?                ?                77.00      0.0173     19.59      19.35      0          0
232              ?                ?                214.00     0.0182     18.57      17.91      0          0
236              ?                ?                114.00     0.0140     17.37      17.05      0          0
238              ?                ?                109.00     0.0182     17.05      16.45      0          0
240              ?                ?                285.00     0.0137     16.45      16.10      0          0
243              ?                ?                20.00      0.0137     16.10      16.04      0          0
245              ?                ?                74.00      0.0137     16.04      15.95      0          0
247              ?                ?                76.00      0.0137     15.95      15.87      0          0
249              ?                ?                95.00      0.0137     15.87      15.76      0          0
252              ?                ?                205.00     0.0182     17.69      17.08      0          0
254              ?                ?                105.00     0.0182     17.08      16.77      0          0
255              ?                ?                185.00     0.0182     16.77      15.95      0          0
259              ?                ?                125.00     0.0182     18.98      18.57      0          0
286              ?                ?                134.00     0.0162     17.79      16.99      0          0
288              ?                ?                142.00     0.0173     18.28      17.79      0          0
289              ?                ?                282.00     0.0173     19.35      18.28      0          0
292              ?                ?                89.00      0.0182     27.05      26.58      0          0
294              ?                ?                117.00     0.0173     26.58      25.97      0          0
295              ?                ?                75.00      0.0173     25.97      25.65      0          0
297              ?                ?                555.00     0.0173     24.09      21.32      0          0
299              ?                ?                96.00      0.0162     21.32      20.93      0          0
300              ?                ?                205.00     0.0162     20.93      20.00      0          0
304              ?                ?                125.00     0.0182     25.93      25.35      0          0
306              ?                ?                150.00     0.0173     25.35      24.82      0          0
308              ?                ?                75.00      0.0173     24.82      24.45      0          0
310              ?                ?                150.00     0.0173     24.45      23.49      0          0
312              ?                ?                67.00      0.0173     23.49      23.32      0          0
314              ?                ?                93.00      0.0173     23.32      22.72      0          0
316              ?                ?                74.00      0.0162     22.72      22.48      0          0
321              ?                ?                70.00      0.0162     21.69      21.32      0          0
323              ?                ?                195.00     0.0140     32.38      31.38      0          0
325              ?                ?                177.00     0.0140     31.38      30.64      0          0
327              ?                ?                90.00      0.0140     30.64      30.28      0          0
329              ?                ?                136.00     0.0140     30.28      29.65      0          0
333              ?                ?                154.00     0.0182     29.18      28.67      0          0
335              ?                ?                115.00     0.0182     28.67      27.97      0          0
337              ?                ?                59.00      0.0173     27.97      27.77      0          0
339              ?                ?                189.00     0.0173     27.77      27.11      0          0
341              ?                ?                426.00     0.0182     27.11      23.02      0          0
343              ?                ?                122.00     0.0182     23.15      21.94      0          0
344              ?                ?                80.00      0.0182     21.94      21.69      0          0
352              ?                ?                213.00     0.0173     21.32      20.38      0          0
353              ?                ?                70.00      0.0173     20.38      20.10      0          0
356              ?                ?                140.00     0.0182     32.13      31.41      0          0
358              ?                ?                156.00     0.0182     31.41      30.89      0          0
360              ?                ?                107.00     0.0173     30.89      30.39      0          0
362              ?                ?                210.00     0.0182     30.39      29.63      0          0
364              ?                ?                92.00      0.0173     29.41      29.08      0          0
366              ?                ?                106.00     0.0173     29.08      28.66      0          0
367              ?                ?                152.00     0.0173     28.66      27.97      0          0
370              ?                ?                115.00     0.0140     34.63      34.11      0          0
372              ?                ?                102.00     0.0140     34.11      33.66      0          0
374              ?                ?                99.00      0.0140     33.66      33.30      0          0
376              ?                ?                102.00     0.0182     33.30      32.96      0          0
377              ?                ?                40.00      0.0182     32.96      32.78      0          0
380              ?                ?                148.00     0.0182     33.61      32.92      0          0
381              ?                ?                143.00     0.0182     32.92      32.00      0          0
384              ?                ?                106.00     0.0140     33.07      32.75      0          0
386              ?                ?                210.00     0.0140     32.75      31.84      0          0
388              ?                ?                125.00     0.0140     31.84      31.49      0          0
389              ?                ?                129.00     0.0140     31.49      30.83      0          0
391              ?                ?                412.00     0.0140     31.37      29.65      0          0
395              ?                ?                147.00     0.0140     29.55      28.90      0          0
397              ?                ?                418.00     0.0140     28.90      25.38      0          0
398              ?                ?                138.00     0.0182     25.38      24.45      0          0
429              ?                ?                120.00     0.0182     35.13      34.64      0          0
430              ?                ?                195.00     0.0182     34.64      33.30      0          0
434              ?                ?                198.00     0.0182     34.15      32.96      0          0
435              ?                ?                103.00     0.0182     34.64      34.15      0          0
437              ?                ?                110.00     0.0182     34.23      33.57      0          0
440              ?                ?                308.00     0.0182     33.57      32.13      0          0
447              ?                ?                167.00     0.0182     33.85      33.50      0          0
448              ?                ?                325.00     0.0182     33.50      31.41      0          0
475              ?                ?                365.00     0.0140     31.26      29.79      0          0
477              ?                ?                110.00     0.0182     29.79      29.22      0          0
478              ?                ?                40.00      0.0182     29.22      29.08      0          0
483              ?                ?                103.00     0.0182     34.12      33.83      0          0
484              ?                ?                103.00     0.0182     33.83      33.61      0          0
488              ?                ?                245.00     0.0182     33.80      32.37      0          0
492              ?                ?                133.00     0.0140     31.78      31.04      0          0
494              ?                ?                90.00      0.0140     30.38      30.28      0          0
496              ?                ?                143.00     0.0140     30.15      29.65      0          0
499              ?                ?                98.00      0.0140     30.43      29.70      0          0
500              ?                ?                70.00      0.0182     29.70      29.18      0          0
503              ?                ?                135.00     0.0182     28.74      28.17      0          0
505              ?                ?                393.00     0.0182     28.17      24.53      0          0
506              ?                ?                195.00     0.0182     24.53      22.72      0          0
510              ?                ?                163.00     0.0182     24.90      23.59      0          0
513              ?                ?                293.00     0.0140     27.64      25.04      0          0
516              ?                ?                475.00     0.0140     24.88      20.38      0          0
519              ?                ?                278.00     0.0140     29.62      28.26      0          0
520              ?                ?                133.00     0.0182     28.26      27.11      0          0
541              ?                ?                325.00     0.0140     28.38      25.80      0          0
542              ?                ?                60.00      0.0182     25.80      25.38      0          0
544              ?                ?                295.00     0.0182     27.95      25.35      0          0
546              ?                ?                178.00     0.0140     27.17      25.93      0          0
549              ?                ?                138.00     0.0182     27.10      26.60      0          0
550              ?                ?                55.00      0.0182     26.60      25.97      0          0
552              ?                ?                165.00     0.0173     27.23      26.58      0          0
554              ?                ?                180.00     0.0182     27.43      27.23      0          0
556              ?                ?                68.00      0.0173     27.30      27.23      0          0
559              ?                ?                233.00     0.0140     30.10      29.80      0          0
560              ?                ?                75.00      0.0182     29.80      27.25      0          0
563              ?                ?                128.00     0.0173     30.77      29.70      0          0
565              ?                ?                245.00     0.0173     32.09      30.77      0          0
566              ?                ?                125.00     0.0182     32.57      32.09      0          0
568              ?                ?                138.00     0.0140     32.49      32.09      0          0
571              ?                ?                165.00     0.0182     24.48      23.76      0          0
578              ?                ?                210.00     0.0182     24.45      23.76      0          0
582              ?                ?                95.00      0.0182     23.76      23.29      0          0
583              ?                ?                110.00     0.0182     23.29      22.72      0          0
586              ?                ?                140.00     0.0182     23.53      22.79      0          0
588              ?                ?                50.00      0.0182     22.79      22.29      0          0
594              ?                ?                85.00      0.0192     22.29      21.82      0          0
598              ?                ?                90.00      0.0182     22.29      21.82      0          0
600              ?                ?                160.00     0.0182     21.82      21.16      0          0
602              ?                ?                90.00      0.0182     21.16      20.61      0          0
604              ?                ?                190.00     0.0182     20.61      19.52      0          0
606              ?                ?                103.00     0.0182     19.52      18.85      0          0
610              ?                ?                363.00     0.0182     20.93      18.85      0          0
616              ?                ?                93.00      0.0182     20.05      19.79      0          0
618              ?                ?                350.00     0.0182     19.79      18.85      0          0
619              ?                ?                275.00     0.0182     18.85      17.79      0          0
621              ?                ?                148.00     0.0182     21.64      20.61      0          0
626              ?                ?                188.00     0.0182     23.49      22.76      0          0
628              ?                ?                95.00      0.0182     22.76      22.34      0          0
630              ?                ?                225.00     0.0182     22.34      21.45      0          0
634              ?                ?                90.00      0.0182     21.45      20.91      0          0
636              ?                ?                98.00      0.0173     20.91      20.30      0          0
637              ?                ?                110.00     0.0173     20.30      19.59      0          0
641              ?                ?                183.00     0.0182     21.87      20.91      0          0
645              ?                ?                263.00     0.0182     21.45      20.30      0          0
649              ?                ?                75.00      0.0182     22.74      22.34      0          0
654              ?                ?                170.00     0.0182     23.53      22.96      0          0
656              ?                ?                320.00     0.0173     22.72      20.52      0          0
657              ?                ?                188.00     0.0173     20.52      19.59      0          0
659              ?                ?                222.00     0.0137     15.76      15.52      0          0
661              ?                ?                50.00      0.0137     15.52      14.74      0          0
669              ?                ?                120.00     0.0162     22.48      21.69      0          0
671              ?                ?                25.00      0.0140     29.65      29.56      0          0
672              ?                ?                135.00     0.0182     29.56      29.18      0          0
674              ?                ?                65.00      0.0173     22.41      21.94      0          0
676              ?                ?                63.00      0.0173     23.02      22.41      0          0
677              ?                ?                143.00     0.0173     21.94      21.32      0          0
678              ?                ?                220.00     0.0182     25.04      21.94      0          0
680              ?                ?                1125.00    0.0182     36.60      32.57      0          0
681              ?                ?                250.00     0.0173     29.70      27.25      0          0
685              ?                ?                174.00     0.0159     19.40      18.79      0          0
687              ?                ?                191.00     0.0159     18.79      17.86      0          0
688              ?                ?                441.00     0.0159     17.86      17.21      0          0
693              ?                ?                60.00      0.0140     32.00      31.30      0          0
695              ?                ?                60.00      0.0140     30.84      30.10      0          0
696              ?                ?                200.00     0.0140     30.10      29.55      0          0
697              ?                ?                130.00     0.0140     31.30      30.10      0          0
234              231              233              182.00     0.0182     17.91      17.37      0          0
709              ?                ?                300.00     0.0140     19.35      18.57      0          0
712              ?                ?                601.00     0.0140     30.84      29.12      0          0
714              ?                ?                505.00     0.0140     29.12      27.66      0          0
716              ?                ?                85.00      0.0140     27.66      27.20      0          0
718              ?                ?                415.00     0.0140     27.20      24.91      0          0
719              ?                ?                527.00     0.0140     24.91      20.03      0          0
720              ?                ?                240.00     0.0140     28.66      27.66      0          0
721              ?                ?                400.00     0.0140     25.65      23.89      0          0
724              ?                ?                150.00     0.0140     17.21      16.99      0          0
728              ?                ?                280.00     0.0140     35.08      33.96      0          0
729              ?                ?                400.00     0.0140     33.96      32.36      0          0
730              ?                ?                380.00     0.0140     32.36      30.84      0          0
732              ?                ?                320.00     0.0137     16.99      16.66      0          0
733              ?                ?                200.00     0.0137     16.66      16.45      0          0
736              ?                ?                400.00     0.0140     23.89      22.14      0          0
743              ?                ?                1745.00    0.0140     22.14      15.95      0          0
611              605              287              160.00     0.0172     18.85      18.28      0          0

[XSECTIONS]
;;Link           Shape        Geom1      Geom2      Geom3      Geom4      Barrels
;;-------------- ------------ ---------- ---------- ---------- ---------- ----------
206              CIRCULAR     0.20       0          0          0          1
208              CIRCULAR     0.20       0          0          0          1
210              CIRCULAR     0.23       0          0          0          1
212              CIRCULAR     0.23       0          0          0          1
214              CIRCULAR     0.23       0          0          0          1
216              CIRCULAR     0.23       0          0          0          1
218              CIRCULAR     0.23       0          0          0          1
220              CIRCULAR     0.20       0          0          0          1
224              CIRCULAR     0.15       0          0          0          1
228              CIRCULAR     0.23       0          0          0          1
232              CIRCULAR     0.23       0          0          0          1
236              CIRCULAR     0.30       0          0          0          1
238              CIRCULAR     0.30       0          0          0          1
240              CIRCULAR     0.60       0          0          0          1
243              CIRCULAR     0.60       0          0          0          1
245              CIRCULAR     0.60       0          0          0          1
247              CIRCULAR     0.60       0          0          0          1
249              CIRCULAR     0.60       0          0          0          1
252              CIRCULAR     0.20       0          0          0          1
254              CIRCULAR     0.20       0          0          0          1
255              CIRCULAR     0.20       0          0          0          1
259              CIRCULAR     0.15       0          0          0          1
286              CIRCULAR     0.23       0          0          0          1
288              CIRCULAR     0.23       0          0          0          1
289              CIRCULAR     0.23       0          0          0          1
292              CIRCULAR     0.15       0          0          0          1
294              CIRCULAR     0.20       0          0          0          1
295              CIRCULAR     0.20       0          0          0          1
297              CIRCULAR     0.20       0          0          0          1
299              CIRCULAR     0.38       0          0          0          1
300              CIRCULAR     0.38       0          0          0          1
304              CIRCULAR     0.15       0          0          0          1
306              CIRCULAR     0.15       0          0          0          1
308              CIRCULAR     0.15       0          0          0          1
310              CIRCULAR     0.23       0          0          0          1
312              CIRCULAR     0.23       0          0          0          1
314              CIRCULAR     0.23       0          0          0          1
316              CIRCULAR     0.23       0          0          0          1
321              CIRCULAR     0.30       0          0          0          1
323              CIRCULAR     0.15       0          0          0          1
325              CIRCULAR     0.15       0          0          0          1
327              CIRCULAR     0.15       0          0          0          1
329              CIRCULAR     0.20       0          0          0          1
333              CIRCULAR     0.20       0          0          0          1
335              CIRCULAR     0.20       0          0          0          1
337              CIRCULAR     0.20       0          0          0          1
339              CIRCULAR     0.20       0          0          0          1
341              CIRCULAR     0.23       0          0          0          1
343              CIRCULAR     0.23       0          0          0          1
344              CIRCULAR     0.23       0          0          0          1
352              CIRCULAR     0.30       0          0          0          1
353              CIRCULAR     0.30       0          0          0          1
356              CIRCULAR     0.23       0          0          0          1
358              CIRCULAR     0.23       0          0          0          1
360              CIRCULAR     0.20       0          0          0          1
362              CIRCULAR     0.20       0          0          0          1
364              CIRCULAR     0.23       0          0          0          1
366              CIRCULAR     0.25       0          0          0          1
367              CIRCULAR     0.20       0          0          0          1
370              CIRCULAR     0.15       0          0          0          1
372              CIRCULAR     0.20       0          0          0          1
374              CIRCULAR     0.20       0          0          0          1
376              CIRCULAR     0.20       0          0          0          1
377              CIRCULAR     0.20       0          0          0          1
380              CIRCULAR     0.15       0          0          0          1
381              CIRCULAR     0.15       0          0          0          1
384              CIRCULAR     0.15       0          0          0          1
386              CIRCULAR     0.23       0          0          0          1
388              CIRCULAR     0.15       0          0          0          1
389              CIRCULAR     0.15       0          0          0          1
391              CIRCULAR     0.20       0          0          0          1
395              CIRCULAR     0.15       0          0          0          1
397              CIRCULAR     0.15       0          0          0          1
398              CIRCULAR     0.15       0          0          0          1
429              CIRCULAR     0.15       0          0          0          1
430              CIRCULAR     0.15       0          0          0          1
434              CIRCULAR     0.15       0          0          0          1
435              CIRCULAR     0.15       0          0          0          1
437              CIRCULAR     0.15       0          0          0          1
440              CIRCULAR     0.15       0          0          0          1
447              CIRCULAR     0.15       0          0          0          1
448              CIRCULAR     0.15       0          0          0          1
475              CIRCULAR     0.15       0          0          0          1
477              CIRCULAR     0.15       0          0          0          1
478              CIRCULAR     0.23       0          0          0          1
483              CIRCULAR     0.13       0          0          0          1
484              CIRCULAR     0.15       0          0          0          1
488              CIRCULAR     0.15       0          0          0          1
492              CIRCULAR     0.15       0          0          0          1
494              CIRCULAR     0.15       0          0          0          1
496              CIRCULAR     0.15       0          0          0          1
499              CIRCULAR     0.15       0          0          0          1
500              CIRCULAR     0.15       0          0          0          1
503              CIRCULAR     0.15       0          0          0          1
505              CIRCULAR     0.15       0          0          0          1
506              CIRCULAR     0.15       0          0          0          1
510              CIRCULAR     0.15       0          0          0          1
513              CIRCULAR     0.15       0          0          0          1
516              CIRCULAR     0.15       0          0          0          1
519              CIRCULAR     0.15       0          0          0          1
520              CIRCULAR     0.15       0          0          0          1
541              CIRCULAR     0.15       0          0          0          1
542              CIRCULAR     0.15       0          0          0          1
544              CIRCULAR     0.15       0          0          0          1
546              CIRCULAR     0.15       0          0          0          1
549              CIRCULAR     0.15       0          0          0          1
550              CIRCULAR     0.15       0          0          0          1
552              CIRCULAR     0.20       0          0          0          1
554              CIRCULAR     0.15       0          0          0          1
556              CIRCULAR     0.20       0          0          0          1
559              CIRCULAR     0.15       0          0          0          1
560              CIRCULAR     0.15       0          0          0          1
563              CIRCULAR     0.15       0          0          0          1
565              CIRCULAR     0.15       0          0          0          1
566              CIRCULAR     0.15       0          0          0          1
568              CIRCULAR     0.15       0          0          0          1
571              CIRCULAR     0.15       0          0          0          1
578              CIRCULAR     0.15       0          0          0          1
582              CIRCULAR     0.15       0          0          0          1
583              CIRCULAR     0.15       0          0          0          1
586              CIRCULAR     0.15       0          0          0          1
588              CIRCULAR     0.15       0          0          0          1
594              CIRCULAR     0.15       0          0          0          1
598              CIRCULAR     0.15       0          0          0          1
600              CIRCULAR     0.15       0          0          0          1
602              CIRCULAR     0.15       0          0          0          1
604              CIRCULAR     0.15       0          0          0          1
606              CIRCULAR     0.15       0          0          0          1
610              CIRCULAR     0.15       0          0          0          1
616              CIRCULAR     0.15       0          0          0          1
618              CIRCULAR     0.15       0          0          0          1
619              CIRCULAR     0.15       0          0          0          1
621              CIRCULAR     0.15       0          0          0          1
626              CIRCULAR     0.15       0          0          0          1
628              CIRCULAR     0.15       0          0          0          1
630              CIRCULAR     0.15       0          0          0          1
634              CIRCULAR     0.20       0          0          0          1
636              CIRCULAR     0.20       0          0          0          1
637              CIRCULAR     0.20       0          0          0          1
641              CIRCULAR     0.15       0          0          0          1
645              CIRCULAR     0.15       0          0          0          1
649              CIRCULAR     0.15       0          0          0          1
654              CIRCULAR     0.15       0          0          0          1
656              CIRCULAR     0.15       0          0          0          1
657              CIRCULAR     0.15       0          0          0          1
659              CIRCULAR     0.60       0          0          0          1
661              CIRCULAR     0.60       0          0          0          1
669              CIRCULAR     0.23       0          0          0          1
671              CIRCULAR     0.20       0          0          0          1
672              CIRCULAR     0.20       0          0          0          1
674              CIRCULAR     0.23       0          0          0          1
676              CIRCULAR     0.23       0          0          0          1
677              CIRCULAR     0.25       0          0          0          1
678              CIRCULAR     0.15       0          0          0          1
680              CIRCULAR     0.15       0          0          0          1
681              CIRCULAR     0.15       0          0          0          1
685              CIRCULAR     0.45       0          0          0          1
687              CIRCULAR     0.53       0          0          0          1
688              CIRCULAR     0.53       0          0          0          1
693              CIRCULAR     0.15       0          0          0          1
695              CIRCULAR     0.15       0          0          0          1
696              CIRCULAR     0.15       0          0          0          1
697              CIRCULAR     0.15       0          0          0          1
234              CIRCULAR     0.23       0          0          0          1
709              CIRCULAR     0.23       0          0          0          1
712              CIRCULAR     0.32       0          0          0          1
714              CIRCULAR     0.30       0          0          0          1
716              CIRCULAR     0.30       0          0          0          1
718              CIRCULAR     0.30       0          0          0          1
719              CIRCULAR     0.30       0          0          0          1
720              CIRCULAR     0.20       0          0          0          1
721              CIRCULAR     0.25       0          0          0          1
724              CIRCULAR     0.53       0          0          0          1
728              CIRCULAR     0.20       0          0          0          1
729              CIRCULAR     0.20       0          0          0          1
730              CIRCULAR     0.25       0          0          0          1
732              CIRCULAR     0.60       0          0          0          1
733              CIRCULAR     0.60       0          0          0          1
736              CIRCULAR     0.25       0          0          0          1
743              CIRCULAR     0.30       0          0          0          1
611              CIRCULAR     0.15       0          0          0          1

[LOSSES]
;;Link           Inlet      Outlet     Average    Flap Gate
;;-------------- ---------- ---------- ---------- ----------
206              0          0          0          NO
208              0          0          0          NO
210              0          0          0          NO
212              0          0          0          NO
214              0          0          0          NO
216              0          0          0          NO
218              0          0          0          NO
220              0          0          0          NO
224              0          0          0          NO
228              0          0          0          NO
232              0          0          0          NO
236              0          0          0          NO
238              0          0          0          NO
240              0          0          0          NO
243              0          0          0          NO
245              0          0          0          NO
247              0          0          0          NO
249              0          0          0          NO
252              0          0          0          NO
254              0          0          0          NO
255              0          0          0          NO
259              0          0          0          NO
286              0          0          0          NO
288              0          0          0          NO
289              0          0          0          NO
292              0          0          0          NO
294              0          0          0          NO
295              0          0          0          NO
297              0          0          0          NO
299              0          0          0          NO
300              0          0          0          NO
304              0          0          0          NO
306              0          0          0          NO
308              0          0          0          NO
310              0          0          0          NO
312              0          0          0          NO
314              0          0          0          NO
316              0          0          0          NO
321              0          0          0          NO
323              0          0          0          NO
325              0          0          0          NO
327              0          0          0          NO
329              0          0          0          NO
333              0          0          0          NO
335              0          0          0          NO
337              0          0          0          NO
339              0          0          0          NO
341              0          0          0          NO
343              0          0          0          NO
344              0          0          0          NO
352              0          0          0          NO
353              0          0          0          NO
356              0          0          0          NO
358              0          0          0          NO
360              0          0          0          NO
362              0          0          0          NO
364              0          0          0          NO
366              0          0          0          NO
367              0          0          0          NO
370              0          0          0          NO
372              0          0          0          NO
374              0          0          0          NO
376              0          0          0          NO
377              0          0          0          NO
380              0          0          0          NO
381              0          0          0          NO
384              0          0          0          NO
386              0          0          0          NO
388              0          0          0          NO
389              0          0          0          NO
391              0          0          0          NO
395              0          0          0          NO
397              0          0          0          NO
398              0          0          0          NO
429              0          0          0          NO
430              0          0          0          NO
434              0          0          0          NO
435              0          0          0          NO
437              0          0          0          NO
440              0          0          0          NO
447              0          0          0          NO
448              0          0          0          NO
475              0          0          0          NO
477              0          0          0          NO
478              0          0          0          NO
483              0          0          0          NO
484              0          0          0          NO
488              0          0          0          NO
492              0          0          0          NO
494              0          0          0          NO
496              0          0          0          NO
499              0          0          0          NO
500              0          0          0          NO
503              0          0          0          NO
505              0          0          0          NO
506              0          0          0          NO
510              0          0          0          NO
513              0          0          0          NO
516              0          0          0          NO
519              0          0          0          NO
520              0          0          0          NO
541              0          0          0          NO
542              0          0          0          NO
544              0          0          0          NO
546              0          0          0          NO
549              0          0          0          NO
550              0          0          0          NO
552              0          0          0          NO
554              0          0          0          NO
556              0          0          0          NO
559              0          0          0          NO
560              0          0          0          NO
563              0          0          0          NO
565              0          0          0          NO
566              0          0          0          NO
568              0          0          0          NO
571              0          0          0          NO
578              0          0          0          NO
582              0          0          0          NO
583              0          0          0          NO
586              0          0          0          NO
588              0          0          0          NO
594              0          0          0          NO
598              0          0          0          NO
600              0          0          0          NO
602              0          0          0          NO
604              0          0          0          NO
606              0          0          0          NO
610              0          0          0          NO
616              0          0          0          NO
618              0          0          0          NO
619              0          0          0          NO
621              0          0          0          NO
626              0          0          0          NO
628              0          0          0          NO
630              0          0          0          NO
634              0          0          0          NO
636              0          0          0          NO
637              0          0          0          NO
641              0          0          0          NO
645              0          0          0          NO
649              0          0          0          NO
654              0          0          0          NO
656              0          0          0          NO
657              0          0          0          NO
659              0          0          0          NO
661              0          0          0          NO
669              0          0          0          NO
671              0          0          0          NO
672              0          0          0          NO
674              0          0          0          NO
676              0          0          0          NO
677              0          0          0          NO
678              0          0          0          NO
680              0          0          0          NO
681              0          0          0          NO
685              0          0          0          NO
687              0          0          0          NO
688              0          0          0          NO
693              0          0          0          NO
695              0          0          0          NO
696              0          0          0          NO
697              0          0          0          NO
234              0          0          0          NO
709              0          0          0          NO
712              0          0          0          NO
714              0          0          0          NO
716              0          0          0          NO
718              0          0          0          NO
719              0          0          0          NO
720              0          0          0          NO
721              0          0          0          NO
724              0          0          0          NO
728              0          0          0          NO
729              0          0          0          NO
730              0          0          0          NO
732              0          0          0          NO
733              0          0          0          NO
736              0          0          0          NO
743              0          0          0          NO
611              0          0          0          NO

[INFLOWS]
;;Node           Constituent  Time Series      Type     Mfactor  Sfactor  Baseline Pattern
;;-------------- ------------ ---------------- -------- -------- -------- -------- --------
203              FLOW         ""               FLOW     1.0      1.0      0.00
205              FLOW         ""               FLOW     1.0      1.0      0.00
207              FLOW         ""               FLOW     1.0      1.0      0.00
209              FLOW         ""               FLOW     1.0      1.0      0.00
211              FLOW         ""               FLOW     1.0      1.0      0.00
213              FLOW         ""               FLOW     1.0      1.0      0.00
215              FLOW         ""               FLOW     1.0      1.0      0.00
217              FLOW         ""               FLOW     1.0      1.0      0.00
219              FLOW         ""               FLOW     1.0      1.0      0.00
221              FLOW         ""               FLOW     1.0      1.0      0.00
223              FLOW         ""               FLOW     1.0      1.0      0.00
225              FLOW         ""               FLOW     1.0      1.0      0.00
227              FLOW         ""               FLOW     1.0      1.0      0.00
229              FLOW         ""               FLOW     1.0      1.0      0.00
231              FLOW         ""               FLOW     1.0      1.0      0.00
233              FLOW         ""               FLOW     1.0      1.0      0.00
235              FLOW         ""               FLOW     1.0      1.0      0.00
237              FLOW         ""               FLOW     1.0      1.0      0.00
239              FLOW         ""               FLOW     1.0      1.0      0.00
242              FLOW         ""               FLOW     1.0      1.0      0.00
244              FLOW         ""               FLOW     1.0      1.0      0.00
250              FLOW         ""               FLOW     1.0      1.0      0.00
251              FLOW         ""               FLOW     1.0      1.0      0.00
253              FLOW         ""               FLOW     1.0      1.0      0.00
258              FLOW         ""               FLOW     1.0      1.0      0.00
283              FLOW         ""               FLOW     1.0      1.0      0.00
285              FLOW         ""               FLOW     1.0      1.0      0.00
287              FLOW         ""               FLOW     1.0      1.0      0.00
290              FLOW         ""               FLOW     1.0      1.0      0.00
291              FLOW         ""               FLOW     1.0      1.0      0.00
293              FLOW         ""               FLOW     1.0      1.0      0.00
296              FLOW         ""               FLOW     1.0      1.0      0.00
298              FLOW         ""               FLOW     1.0      1.0      0.00
301              FLOW         ""               FLOW     1.0      1.0      0.00
303              FLOW         ""               FLOW     1.0      1.0      0.00
305              FLOW         ""               FLOW     1.0      1.0      0.00
307              FLOW         ""               FLOW     1.0      1.0      0.00
309              FLOW         ""               FLOW     1.0      1.0      0.00
311              FLOW         ""               FLOW     1.0      1.0      0.00
313              FLOW         ""               FLOW     1.0      1.0      0.00
315              FLOW         ""               FLOW     1.0      1.0      0.00
319              FLOW         ""               FLOW     1.0      1.0      0.00
322              FLOW         ""               FLOW     1.0      1.0      0.00
324              FLOW         ""               FLOW     1.0      1.0      0.00
326              FLOW         ""               FLOW     1.0      1.0      0.00
328              FLOW         ""               FLOW     1.0      1.0      0.00
330              FLOW         ""               FLOW     1.0      1.0      0.00
332              FLOW         ""               FLOW     1.0      1.0      0.00
334              FLOW         ""               FLOW     1.0      1.0      0.00
336              FLOW         ""               FLOW     1.0      1.0      0.00
338              FLOW         ""               FLOW     1.0      1.0      0.00
340              FLOW         ""               FLOW     1.0      1.0      0.00
342              FLOW         ""               FLOW     1.0      1.0      0.00
345              FLOW         ""               FLOW     1.0      1.0      0.00
349              FLOW         ""               FLOW     1.0      1.0      0.00
351              FLOW         ""               FLOW     1.0      1.0      0.00
354              FLOW         ""               FLOW     1.0      1.0      0.00
355              FLOW         ""               FLOW     1.0      1.0      0.00
357              FLOW         ""               FLOW     1.0      1.0      0.00
359              FLOW         ""               FLOW     1.0      1.0      0.00
361              FLOW         ""               FLOW     1.0      1.0      0.00
363              FLOW         ""               FLOW     1.0      1.0      0.00
368              FLOW         ""               FLOW     1.0      1.0      0.00
369              FLOW         ""               FLOW     1.0      1.0      0.00
371              FLOW         ""               FLOW     1.0      1.0      0.00
373              FLOW         ""               FLOW     1.0      1.0      0.00
375              FLOW         ""               FLOW     1.0      1.0      0.00
378              FLOW         ""               FLOW     1.0      1.0      0.00
379              FLOW         ""               FLOW     1.0      1.0      0.00
382              FLOW         ""               FLOW     1.0      1.0      0.00
383              FLOW         ""               FLOW     1.0      1.0      0.00
385              FLOW         ""               FLOW     1.0      1.0      0.00
387              FLOW         ""               FLOW     1.0      1.0      0.00
390              FLOW         ""               FLOW     1.0      1.0      0.00
392              FLOW         ""               FLOW     1.0      1.0      0.00
394              FLOW         ""               FLOW     1.0      1.0      0.00
396              FLOW         ""               FLOW     1.0      1.0      0.00
426              FLOW         ""               FLOW     1.0      1.0      0.00
428              FLOW         ""               FLOW     1.0      1.0      0.00
432              FLOW         ""               FLOW     1.0      1.0      0.00
436              FLOW         ""               FLOW     1.0      1.0      0.00
444              FLOW         ""               FLOW     1.0      1.0      0.00
446              FLOW         ""               FLOW     1.0      1.0      0.00
473              FLOW         ""               FLOW     1.0      1.0      0.00
474              FLOW         ""               FLOW     1.0      1.0      0.00
476              FLOW         ""               FLOW     1.0      1.0      0.00
481              FLOW         ""               FLOW     1.0      1.0      0.00
482              FLOW         ""               FLOW     1.0      1.0      0.00
486              FLOW         ""               FLOW     1.0      1.0      0.00
491              FLOW         ""               FLOW     1.0      1.0      0.00
493              FLOW         ""               FLOW     1.0      1.0      0.00
495              FLOW         ""               FLOW     1.0      1.0      0.00
497              FLOW         ""               FLOW     1.0      1.0      0.00
498              FLOW         ""               FLOW     1.0      1.0      0.00
501              FLOW         ""               FLOW     1.0      1.0      0.00
502              FLOW         ""               FLOW     1.0      1.0      0.00
504              FLOW         ""               FLOW     1.0      1.0      0.00
508              FLOW         ""               FLOW     1.0      1.0      0.00
511              FLOW         ""               FLOW     1.0      1.0      0.00
512              FLOW         ""               FLOW     1.0      1.0      0.00
515              FLOW         ""               FLOW     1.0      1.0      0.00
517              FLOW         ""               FLOW     1.0      1.0      0.00
518              FLOW         ""               FLOW     1.0      1.0      0.00
539              FLOW         ""               FLOW     1.0      1.0      0.00
540              FLOW         ""               FLOW     1.0      1.0      0.00
543              FLOW         ""               FLOW     1.0      1.0      0.00
545              FLOW         ""               FLOW     1.0      1.0      0.00
547              FLOW         ""               FLOW     1.0      1.0      0.00
548              FLOW         ""               FLOW     1.0      1.0      0.00
551              FLOW         ""               FLOW     1.0      1.0      0.00
553              FLOW         ""               FLOW     1.0      1.0      0.00
555              FLOW         ""               FLOW     1.0      1.0      0.00
557              FLOW         ""               FLOW     1.0      1.0      0.00
558              FLOW         ""               FLOW     1.0      1.0      0.00
561              FLOW         ""               FLOW     1.0      1.0      0.00
562              FLOW         ""               FLOW     1.0      1.0      0.00
564              FLOW         ""               FLOW     1.0      1.0      0.00
567              FLOW         ""               FLOW     1.0      1.0      0.00
569              FLOW         ""               FLOW     1.0      1.0      0.00
570              FLOW         ""               FLOW     1.0      1.0      0.00
576              FLOW         ""               FLOW     1.0      1.0      0.00
580              FLOW         ""               FLOW     1.0      1.0      0.00
584              FLOW         ""               FLOW     1.0      1.0      0.00
585              FLOW         ""               FLOW     1.0      1.0      0.00
587              FLOW         ""               FLOW     1.0      1.0      0.00
593              FLOW         ""               FLOW     1.0      1.0      0.00
596              FLOW         ""               FLOW     1.0      1.0      0.00
599              FLOW         ""               FLOW     1.0      1.0      0.00
601              FLOW         ""               FLOW     1.0      1.0      0.00
603              FLOW         ""               FLOW     1.0      1.0      0.00
605              FLOW         ""               FLOW     1.0      1.0      0.00
608              FLOW         ""               FLOW     1.0      1.0      0.00
613              FLOW         ""               FLOW     1.0      1.0      0.00
615              FLOW         ""               FLOW     1.0      1.0      0.00
617              FLOW         ""               FLOW     1.0      1.0      0.00
620              FLOW         ""               FLOW     1.0      1.0      0.00
623              FLOW         ""               FLOW     1.0      1.0      0.00
625              FLOW         ""               FLOW     1.0      1.0      0.00
627              FLOW         ""               FLOW     1.0      1.0      0.00
631              FLOW         ""               FLOW     1.0      1.0      0.00
633              FLOW         ""               FLOW     1.0      1.0      0.00
635              FLOW         ""               FLOW     1.0      1.0      0.00
639              FLOW         ""               FLOW     1.0      1.0      0.00
643              FLOW         ""               FLOW     1.0      1.0      0.00
647              FLOW         ""               FLOW     1.0      1.0      0.00
652              FLOW         ""               FLOW     1.0      1.0      0.00
655              FLOW         ""               FLOW     1.0      1.0      0.00
670              FLOW         ""               FLOW     1.0      1.0      0.00
673              FLOW         ""               FLOW     1.0      1.0      0.00
679              FLOW         ""               FLOW     1.0      1.0      0.00
692              FLOW         ""               FLOW     1.0      1.0      0.00
694              FLOW         ""               FLOW     1.0      1.0      0.00
700              FLOW         ""               FLOW     1.0      1.0      0.00
710              FLOW         ""               FLOW     1.0      1.0      0.00
713              FLOW         ""               FLOW     1.0      1.0      0.00
715              FLOW         ""               FLOW     1.0      1.0      0.00
717              FLOW         ""               FLOW     1.0      1.0      0.00
725              FLOW         ""               FLOW     1.0      1.0      0.00
726              FLOW         ""               FLOW     1.0      1.0      0.00
727              FLOW         ""               FLOW     1.0      1.0      0.00
735              FLOW         ""               FLOW     1.0      1.0      0.00

[COORDINATES]
;;Node           X-Coord            Y-Coord
;;-------------- ------------------ ------------------
203              -5766627.09        2476309.77        
205              -5766451.89        2476347.43        
207              -5766349.40        2476384.57        
209              -5766215.50        2476409.46        
211              -5766101.09        2476431.24        
213              -5766015.67        2476448.96        
215              -5765691.45        2476509.69        
217              -5765582.98        2476529.94        
219              -5765640.94        2476874.10        
221              -5765402.09        2476963.43        
223              -5765350.53        2476973.30        
225              -5764839.03        2477063.14        
227              -5764853.30        2477143.82        
229              -5764594.06        2477190.43        
231              -5764376.25        2477234.33        
233              -5764410.87        2477422.48        
235              -5764433.29        2477539.65        
237              -5764453.58        2477653.65        
239              -5764173.06        2477711.73        
242              -5764142.56        2477719.32        
244              -5764070.78        2477724.59        
246              -5764004.56        2477736.63        
248              -5764025.47        2477851.47        
250              -5763980.87        2477213.20        
251              -5764017.48        2477425.77        
253              -5764035.78        2477532.06        
258              -5764572.70        2477066.43        
283              -5764958.02        2477730.39        
285              -5764927.72        2477583.33        
287              -5764901.54        2477438.42        
290              -5765524.45        2476224.35        
291              -5765544.77        2476327.32        
293              -5765569.07        2476450.29        
296              -5765741.25        2477454.51        
298              -5765756.11        2477555.35        
301              -5765714.88        2476649.86        
303              -5765736.75        2476779.08        
305              -5765715.23        2476859.19        
307              -5765741.24        2476926.04        
309              -5765768.34        2477081.26        
311              -5765775.63        2477153.83        
313              -5765773.20        2477248.58        
315              -5765792.65        2477329.21        
319              -5765811.22        2477440.25        
322              -5766492.11        2476549.18        
324              -5766530.61        2476729.00        
326              -5766555.57        2476805.54        
328              -5766573.03        2476945.72        
330              -5766613.77        2477100.06        
332              -5766616.09        2477241.99        
334              -5766635.97        2477359.21        
336              -5766586.91        2477387.01        
338              -5766408.60        2477401.90        
340              -5765972.34        2477474.29        
342              -5765892.45        2477425.85        
345              -5765894.10        2477433.15        
349              -5765752.02        2477460.24        
351              -5765789.11        2477682.90        
354              -5766686.62        2476519.91        
355              -5766726.52        2476663.30        
357              -5766764.83        2476825.87        
359              -5766749.31        2476926.45        
361              -5766782.50        2477145.47        
363              -5766806.87        2477236.50        
365              -5766791.54        2477330.20        
368              -5766518.42        2475834.71        
369              -5766541.83        2475959.83        
371              -5766577.89        2476065.55        
373              -5766604.34        2476161.29        
375              -5766619.41        2476268.99        
378              -5766279.74        2475955.85        
379              -5766311.00        2476111.42        
382              -5766124.51        2475857.00        
383              -5766142.68        2475937.89        
385              -5766171.54        2476141.34        
387              -5766194.03        2476274.15        
390              -5766020.05        2476007.70        
392              -5766274.93        2476675.89        
394              -5766212.41        2476751.68        
396              -5765880.18        2476905.64        
426              -5766920.82        2476102.57        
428              -5766806.48        2476125.15        
432              -5766822.81        2476231.30        
436              -5766844.59        2476346.47        
444              -5767024.15        2476430.03        
446              -5767056.94        2476606.18        
473              -5767318.30        2477231.73        
474              -5766948.05        2477299.48        
476              -5766842.31        2477257.06        
481              -5766441.67        2475973.85        
482              -5766381.78        2475937.71        
486              -5766409.00        2476095.80        
491              -5766667.63        2476694.25        
493              -5766634.97        2476825.23        
495              -5766713.92        2476920.08        
497              -5766663.79        2476985.96        
498              -5766678.52        2477084.94        
501              -5766381.78        2477051.07        
502              -5766360.00        2477130.11        
504              -5765970.69        2477215.92        
508              -5765933.19        2477060.21        
511              -5766354.56        2477279.16        
512              -5766065.98        2477337.87        
515              -5766261.99        2477575.00        
517              -5766468.90        2477069.13        
518              -5766517.90        2477355.94        
539              -5766238.30        2476896.84        
540              -5765904.23        2476942.60        
543              -5766040.21        2476721.44        
545              -5765895.55        2476614.36        
547              -5765740.07        2476447.76        
548              -5765621.79        2476442.66        
551              -5765701.91        2476258.03        
553              -5765804.29        2476440.81        
555              -5765650.72        2476200.80        
557              -5765944.51        2476130.64        
558              -5765704.75        2476160.88        
561              -5765773.13        2476064.18        
562              -5765750.88        2475933.09        
564              -5765994.27        2475882.06        
567              -5766013.51        2475737.39        
569              -5765282.70        2476580.11        
570              -5765315.34        2476753.73        
576              -5765526.56        2476713.91        
580              -5765332.23        2476852.57        
584              -5765518.88        2476989.48        
585              -5765486.24        2477132.83        
587              -5765436.31        2477136.02        
593              -5765449.75        2477225.22        
596              -5765541.92        2477207.70        
599              -5765307.66        2477218.85        
601              -5765225.09        2477237.96        
603              -5765036.91        2477301.67        
605              -5765056.11        2477408.40        
608              -5765420.95        2477344.68        
613              -5765656.10        2477452.81        
615              -5765562.41        2477465.24        
617              -5765198.88        2477530.53        
620              -5765198.88        2477089.08        
623              -5765159.79        2476628.16        
625              -5765021.76        2476634.19        
627              -5764929.74        2476660.30        
629              -5764784.45        2476754.72        
631              -5764762.65        2476638.21        
633              -5764800.23        2476848.13        
635              -5764818.39        2476950.07        
639              -5764985.44        2476814.98        
643              -5765083.63        2476901.90        
647              -5764981.42        2476715.59        
652              -5765527.07        2476941.96        
655              -5765026.65        2477028.79        
658              -5763971.94        2477970.87        
660              -5763951.32        2478026.31        
670              -5766576.59        2476973.88        
673              -5765908.76        2477489.78        
679              -5767187.78        2475670.95        
684              -5765614.33        2477814.25        
686              -5765527.03        2477657.31        
692              -5766358.21        2476441.37        
694              -5766227.51        2476474.23        
700              -5765794.38        2477783.20        
710              -5767227.99        2475897.72        
711              -5767365.51        2477474.87        
713              -5766845.96        2477581.19        
715              -5766761.19        2477596.00        
717              -5766337.32        2477677.42        
722              -5765104.17        2477714.20        
725              -5767297.34        2476181.71        
726              -5767421.91        2476604.32        
727              -5767457.13        2476993.79        
731              -5764646.70        2477615.28        
735              -5765136.60        2476401.01        

[MAP]
DIMENSIONS -5767457.13 2475670.95 -5763951.32 2478026.31
Units      None

[REPORT]
INPUT            YES
SUBCATCHMENTS    ALL
NODES            ALL
LINKS            ALL



