;; SWMM5 .inp converted from XPSWMM .xp file
;; Generated by XPSWMM Card Reader
;; Source format: XP_CARD | Original title: CATCHMENT TRIBUTARY TO MONITOR 20.  USING OVERSIZED CHANNEL & ORIFICE

[TITLE]
;;Project Title/Notes
CATCHMENT TRIBUTARY TO MONITOR 20.  USING OVERSIZED CHANNEL & ORIFICE

[OPTIONS]
FLOW_UNITS           CMS
INFILTRATION         HORTON
FLOW_ROUTING         DYNWAVE
LINK_OFFSETS         DEPTH
MIN_SLOPE            0.0
ALLOW_PONDING        NO
SKIP_STEADY_STATE    NO
ROUTING_STEP         00:00:30
VARIABLE_STEP        0.75
INERTIAL_DAMPING     PARTIAL
NORMAL_FLOW_LIMITED  BOTH
MAX_TRIALS           50
HEAD_TOLERANCE       .001

[JUNCTIONS]
;;Name           Elev       MaxDepth   InitDepth  SurDepth   Aponded
;;-------------- ---------- ---------- ---------- ---------- ----------
883              700.89     0          0          0          0
884              698.60     0          0          0          0
8841             695.09     0          0          0          0
8842             694.48     0          0          0          0
8843             690.98     0          0          0          0
7842             688.54     0          0          0          0
8844             689.15     0          0          0          0
885              688.39     0          0          0          0
886              688.39     0          0          0          0
8861             688.69     0          0          0          0
887              690.37     0          0          0          0
888              690.52     0          0          0          0
889              686.71     0          0          0          0
8891             685.95     0          0          0          0
890              684.27     0          0          0          0
8901             683.82     0          0          0          0
8902             683.05     0          0          0          0
8911             682.90     0          0          0          0
891              683.51     0          0          0          0
8912             683.36     0          0          0          0
892              683.97     0          0          0          0
8921             684.27     0          0          0          0
893              682.60     0          0          0          0
8931             682.14     0          0          0          0
8932             682.90     0          0          0          0
894              682.29     0          0          0          0
8941             683.21     0          0          0          0
8942             681.38     0          0          0          0
896              679.85     0          0          0          0
895              680.46     0          0          0          0
8951             679.70     0          0          0          0
8952             679.85     0          0          0          0
8953             679.70     0          0          0          0
81053            681.23     0          0          0          0
897              696.16     0          0          0          0
898              690.37     0          0          0          0
8981             688.85     0          0          0          0
899              687.32     0          0          0          0
8991             685.34     0          0          0          0
8992             685.19     0          0          0          0
8100             684.88     0          0          0          0
8101             685.49     0          0          0          0
8102             685.65     0          0          0          0
81051            682.75     0          0          0          0
8103             688.85     0          0          0          0
81031            689.30     0          0          0          0
81032            686.41     0          0          0          0
8104             682.44     0          0          0          0
81041            683.21     0          0          0          0
8105             682.44     0          0          0          0
81052            681.23     0          0          0          0
8106             681.23     0          0          0          0
8107             681.23     0          0          0          0
81081            681.38     0          0          0          0
8108             681.84     0          0          0          0
81102            681.23     0          0          0          0
8109             686.25     0          0          0          0
8110             685.65     0          0          0          0
81101            683.36     0          0          0          0
8111             683.21     0          0          0          0
N1               694.00     0          0          0          0
N2               688.60     0          0          0          0
7108C            0          0          0          0          0
7108S            0          0          0          0          0
6108C            0          0          0          0          0
6108S            0          0          0          0          0
7107C            0          0          0          0          0
7107S            0          0          0          0          0
71051C           0          0          0          0          0
71051S           0          0          0          0          0
7100C            0          0          0          0          0
7100S            0          0          0          0          0
799C             0          0          0          0          0
799S             0          0          0          0          0
798C             0          0          0          0          0
798S             0          0          0          0          0
797C             0          0          0          0          0
797S             0          0          0          0          0
783C             0          0          0          0          0
783S             0          0          0          0          0
784C             0          0          0          0          0
784S             0          0          0          0          0
785C             0          0          0          0          0
785S             0          0          0          0          0
786C             0          0          0          0          0
786S             0          0          0          0          0
789C             0          0          0          0          0
789S             0          0          0          0          0
792C             0          0          0          0          0
792S             0          0          0          0          0
7103C            0          0          0          0          0
7103S            0          0          0          0          0
794C             0          0          0          0          0
794S             0          0          0          0          0
795C             0          0          0          0          0
795S             0          0          0          0          0
7953C            0          0          0          0          0
7953S            0          0          0          0          0
6953C            0          0          0          0          0
6953S            0          0          0          0          0
6107C            0          0          0          0          0
6107S            0          0          0          0          0

[CONDUITS]
;;Name           From             To               Length     Roughness  InOffset   OutOffset  InitFlow   MaxFlow
;;-------------- ---------------- ---------------- ---------- ---------- ---------- ---------- ---------- ----------
L883             883              884              270.36     0.0150     694.64     693.67     0          0
L884             884              8841             154.78     0.0150     691.80     689.88     0          0
L8841            8841             8842             217.93     0.0150     689.88     689.23     0          0
LN2              ?                Node_1156535     18.00      0.0150     685.23     684.43     0          0
L8843            8843             8844             79.14      0.0110     684.65     684.42     0          0
L8844            8844             885              248.41     0.0150     684.27     683.52     0          0
L885             885              886              210.92     0.0150     682.73     682.31     0          0
L886             886              8861             67.06      0.0100     682.31     682.18     0          0
L8861            8861             887              162.15     0.0150     682.18     680.16     0          0
L887             887              888              235.00     0.0150     680.13     679.62     0          0
L888             888              889              304.19     0.0150     679.59     678.98     0          0
L889             889              8891             95.43      0.0120     678.98     676.90     0          0
L8891            8891             890              112.88     0.0120     676.90     676.65     0          0
L890             890              8901             66.14      0.0100     676.60     676.40     0          0
L8901            8901             8902             108.51     0.0130     676.40     676.31     0          0
L8902            8902             8911             116.74     0.0130     676.30     676.15     0          0
L891             891              8911             120.40     0.0130     678.12     677.83     0          0
L8911            8911             8912             84.70      0.0110     676.15     676.04     0          0
L8912            8912             892              103.63     0.0120     676.04     675.90     0          0
L892             892              8921             95.10      0.0120     675.90     675.61     0          0
L8921            8921             893              94.79      0.0120     675.61     675.31     0          0
L893             893              8931             49.68      0.0080     675.31     675.16     0          0
L8931            8931             8932             108.20     0.0130     675.16     674.82     0          0
L8932            8932             894              81.38      0.0110     674.82     674.76     0          0
L894             894              8941             476.10     0.0150     674.76     673.78     0          0
81041A           81041            8941             13.70      0.0150     678.20     678.26     0          0
L8941            8941             8942             416.05     0.0150     673.78     672.90     0          0
L8942            8942             896              87.02      0.0110     672.86     672.53     0          0
L895             895              8951             136.09     0.0140     674.40     673.91     0          0
L8951            8951             8952             170.99     0.0150     673.55     673.22     0          0
L8952            8952             8953             91.44      0.0120     673.14     672.71     0          0
L8953            8953             896              97.38      0.0120     672.68     672.60     0          0
L896             896              81053            349.91     0.0150     672.18     671.59     0          0
L897             897              898              362.41     0.0150     690.53     686.22     0          0
L898             898              8981             148.13     0.0150     684.41     684.23     0          0
L8981            8981             899              204.52     0.0150     683.12     681.87     0          0
L899             899              8991             160.02     0.0150     681.81     681.34     0          0
L8991            8991             8992             465.43     0.0150     681.20     680.14     0          0
L8992            8992             8100             86.56      0.0110     680.14     680.13     0          0
L8100            8100             8101             87.93      0.0110     679.67     679.28     0          0
L8101            8101             8102             145.39     0.0150     678.00     677.21     0          0
L8102            8102             81051            204.22     0.0264     677.21     673.72     0          0
L8103            8103             81031            129.22     0.0140     681.46     680.98     0          0
L81031           81031            81032            320.65     0.0150     680.94     679.77     0          0
L81032           81032            8104             394.41     0.0150     679.77     677.78     0          0
L8104            8104             81041            150.57     0.0150     676.27     675.80     0          0
L81041           81041            8105             145.09     0.0150     675.80     675.52     0          0
L8105            8105             81051            137.92     0.0140     675.52     674.60     0          0
L81051           81051            81052            376.73     0.0150     673.72     673.10     0          0
L81052           81052            81053            110.03     0.0130     673.10     672.09     0          0
L81053           81053            8106             64.49      0.0100     671.17     671.14     0          0
L8106            8106             8107             201.00     0.0150     671.14     670.90     0          0
L8107            8107             81081            202.00     0.0150     670.88     670.18     0          0
L8108            8108             81081            100.58     0.0120     675.65     670.18     0          0
L81081           81081            81102            194.00     0.0150     670.18     669.96     0          0
L8109            8109             8110             180.44     0.0150     681.07     680.59     0          0
L8110            8110             81101            304.80     0.0150     679.38     678.28     0          0
L81101           81101            81102            320.34     0.0337     678.28     669.96     0          0
L81102           81102            8111             248.00     0.0150     669.96     669.50     0          0
N1A              ?                Node_1153533     1.22       0.0140     689.26     689.26     0          0
N1B              ?                Node_11531156    39.00      0.1250     689.57     685.23     0          0
L8842            8842             N1               2.00       0.0140     687.40     689.26     0          0
8942A            8942             8952             96.00      0.0217     667.35     673.14     0          0
71081            Node_71081       Node_1228641     41.00      0.0150     0          0          0          0
61081            Node_61081       Node_1232641     101.00     0.0150     0          0          0          0
71071            Node_71071       Node_1236637     153.00     0.0150     0          0          0          0
71051            Node_71051       Node_1240617     229.00     0.0150     0          0          0          0
71001            Node_71001       Node_1244609     222.00     0.0150     0          0          0          0
7991             Node_7991        Node_1248603     190.00     0.0150     0          0          0          0
7981             Node_7981        Node_1252599     117.00     0.0150     0          0          0          0
7971             Node_7971        Node_1256598     133.00     0.0150     0          0          0          0
7831             Node_7831        Node_1260526     103.00     0.0150     0          0          0          0
7841             Node_7841        Node_1264527     72.00      0.0150     0          0          0          0
7851             Node_7851        Node_1268539     97.00      0.0150     0          0          0          0
7861             Node_7861        Node_1272541     172.00     0.0150     0          0          0          0
7891             Node_7891        Node_1276549     70.00      0.0150     0          0          0          0
7921             Node_7921        Node_1280565     129.00     0.0150     0          0          0          0
71031            Node_71031       Node_1284619     91.00      0.0150     0          0          0          0
7941             Node_7941        Node_1288575     108.00     0.0150     0          0          0          0
7951             Node_7951        Node_1292587     91.00      0.0150     0          0          0          0
79531            Node_79531       Node_1296593     138.00     0.0150     0          0          0          0
69531            Node_69531       Node_1300593     105.00     0.0150     0          0          0          0
61071            Node_61071       Node_1304637     105.00     0.0150     0          0          0          0

[ORIFICES]
;;Name           From             To               Type       Offset     Qcoeff     Gated    CloseTime
;;-------------- ---------------- ---------------- ---------- ---------- ---------- -------- ----------
71080            Node_71080       Node_1230641     SIDE       0          0.650      NO       0
61080            Node_61080       Node_1234641     SIDE       0          0.650      NO       0
71070            Node_71070       Node_1238637     SIDE       0          0.650      NO       0
61051            Node_61051       Node_1242617     SIDE       0          0.650      NO       0
71000            Node_71000       Node_1246609     SIDE       0          0.650      NO       0
7990             Node_7990        Node_1250603     SIDE       0          0.650      NO       0
7980             Node_7980        Node_1254599     SIDE       0          0.650      NO       0
7970             Node_7970        Node_1258598     SIDE       0          0.650      NO       0
7830             Node_7830        Node_1262526     SIDE       0          0.650      NO       0
7840             Node_7840        Node_1266527     SIDE       0          0.650      NO       0
7850             Node_7850        Node_1270539     SIDE       0          0.650      NO       0
7860             Node_7860        Node_1274541     SIDE       0          0.650      NO       0
7890             Node_7890        Node_1278549     SIDE       0          0.650      NO       0
7920             Node_7920        Node_1282565     SIDE       0          0.650      NO       0
71030            Node_71030       Node_1286619     SIDE       0          0.650      NO       0
7940             Node_7940        Node_1290575     SIDE       0          0.650      NO       0
7950             Node_7950        Node_1294587     SIDE       0          0.650      NO       0
79530            Node_79530       Node_1298593     SIDE       0          0.650      NO       0
69530            Node_69530       Node_1302593     SIDE       0          0.650      NO       0
61070            Node_61070       Node_1306637     SIDE       0          0.650      NO       0

[XSECTIONS]
;;Link           Shape        Geom1      Geom2      Geom3      Geom4      Barrels
;;-------------- ------------ ---------- ---------- ---------- ---------- ----------
L883             CIRCULAR     1.05       0          0          0          1
L884             CIRCULAR     1.05       0          0          0          1
L8841            CIRCULAR     1.05       0          0          0          1
LN2              RECT_CLOSED  1.22       1.22       0          0          1
L8843            CIRCULAR     1.05       0          0          0          1
L8844            CIRCULAR     1.20       0          0          0          1
L885             CIRCULAR     1.35       0          0          0          1
L886             CIRCULAR     1.35       0          0          0          1
L8861            CIRCULAR     1.35       0          0          0          1
L887             CIRCULAR     1.35       0          0          0          1
L888             CIRCULAR     1.35       0          0          0          1
L889             CIRCULAR     1.35       0          0          0          1
L8891            CIRCULAR     1.35       0          0          0          1
L890             CIRCULAR     1.35       0          0          0          1
L8901            CIRCULAR     1.35       0          0          0          1
L8902            CIRCULAR     1.35       0          0          0          1
L891             CIRCULAR     1.05       0          0          0          1
L8911            CIRCULAR     1.35       0          0          0          1
L8912            CIRCULAR     1.35       0          0          0          1
L892             CIRCULAR     1.35       0          0          0          1
L8921            CIRCULAR     1.35       0          0          0          1
L893             CIRCULAR     1.35       0          0          0          1
L8931            CIRCULAR     1.35       0          0          0          1
L8932            CIRCULAR     1.35       0          0          0          1
L894             CIRCULAR     1.35       0          0          0          1
81041A           CIRCULAR     0.75       0          0          0          1
L8941            CIRCULAR     1.35       0          0          0          1
L8942            CIRCULAR     1.35       0          0          0          1
L895             CIRCULAR     1.05       0          0          0          1
L8951            CIRCULAR     1.35       0          0          0          1
L8952            CIRCULAR     1.35       0          0          0          1
L8953            CIRCULAR     1.35       0          0          0          1
L896             CIRCULAR     1.95       0          0          0          1
L897             CIRCULAR     0.90       0          0          0          1
L898             CIRCULAR     1.05       0          0          0          1
L8981            CIRCULAR     1.05       0          0          0          1
L899             CIRCULAR     1.20       0          0          0          1
L8991            CIRCULAR     1.20       0          0          0          1
L8992            CIRCULAR     1.20       0          0          0          1
L8100            CIRCULAR     1.20       0          0          0          1
L8101            CIRCULAR     1.20       0          0          0          1
L8102            CIRCULAR     1.20       0          0          0          1
L8103            CIRCULAR     1.05       0          0          0          1
L81031           CIRCULAR     1.05       0          0          0          1
L81032           CIRCULAR     1.05       0          0          0          1
L8104            CIRCULAR     1.05       0          0          0          1
L81041           CIRCULAR     1.20       0          0          0          1
L8105            CIRCULAR     1.20       0          0          0          1
L81051           CIRCULAR     1.95       0          0          0          1
L81052           CIRCULAR     1.95       0          0          0          1
L81053           HORSESHOE    3.17       1.95       0          0          1
L8106            HORSESHOE    3.17       1.95       0          0          1
L8107            HORSESHOE    3.17       1.95       0          0          1
L8108            CIRCULAR     1.05       0          0          0          1
L81081           HORSESHOE    3.17       1.95       0          0          1
L8109            CIRCULAR     0.90       0          0          0          1
L8110            CIRCULAR     0.90       0          0          0          1
L81101           CIRCULAR     0.90       0          0          0          1
L81102           HORSESHOE    3.17       1.95       0          0          1
N1A              CIRCULAR     0.20       0          0          0          1
N1B              HORSESHOE    1.75       1.37       0          0          1
L8842            CIRCULAR     1.05       0          0          0          1
8942A            CIRCULAR     0.25       0          0          0          1
71081            TRAPEZOIDAL  0.50       9.50       0          0          1
61081            TRAPEZOIDAL  0.50       9.50       0          0          1
71071            TRAPEZOIDAL  0.50       9.50       0          0          1
71051            TRAPEZOIDAL  0.50       9.50       0          0          1
71001            TRAPEZOIDAL  0.50       14.00      0          0          1
7991             TRAPEZOIDAL  0.50       9.50       0          0          1
7981             TRAPEZOIDAL  0.50       9.50       0          0          1
7971             TRAPEZOIDAL  0.50       14.00      0          0          1
7831             TRAPEZOIDAL  0.50       9.50       0          0          1
7841             TRAPEZOIDAL  0.50       9.50       0          0          1
7851             TRAPEZOIDAL  0.50       11.50      0          0          1
7861             TRAPEZOIDAL  0.50       11.50      0          0          1
7891             TRAPEZOIDAL  0.50       11.50      0          0          1
7921             TRAPEZOIDAL  0.50       14.00      0          0          1
71031            TRAPEZOIDAL  0.50       9.50       0          0          1
7941             TRAPEZOIDAL  0.50       11.50      0          0          1
7951             TRAPEZOIDAL  0.50       9.50       0          0          1
79531            TRAPEZOIDAL  0.50       14.00      0          0          1
69531            TRAPEZOIDAL  0.50       43.00      0          0          1
61071            TRAPEZOIDAL  0.50       47.00      0          0          1
71080            RECT_CLOSED  0.50       0          0          0          
61080            RECT_CLOSED  0.50       0          0          0          
71070            RECT_CLOSED  0.50       0          0          0          
61051            RECT_CLOSED  0.50       0          0          0          
71000            RECT_CLOSED  0.50       0          0          0          
7990             RECT_CLOSED  0.50       0          0          0          
7980             RECT_CLOSED  0.50       0          0          0          
7970             RECT_CLOSED  0.50       0          0          0          
7830             RECT_CLOSED  0.50       0          0          0          
7840             RECT_CLOSED  0.50       0          0          0          
7850             RECT_CLOSED  0.50       0          0          0          
7860             RECT_CLOSED  0.50       0          0          0          
7890             RECT_CLOSED  0.50       0          0          0          
7920             RECT_CLOSED  0.50       0          0          0          
71030            RECT_CLOSED  0.50       0          0          0          
7940             RECT_CLOSED  0.50       0          0          0          
7950             RECT_CLOSED  0.50       0          0          0          
79530            RECT_CLOSED  0.50       0          0          0          
69530            RECT_CLOSED  0.50       0          0          0          
61070            RECT_CLOSED  0.50       0          0          0          

[LOSSES]
;;Link           Inlet      Outlet     Average    Flap Gate
;;-------------- ---------- ---------- ---------- ----------
L883             0          0          0          NO
L884             0          0          0          NO
L8841            0          0          0          NO
LN2              0          0          0          NO
L8843            0          0          0          NO
L8844            0          0          0          NO
L885             0          0          0          NO
L886             0          0          0          NO
L8861            0          0          0          NO
L887             0          0          0          NO
L888             0          0          0          NO
L889             0          0          0          NO
L8891            0          0          0          NO
L890             0          0          0          NO
L8901            0          0          0          NO
L8902            0          0          0          NO
L891             0          0          0          NO
L8911            0          0          0          NO
L8912            0          0          0          NO
L892             0          0          0          NO
L8921            0          0          0          NO
L893             0          0          0          NO
L8931            0          0          0          NO
L8932            0          0          0          NO
L894             0          0          0          NO
81041A           0          0          0          NO
L8941            0          0          0          NO
L8942            0          0          0          NO
L895             0          0          0          NO
L8951            0          0          0          NO
L8952            0          0          0          NO
L8953            0          0          0          NO
L896             0          0          0          NO
L897             0          0          0          NO
L898             0          0          0          NO
L8981            0          0          0          NO
L899             0          0          0          NO
L8991            0          0          0          NO
L8992            0          0          0          NO
L8100            0          0          0          NO
L8101            0          0          0          NO
L8102            0          0          0          NO
L8103            0          0          0          NO
L81031           0          0          0          NO
L81032           0          0          0          NO
L8104            0          0          0          NO
L81041           0          0          0          NO
L8105            0          0          0          NO
L81051           0          0          0          NO
L81052           0          0          0          NO
L81053           0          0          0          NO
L8106            0          0          0          NO
L8107            0          0          0          NO
L8108            0          0          0          NO
L81081           0          0          0          NO
L8109            0          0          0          NO
L8110            0          0          0          NO
L81101           0          0          0          NO
L81102           0          0          0          NO
N1A              0          0          0          NO
N1B              0          0          0          NO
L8842            0          0          0          NO
8942A            0          0          0          NO
71081            0          0          0          NO
61081            0          0          0          NO
71071            0          0          0          NO
71051            0          0          0          NO
71001            0          0          0          NO
7991             0          0          0          NO
7981             0          0          0          NO
7971             0          0          0          NO
7831             0          0          0          NO
7841             0          0          0          NO
7851             0          0          0          NO
7861             0          0          0          NO
7891             0          0          0          NO
7921             0          0          0          NO
71031            0          0          0          NO
7941             0          0          0          NO
7951             0          0          0          NO
79531            0          0          0          NO
69531            0          0          0          NO
61071            0          0          0          NO

[COORDINATES]
;;Node           X-Coord            Y-Coord
;;-------------- ------------------ ------------------
883              -21105.88          144664.39         
884              -25691.15          149759.54         
8841             -30016.91          150077.74         
8842             -31716.72          149271.28         
8843             -34762.96          147385.27         
7842             -36462.45          160161.88         
8844             -36350.17          145315.89         
885              -34418.94          144095.63         
886              -35614.76          139764.73         
8861             -38707.48          136308.32         
887              -39315.08          134139.59         
888              -36547.27          129989.71         
889              -36062.52          126578.58         
8891             -35675.29          123348.29         
890              -35569.01          120049.02         
8901             -35933.32          116711.36         
8902             -38226.78          113470.36         
8911             -39146.03          110308.18         
891              -42875.10          110820.14         
8912             -37982.55          107666.21         
892              -36283.18          106053.10         
8921             -36402.09          102608.67         
893              -39375.75          100019.69         
8931             -41038.63          96246.08          
8932             -43376.49          90083.42          
894              -44573.76          84426.69          
8941             -45151.85          72489.01          
8942             -46667.53          64859.78          
896              -45523.36          58420.69          
895              -63425.62          65126.29          
8951             -60210.87          65749.02          
8952             -55295.78          65124.72          
8953             -54234.37          58398.67          
81053            -32258.33          58893.93          
897              -26221.04          129087.11         
898              -27128.21          122308.91         
8981             -27791.81          116084.85         
899              -27655.31          110364.75         
8991             -26925.10          104812.90         
8992             -25186.05          91627.55          
8100             -22436.66          86337.81          
8101             -25088.37          83889.68          
8102             -28167.01          81334.66          
81051            -32715.98          75557.84          
8103             -64289.28          89880.37          
81031            -64407.85          82802.39          
81032            -53482.47          83056.97          
8104             -53866.73          76728.26          
81041            -47144.25          75990.94          
8105             -39655.03          75678.47          
81052            -33244.47          67402.90          
8106             -28736.70          59386.43          
8107             -23732.67          59617.46          
81081            -18253.81          59856.20          
8108             -17779.78          66006.27          
81102            -11830.78          59119.79          
8109             -13155.53          83862.00          
8110             -12866.74          79491.69          
81101            -13248.72          73588.58          
8111             -6348.77           59411.94          
N1               -32786.54          148737.71         
N2               -35255.28          154350.05         
7108C            -22086.91          64931.71          
7108S            -15920.55          74383.58          
6108C            -21042.36          70349.16          
6108S            -13733.84          64225.49          
7107C            -23244.62          46150.07          
7107S            -27589.53          70773.00          
71051C           -37603.16          86046.10          
71051S           -31720.97          88122.46          
7100C            -17952.71          89258.21          
7100S            -20620.48          82671.42          
799C             -23416.05          111470.55         
799S             -32306.27          106847.88         
798C             -20139.45          122855.59         
798S             -28003.99          140535.66         
797C             -25056.65          134291.39         
797S             -15895.07          130762.24         
783C             -16384.30          151847.16         
783S             -14821.70          144253.58         
784C             -27109.03          158145.98         
784S             -22481.59          156067.69         
785C             -41277.67          145607.59         
785S             -39590.05          150953.75         
786C             -41947.77          139761.07         
786S             -33250.37          135957.40         
789C             -44397.36          129345.92         
789S             -42353.79          122454.97         
792C             -46399.73          105543.97         
792S             -45235.64          100583.04         
7103C            -69597.63          97744.38          
7103S            -75373.06          90965.18          
794C             -50563.60          92346.87          
794S             -38831.90          80207.42          
795C             -71901.39          70065.36          
795S             -72353.26          59711.79          
7953C            -61938.90          54957.01          
7953S            -57561.51          43266.92          
6953C            -52340.26          43707.69          
6953S            -47363.99          47232.20          
6107C            -31335.04          47828.49          
6107S            -16190.08          49850.91          

[MAP]
DIMENSIONS -75373.06 43266.92 -6348.77 160161.88
Units      None

[REPORT]
INPUT            YES
SUBCATCHMENTS    ALL
NODES            ALL
LINKS            ALL



