;; SWMM5 .inp converted from XPSWMM .xp file
;; Generated by XPSWMM Card Reader
;; Source format: XP_CARD | Original title: B-15 COOLING WATER RETURN MODEL

[TITLE]
;;Project Title/Notes
B-15 COOLING WATER RETURN MODEL

[OPTIONS]
FLOW_UNITS           CFS
INFILTRATION         HORTON
FLOW_ROUTING         DYNWAVE
LINK_OFFSETS         DEPTH
MIN_SLOPE            0.0
ALLOW_PONDING        NO
SKIP_STEADY_STATE    NO
ROUTING_STEP         00:00:01
VARIABLE_STEP        0.75
INERTIAL_DAMPING     PARTIAL
NORMAL_FLOW_LIMITED  BOTH
MAX_TRIALS           50

[JUNCTIONS]
;;Name           Elev       MaxDepth   InitDepth  SurDepth   Aponded
;;-------------- ---------- ---------- ---------- ---------- ----------
2                287.10     0          0          0          0
3                286.00     0          0          0          0
5                286.00     0          0          0          0
7                284.59     0          0          0          0
11               284.54     0          0          0          0
13               300.00     0          0          0          0
15               281.17     0          0          0          0
17               287.50     0          0          0          0
23               300.00     0          0          0          0
34               300.00     0          0          0          0
40               281.00     0          0          0          0
43               300.00     0          0          0          0
46               279.25     0          0          0          0
50               273.00     0          0          0          0
55               287.50     0          0          0          0
57               300.00     0          0          0          0
63               300.00     0          0          0          0
75               281.75     0          0          0          0
79               282.50     0          0          0          0
81               300.00     0          0          0          0
83               279.00     0          0          0          0
89               300.00     0          0          0          0
99               288.00     0          0          0          0
100              281.00     0          0          0          0
102              279.25     0          0          0          0
105              300.00     0          0          0          0
106              300.00     0          0          0          0
109              280.33     0          0          0          0
111              279.33     0          0          0          0
122              280.93     0          0          0          0
128              300.00     0          0          0          0
130              282.12     0          0          0          0
134              280.84     0          0          0          0
141              281.48     0          0          0          0
143              282.98     0          0          0          0
144              282.95     0          0          0          0
147              300.00     0          0          0          0
148              300.00     0          0          0          0
153              283.51     0          0          0          0
154              283.07     0          0          0          0
156              282.40     0          0          0          0
158              300.00     0          0          0          0
160              300.00     0          0          0          0
164              300.00     0          0          0          0
170              282.26     0          0          0          0
174              284.50     0          0          0          0
175              285.00     0          0          0          0
180              300.00     0          0          0          0
183              300.00     0          0          0          0
185              300.00     0          0          0          0
188              300.00     0          0          0          0
191              300.00     0          0          0          0
194              287.00     0          0          0          0
203              300.00     0          0          0          0
223              284.27     0          0          0          0
229              278.79     0          0          0          0
230              279.50     0          0          0          0
238              281.82     0          0          0          0
240              282.00     0          0          0          0
242              281.00     0          0          0          0
244              280.40     0          0          0          0
246              280.00     0          0          0          0
248              280.09     0          0          0          0
255              277.17     0          0          0          0
257              277.00     0          0          0          0
259              273.50     0          0          0          0
266              300.00     0          0          0          0
268              300.00     0          0          0          0
271              284.22     0          0          0          0
273              283.00     0          0          0          0
278              282.12     0          0          0          0
281              279.50     0          0          0          0
282              278.83     0          0          0          0
283              278.83     0          0          0          0
284              277.91     0          0          0          0
289              288.50     0          0          0          0
292              278.38     0          0          0          0
294              284.50     0          0          0          0
295              284.50     0          0          0          0
301              284.50     0          0          0          0
307              284.00     0          0          0          0
308              284.00     0          0          0          0
309              283.50     0          0          0          0
317              282.00     0          0          0          0
320              283.50     0          0          0          0
321              283.50     0          0          0          0
325              270.00     0          0          0          0
327              281.00     0          0          0          0
328              281.00     0          0          0          0
329              281.00     0          0          0          0
334              284.12     0          0          0          0
349              300.00     0          0          0          0
363              300.00     0          0          0          0
351              280.33     0          0          0          0
352              0          0          0          0          0
358              300.00     0          0          0          0
359              300.00     0          0          0          0
372              300.00     0          0          0          0
373              278.00     0          0          0          0
355              300.00     0          0          0          0
366              300.00     0          0          0          0
365              288.00     0          0          0          0

[CONDUITS]
;;Name           From             To               Length     Roughness  InOffset   OutOffset  InitFlow   MaxFlow
;;-------------- ---------------- ---------------- ---------- ---------- ---------- ---------- ---------- ----------
4                2                3                30.00      0.0150     282.32     281.83     0          0
6                3                5                75.00      0.0150     279.00     278.13     0          0
8                5                7                78.00      0.0150     278.13     277.30     0          0
14               11               13               62.00      0.0150     276.00     275.25     0          0
18               17               349              32.00      0.0150     281.50     281.32     0          0
35               23               34               7.00       0.0140     281.25     281.20     0          0
42               40               15               41.00      0.0150     274.41     273.50     0          0
44               15               43               48.00      0.0150     273.50     273.19     0          0
47               43               46               80.00      0.0150     273.19     272.56     0          0
58               55               57               16.00      0.0150     280.00     278.50     0          0
59               57               321              34.00      0.0150     278.50     276.18     0          0
82               79               81               17.00      0.0140     276.63     276.48     0          0
84               46               83               51.00      0.0150     272.56     272.28     0          0
85               83               50               318.00     0.0150     272.28     270.00     0          0
86               81               83               23.00      0.0140     276.48     276.33     0          0
90               89               81               34.00      0.0140     277.47     276.48     0          0
101              99               100              14.00      0.0150     276.00     275.75     0          0
103              100              352              39.00      0.0150     275.00     274.59     0          0
104              102              46               17.00      0.0150     274.49     274.20     0          0
107              105              106              21.00      0.0140     275.19     274.98     0          0
108              106              102              24.00      0.0150     274.98     274.74     0          0
110              109              359              24.00      0.0150     278.83     277.29     0          0
125              122              238              74.00      0.0150     278.17     275.53     0          0
131              128              130              50.00      0.0140     279.69     276.32     0          0
133              130              134              52.00      0.0150     276.32     276.04     0          0
142              141              317              50.00      0.0150     278.50     278.00     0          0
145              143              144              24.00      0.0150     280.25     279.49     0          0
146              144              134              9.00       0.0140     279.49     278.00     0          0
149              147              148              36.00      0.0140     281.00     280.71     0          0
151              148              128              42.00      0.0140     280.71     279.69     0          0
155              153              154              36.00      0.0140     280.50     280.12     0          0
157              154              156              58.00      0.0150     280.00     279.50     0          0
159              156              158              26.00      0.0150     279.50     275.66     0          0
161              160              156              13.00      0.0140     280.00     279.50     0          0
162              134              158              74.00      0.0150     276.04     275.66     0          0
163              158              40               32.00      0.0150     275.66     275.49     0          0
171              170              40               32.00      0.0150     277.20     276.90     0          0
176              174              175              33.00      0.0150     282.50     282.00     0          0
177              175              3                18.00      0.0150     281.75     281.50     0          0
178              40               111              116.00     0.0150     274.41     271.10     0          0
181              17               180              20.00      0.0140     281.50     281.50     0          0
182              180              23               38.00      0.0140     281.50     281.25     0          0
186              183              185              14.00      0.0140     280.30     279.43     0          0
189              185              188              15.00      0.0140     279.43     278.50     0          0
192              13               191              43.00      0.0150     275.25     274.50     0          0
193              191              15               22.00      0.0150     274.50     274.35     0          0
195              2                194              44.00      0.0140     282.32     281.71     0          0
196              194              128              113.00     0.0140     281.71     279.69     0          0
197              130              122              21.00      0.0140     278.67     278.17     0          0
209              203              7                15.00      0.0150     280.41     280.44     0          0
217              188              40               78.00      0.0150     278.50     274.41     0          0
226              223              203              44.00      0.0150     280.32     280.41     0          0
228              164              40               25.00      0.0150     277.70     277.20     0          0
232              111              229              19.00      0.0150     271.10     270.65     0          0
233              229              230              56.00      0.0150     270.65     270.09     0          0
234              75               79               51.00      0.0140     277.04     276.63     0          0
235              63               57               64.00      0.1500     278.83     278.50     0          0
241              238              240              37.00      0.0150     275.53     274.12     0          0
243              240              242              141.00     0.0150     274.12     273.54     0          0
245              242              244              68.00      0.0150     269.36     269.36     0          0
247              244              246              71.00      0.0150     271.79     271.45     0          0
249              246              248              46.00      0.0150     271.45     271.22     0          0
251              248              229              127.00     0.0150     271.22     270.65     0          0
256              229              292              132.00     0.0150     270.65     270.47     0          0
258              255              257              70.00      0.0150     270.24     270.13     0          0
260              257              259              134.00     0.0150     270.13     270.00     0          0
263              7                11               113.00     0.0150     277.28     276.04     0          0
264              34               223              47.00      0.0140     281.25     281.10     0          0
267              266              11               40.00      0.0150     278.81     276.78     0          0
270              223              183              17.00      0.0140     281.10     280.30     0          0
272              271              349              12.00      0.0150     282.00     281.88     0          0
276              273              122              15.00      0.0150     278.42     278.17     0          0
280              278              130              18.00      0.0150     279.25     279.00     0          0
285              281              282              97.00      0.0150     276.60     276.33     0          0
286              282              257              113.00     0.0150     276.33     274.94     0          0
287              283              282              50.00      0.0150     276.33     276.33     0          0
288              284              257              61.00      0.0150     275.91     275.00     0          0
290              289              244              57.00      0.0150     280.30     277.00     0          0
293              292              255              171.00     0.0150     270.47     270.24     0          0
296              294              295              113.00     0.0150     280.00     278.83     0          0
297              295              63               57.00      0.0150     278.83     278.83     0          0
299              7                294              113.00     0.0150     277.28     276.62     0          0
300              294              11               47.00      0.0150     276.62     276.16     0          0
302              294              301              178.00     0.0150     279.97     278.19     0          0
303              301              75               90.00      0.0150     277.94     277.04     0          0
304              295              301              61.00      0.0150     278.83     278.22     0          0
312              83               309              45.00      0.0150     272.28     272.00     0          0
313              309              50               273.00     0.0150     272.00     270.00     0          0
314              294              307              148.00     0.0150     276.62     275.14     0          0
315              307              308              106.00     0.0150     275.14     274.08     0          0
316              308              309              105.00     0.0150     274.08     273.03     0          0
319              317              134              10.00      0.0150     278.00     277.90     0          0
322              320              321              8.00       0.0140     279.41     279.33     0          0
323              321              46               38.00      0.0150     276.18     275.95     0          0
326              230              325              438.00     0.0150     267.63     265.18     0          0
330              242              329              176.00     0.0150     273.54     273.18     0          0
331              329              328              37.00      0.0150     270.43     270.06     0          0
332              328              327              170.00     0.0150     270.06     269.04     0          0
333              327              230              235.00     0.0150     269.04     267.63     0          0
335              334              203              6.00       0.0140     282.00     281.94     0          0
269              268              11               33.00      0.0140     278.50     277.66     0          0
350              349              5                11.00      0.0140     281.32     281.21     0          0
364              363              100              180.00     0.0140     277.75     277.50     0          0
360              358              359              8.00       0.0140     279.08     279.00     0          0
374              109              372              20.00      0.0140     278.33     278.13     0          0
375              372              373              100.00     0.0140     278.13     277.13     0          0
376              351              372              20.00      0.0140     278.33     278.13     0          0
361              352              102              10.00      0.0150     274.59     274.49     0          0
362              359              355              12.00      0.0140     277.29     276.07     0          0
357              355              352              28.00      0.0140     276.07     274.59     0          0
356              351              355              10.00      0.0150     278.83     276.07     0          0
371              366              99               130.00     0.0140     283.80     282.50     0          0
370              366              365              20.00      0.0140     283.80     283.60     0          0
369              365              122              230.00     0.0140     280.03     278.23     0          0

[XSECTIONS]
;;Link           Shape        Geom1      Geom2      Geom3      Geom4      Barrels
;;-------------- ------------ ---------- ---------- ---------- ---------- ----------
4                CIRCULAR     1.50       0          0          0          1
6                CIRCULAR     2.00       0          0          0          1
8                CIRCULAR     2.00       0          0          0          1
14               CIRCULAR     2.00       0          0          0          1
18               CIRCULAR     1.50       0          0          0          1
35               CIRCULAR     0.83       0          0          0          1
42               CIRCULAR     2.00       0          0          0          1
44               CIRCULAR     3.00       0          0          0          1
47               CIRCULAR     3.00       0          0          0          1
58               CIRCULAR     1.25       0          0          0          1
59               CIRCULAR     2.00       0          0          0          1
82               CIRCULAR     1.67       0          0          0          1
84               CIRCULAR     3.00       0          0          0          1
85               CIRCULAR     3.00       0          0          0          1
86               CIRCULAR     1.67       0          0          0          1
90               CIRCULAR     0.50       0          0          0          1
101              CIRCULAR     1.00       0          0          0          1
103              CIRCULAR     1.50       0          0          0          1
104              CIRCULAR     1.50       0          0          0          1
107              CIRCULAR     0.67       0          0          0          1
108              CIRCULAR     1.00       0          0          0          1
110              CIRCULAR     1.00       0          0          0          1
125              CIRCULAR     1.50       0          0          0          1
131              CIRCULAR     1.00       0          0          0          1
133              CIRCULAR     2.00       0          0          0          1
142              CIRCULAR     1.00       0          0          0          1
145              CIRCULAR     1.50       0          0          0          1
146              CIRCULAR     1.50       0          0          0          1
149              CIRCULAR     0.50       0          0          0          1
151              CIRCULAR     0.83       0          0          0          1
155              CIRCULAR     0.83       0          0          0          1
157              CIRCULAR     1.00       0          0          0          1
159              CIRCULAR     1.00       0          0          0          1
161              CIRCULAR     0.50       0          0          0          1
162              CIRCULAR     2.00       0          0          0          1
163              CIRCULAR     2.00       0          0          0          1
171              CIRCULAR     1.00       0          0          0          1
176              CIRCULAR     0.50       0          0          0          1
177              CIRCULAR     0.67       0          0          0          1
178              CIRCULAR     2.00       0          0          0          1
181              CIRCULAR     0.83       0          0          0          1
182              CIRCULAR     0.83       0          0          0          1
186              CIRCULAR     1.17       0          0          0          1
189              CIRCULAR     1.17       0          0          0          1
192              CIRCULAR     2.00       0          0          0          1
193              CIRCULAR     2.00       0          0          0          1
195              CIRCULAR     1.00       0          0          0          1
196              CIRCULAR     1.00       0          0          0          1
197              CIRCULAR     1.00       0          0          0          1
209              CIRCULAR     1.50       0          0          0          1
217              CIRCULAR     1.17       0          0          0          1
226              CIRCULAR     1.50       0          0          0          1
228              CIRCULAR     1.00       0          0          0          1
232              CIRCULAR     2.00       0          0          0          1
233              CIRCULAR     2.00       0          0          0          1
234              CIRCULAR     1.50       0          0          0          1
235              CIRCULAR     2.00       0          0          0          1
241              CIRCULAR     1.50       0          0          0          1
243              CIRCULAR     1.50       0          0          0          1
245              CIRCULAR     3.50       0          0          0          1
247              CIRCULAR     3.50       0          0          0          1
249              CIRCULAR     3.50       0          0          0          1
251              CIRCULAR     3.50       0          0          0          1
256              CIRCULAR     3.50       0          0          0          1
258              CIRCULAR     3.50       0          0          0          1
260              CIRCULAR     3.50       0          0          0          1
263              CIRCULAR     2.00       0          0          0          1
264              CIRCULAR     0.83       0          0          0          1
267              CIRCULAR     1.50       0          0          0          1
270              CIRCULAR     1.17       0          0          0          1
272              CIRCULAR     1.00       0          0          0          1
276              CIRCULAR     0.67       0          0          0          1
280              CIRCULAR     0.50       0          0          0          1
285              CIRCULAR     1.50       0          0          0          1
286              CIRCULAR     1.50       0          0          0          1
287              CIRCULAR     1.00       0          0          0          1
288              CIRCULAR     1.00       0          0          0          1
290              CIRCULAR     1.00       0          0          0          1
293              CIRCULAR     3.50       0          0          0          1
296              CIRCULAR     2.00       0          0          0          1
297              CIRCULAR     2.00       0          0          0          1
299              CIRCULAR     2.00       0          0          0          1
300              CIRCULAR     2.00       0          0          0          1
302              CIRCULAR     2.00       0          0          0          1
303              CIRCULAR     2.00       0          0          0          1
304              CIRCULAR     2.00       0          0          0          1
312              CIRCULAR     3.00       0          0          0          1
313              CIRCULAR     3.00       0          0          0          1
314              CIRCULAR     2.50       0          0          0          1
315              CIRCULAR     2.50       0          0          0          1
316              CIRCULAR     2.50       0          0          0          1
319              CIRCULAR     1.00       0          0          0          1
322              CIRCULAR     0.67       0          0          0          1
323              CIRCULAR     2.00       0          0          0          1
326              CIRCULAR     3.50       0          0          0          1
330              CIRCULAR     1.50       0          0          0          1
331              CIRCULAR     2.00       0          0          0          1
332              CIRCULAR     2.50       0          0          0          1
333              CIRCULAR     3.50       0          0          0          1
335              CIRCULAR     0.50       0          0          0          1
269              CIRCULAR     1.17       0          0          0          1
350              CIRCULAR     1.50       0          0          0          1
364              CIRCULAR     1.00       0          0          0          1
360              CIRCULAR     0.33       0          0          0          1
374              CIRCULAR     0.33       0          0          0          1
375              CIRCULAR     0.33       0          0          0          1
376              CIRCULAR     0.33       0          0          0          1
361              CIRCULAR     1.50       0          0          0          1
362              CIRCULAR     1.00       0          0          0          1
357              CIRCULAR     1.00       0          0          0          1
356              CIRCULAR     1.00       0          0          0          1
371              CIRCULAR     1.00       0          0          0          1
370              CIRCULAR     0.50       0          0          0          1
369              CIRCULAR     0.67       0          0          0          1

[LOSSES]
;;Link           Inlet      Outlet     Average    Flap Gate
;;-------------- ---------- ---------- ---------- ----------
4                0          0          0          NO
6                0          0          0          NO
8                0          0          0          NO
14               0          0          0          NO
18               0          0          0          NO
35               0          0          0          NO
42               0          0          0          NO
44               0          0          0          NO
47               0          0          0          NO
58               0          0          0          NO
59               0          0          0          NO
82               0          0          0          NO
84               0          0          0          NO
85               0          0          0          NO
86               0          0          0          NO
90               0          0          0          NO
101              0          0          0          NO
103              0          0          0          NO
104              0          0          0          NO
107              0          0          0          NO
108              0          0          0          NO
110              0          0          0          NO
125              0          0          0          NO
131              0          0          0          NO
133              0          0          0          NO
142              0          0          0          NO
145              0          0          0          NO
146              0          0          0          NO
149              0          0          0          NO
151              0          0          0          NO
155              0          0          0          NO
157              0          0          0          NO
159              0          0          0          NO
161              0          0          0          NO
162              0          0          0          NO
163              0          0          0          NO
171              0          0          0          NO
176              0          0          0          NO
177              0          0          0          NO
178              0          0          0          NO
181              0          0          0          NO
182              0          0          0          NO
186              0          0          0          NO
189              0          0          0          NO
192              0          0          0          NO
193              0          0          0          NO
195              0          0          0          NO
196              0          0          0          NO
197              0          0          0          NO
209              0          0          0          NO
217              0          0          0          NO
226              0          0          0          NO
228              0          0          0          NO
232              0          0          0          NO
233              0          0          0          NO
234              0          0          0          NO
235              0          0          0          NO
241              0          0          0          NO
243              0          0          0          NO
245              0          0          0          NO
247              0          0          0          NO
249              0          0          0          NO
251              0          0          0          NO
256              0          0          0          NO
258              0          0          0          NO
260              0          0          0          NO
263              0          0          0          NO
264              0          0          0          NO
267              0          0          0          NO
270              0          0          0          NO
272              0          0          0          NO
276              0          0          0          NO
280              0          0          0          NO
285              0          0          0          NO
286              0          0          0          NO
287              0          0          0          NO
288              0          0          0          NO
290              0          0          0          NO
293              0          0          0          NO
296              0          0          0          NO
297              0          0          0          NO
299              0          0          0          NO
300              0          0          0          NO
302              0          0          0          NO
303              0          0          0          NO
304              0          0          0          NO
312              0          0          0          NO
313              0          0          0          NO
314              0          0          0          NO
315              0          0          0          NO
316              0          0          0          NO
319              0          0          0          NO
322              0          0          0          NO
323              0          0          0          NO
326              0          0          0          NO
330              0          0          0          NO
331              0          0          0          NO
332              0          0          0          NO
333              0          0          0          NO
335              0          0          0          NO
269              0          0          0          NO
350              0          0          0          NO
364              0          0          0          NO
360              0          0          0          NO
374              0          0          0          NO
375              0          0          0          NO
376              0          0          0          NO
361              0          0          0          NO
362              0          0          0          NO
357              0          0          0          NO
356              0          0          0          NO
371              0          0          0          NO
370              0          0          0          NO
369              0          0          0          NO

[COORDINATES]
;;Node           X-Coord            Y-Coord
;;-------------- ------------------ ------------------
2                -5653.64           2978.65           
3                -5653.87           2925.26           
5                -5526.50           2928.59           
7                -5409.32           2925.26           
11               -5309.53           2984.36           
13               -5306.68           3086.81           
15               -5308.35           3174.96           
17               -5527.51           2977.23           
23               -5482.38           3016.26           
34               -5472.18           3016.63           
40               -5372.29           3175.87           
43               -5239.32           3175.87           
46               -5126.89           3178.32           
50               -4803.08           3294.69           
55               -5169.18           3098.26           
57               -5144.59           3096.69           
63               -5145.51           3005.04           
75               -5052.18           3054.33           
79               -5051.29           3125.75           
81               -5050.94           3150.47           
83               -5050.93           3180.06           
89               -5021.99           3137.82           
99               -5145.77           3295.44           
100              -5126.67           3291.30           
102              -5126.67           3215.99           
105              -5069.36           3212.12           
106              -5089.30           3212.12           
109              -5204.44           3231.71           
111              -5371.74           3340.47           
122              -5591.69           3231.84           
128              -5590.42           3120.72           
130              -5591.12           3195.96           
134              -5531.32           3175.99           
141              -5451.19           3213.17           
143              -5543.15           3120.74           
144              -5531.85           3151.35           
147              -5554.53           3067.88           
148              -5547.38           3099.09           
153              -5500.24           3067.24           
154              -5498.53           3118.15           
156              -5422.34           3136.56           
158              -5422.12           3176.06           
160              -5443.10           3137.93           
164              -5353.63           3202.84           
170              -5366.92           3137.43           
174              -5613.85           2986.09           
175              -5638.76           2939.95           
180              -5527.93           3009.97           
183              -5408.85           3042.80           
185              -5408.85           3075.14           
188              -5408.85           3106.38           
191              -5305.71           3139.99           
194              -5656.05           3069.95           
203              -5410.14           2952.52           
223              -5409.05           3011.47           
229              -5374.44           3350.28           
230              -5373.50           3388.68           
238              -5676.37           3231.75           
240              -5686.89           3231.82           
242              -5687.10           3373.30           
244              -5637.35           3373.30           
246              -5596.38           3373.30           
248              -5593.16           3350.83           
255              -4949.11           3352.24           
257              -4828.76           3354.58           
259              -4790.76           3365.06           
266              -5329.54           2983.24           
268              -5281.43           3004.57           
271              -5508.86           2941.98           
273              -5575.67           3218.33           
278              -5596.64           3195.92           
281              -4858.55           3092.59           
282              -4827.89           3209.50           
283              -4902.69           3207.46           
284              -4816.59           3259.31           
289              -5656.12           3348.77           
292              -5221.00           3352.01           
294              -5310.09           2924.39           
295              -5148.66           2924.04           
301              -5055.19           2921.31           
307              -5102.54           2920.84           
308              -5012.30           3000.99           
309              -5014.05           3179.78           
317              -5512.71           3184.73           
320              -5114.73           3135.54           
321              -5126.43           3135.93           
325              -4791.96           3388.13           
327              -5662.97           3388.02           
328              -5662.53           3440.35           
329              -5687.01           3440.28           
334              -5395.54           2951.97           
349              -5526.87           2942.77           
363              -5118.18           3295.46           
351              -5182.20           3230.80           
352              -5126.64           3220.48           
358              -5194.04           3213.43           
359              -5193.73           3221.48           
372              -5193.73           3231.05           
373              -5193.73           3243.38           
355              -5182.20           3221.48           
366              -5346.41           3296.29           
365              -5394.71           3296.97           

[MAP]
DIMENSIONS -5687.10 2920.84 -4790.76 3440.35
Units      None

[REPORT]
INPUT            YES
SUBCATCHMENTS    ALL
NODES            ALL
LINKS            ALL



