;; SWMM5 .inp converted from XPSWMM .xp file
;; Generated by XPSWMM Card Reader
;; Source format: XP_CARD | Original title: ST. JOHN THE BAPTIST PARISH, BASIN 12W, 13W AND 14W

[TITLE]
;;Project Title/Notes
ST. JOHN THE BAPTIST PARISH, BASIN 12W, 13W AND 14W

[OPTIONS]
FLOW_UNITS           CFS
INFILTRATION         HORTON
FLOW_ROUTING         DYNWAVE
LINK_OFFSETS         DEPTH
MIN_SLOPE            0.0
ALLOW_PONDING        NO
SKIP_STEADY_STATE    NO
ROUTING_STEP         00:00:15
VARIABLE_STEP        0.75
INERTIAL_DAMPING     PARTIAL
NORMAL_FLOW_LIMITED  BOTH

[JUNCTIONS]
;;Name           Elev       MaxDepth   InitDepth  SurDepth   Aponded
;;-------------- ---------- ---------- ---------- ---------- ----------
2                17.00      0          0          0          0
3                17.00      0          0          0          0
5                9.65       0          0          0          0
7                5.70       0          0          0          0
9                16.35      0          0          0          0
10               9.70       0          0          0          0
14               5.70       0          0          0          0
18               17.10      0          0          0          0
19               9.30       0          0          0          0
21               6.00       0          0          0          0
24               4.00       0          0          0          0
27               4.00       0          0          0          0
29               15.35      0          0          0          0
30               9.52       0          0          0          0
33               3.54       0          0          0          0
35               17.50      0          0          0          0
36               17.50      0          0          0          0
38               17.10      0          0          0          0
40               13.60      0          0          0          0
42               13.30      0          0          0          0
44               9.00       0          0          0          0
46               4.00       0          0          0          0
48               4.35       0          0          0          0
50               5.20       0          0          0          0
52               7.00       0          0          0          0
54               7.00       0          0          0          0
56               4.10       0          0          0          0
58               2.00       0          0          0          0
60               5.80       0          0          0          0
62               5.10       0          0          0          0
64               2.15       0          0          0          0
66               3.50       0          0          0          0
67               3.50       0          0          0          0
69               2.00       0          0          0          0
71               2.10       0          0          0          0
73               0          0          0          0          0
75               2.00       0          0          0          0
79               8.00       0          0          0          0
80               10.10      0          0          0          0
85               16.00      0          0          0          0
86               9.20       0          0          0          0
90               16.00      0          0          0          0
91               10.20      0          0          0          0
93               10.20      0          0          0          0
95               9.00       0          0          0          0
97               9.10       0          0          0          0
99               11.30      0          0          0          0
101              10.60      0          0          0          0
103              9.00       0          0          0          0
105              9.50       0          0          0          0
109              5.10       0          0          0          0
110              5.50       0          0          0          0
112              4.50       0          0          0          0
114              5.50       0          0          0          0
116              5.50       0          0          0          0
118              8.70       0          0          0          0
120              8.70       0          0          0          0
123              4.30       0          0          0          0
126              5.20       0          0          0          0
131              2.00       0          0          0          0
132              2.00       0          0          0          0
135              3.00       0          0          0          0
137              7.00       0          0          0          0
140              7.00       0          0          0          0
142              4.50       0          0          0          0
145              1.00       0          0          0          0
147              1.00       0          0          0          0
149              0.50       0          0          0          0
152              1.00       0          0          0          0
156              17.00      0          0          0          0
157              10.80      0          0          0          0
159              11.70      0          0          0          0
160              10.50      0          0          0          0
164              16.00      0          0          0          0
165              16.00      0          0          0          0
167              10.00      0          0          0          0
170              17.40      0          0          0          0
172              16.75      0          0          0          0
174              16.00      0          0          0          0
176              16.00      0          0          0          0
178              16.00      0          0          0          0
180              16.50      0          0          0          0
182              12.00      0          0          0          0
183              9.00       0          0          0          0
186              9.00       0          0          0          0
188              11.50      0          0          0          0
189              10.90      0          0          0          0
191              10.30      0          0          0          0
193              10.30      0          0          0          0
195              7.50       0          0          0          0
197              7.50       0          0          0          0
199              12.50      0          0          0          0
200              12.50      0          0          0          0
203              8.50       0          0          0          0
205              8.00       0          0          0          0
207              14.30      0          0          0          0
208              12.30      0          0          0          0
210              11.60      0          0          0          0
212              13.00      0          0          0          0
214              11.40      0          0          0          0
217              8.30       0          0          0          0
219              8.30       0          0          0          0
221              15.30      0          0          0          0
222              14.20      0          0          0          0
224              11.00      0          0          0          0
226              11.00      0          0          0          0
229              13.70      0          0          0          0
231              8.90       0          0          0          0
233              6.60       0          0          0          0
234              6.60       0          0          0          0
236              8.00       0          0          0          0
237              8.00       0          0          0          0
239              8.30       0          0          0          0
242              8.00       0          0          0          0
244              3.60       0          0          0          0
246              2.10       0          0          0          0
248              4.00       0          0          0          0
252              8.40       0          0          0          0
253              10.00      0          0          0          0
255              10.00      0          0          0          0
257              6.20       0          0          0          0
260              6.20       0          0          0          0
262              6.00       0          0          0          0
266              16.00      0          0          0          0
268              10.70      0          0          0          0
272              5.00       0          0          0          0
274              5.60       0          0          0          0
278              5.50       0          0          0          0
280              16.00      0          0          0          0
283              8.90       0          0          0          0
285              8.30       0          0          0          0
287              8.00       0          0          0          0
290              8.00       0          0          0          0
292              8.00       0          0          0          0
294              8.00       0          0          0          0
296              5.75       0          0          0          0
299              4.30       0          0          0          0
303              6.00       0          0          0          0
305              3.70       0          0          0          0
307              5.00       0          0          0          0
309              5.00       0          0          0          0
311              4.00       0          0          0          0
312              4.10       0          0          0          0
316              5.70       0          0          0          0
319              4.00       0          0          0          0
322              4.00       0          0          0          0
324              4.00       0          0          0          0
328              3.50       0          0          0          0
330              3.80       0          0          0          0
334              3.50       0          0          0          0
336              5.50       0          0          0          0
338              6.00       0          0          0          0
340              6.00       0          0          0          0
342              2.50       0          0          0          0
344              3.50       0          0          0          0
345              3.50       0          0          0          0
347              4.00       0          0          0          0
349              3.50       0          0          0          0
350              3.00       0          0          0          0
353              3.50       0          0          0          0
355              3.50       0          0          0          0
357              6.50       0          0          0          0
359              6.50       0          0          0          0
361              6.50       0          0          0          0
363              6.00       0          0          0          0
365              5.50       0          0          0          0
368              5.50       0          0          0          0
372              5.50       0          0          0          0
374              4.00       0          0          0          0
376              4.00       0          0          0          0
378              3.00       0          0          0          0
380              5.50       0          0          0          0
383              6.50       0          0          0          0
385              6.00       0          0          0          0
387              5.00       0          0          0          0
389              5.50       0          0          0          0
390              5.50       0          0          0          0
392              5.00       0          0          0          0
395              8.00       0          0          0          0
397              6.50       0          0          0          0
401              6.00       0          0          0          0
403              6.00       0          0          0          0
405              4.50       0          0          0          0
407              5.00       0          0          0          0
409              4.50       0          0          0          0
411              4.50       0          0          0          0
415              5.00       0          0          0          0
417              3.70       0          0          0          0
419              6.00       0          0          0          0
420              6.00       0          0          0          0
423              6.50       0          0          0          0
425              6.50       0          0          0          0
427              6.00       0          0          0          0
429              6.00       0          0          0          0
431              7.50       0          0          0          0
433              7.50       0          0          0          0
435              6.50       0          0          0          0
438              6.50       0          0          0          0
442              7.00       0          0          0          0
443              6.50       0          0          0          0
445              4.26       0          0          0          0
448              4.06       0          0          0          0
450              3.50       0          0          0          0
452              5.00       0          0          0          0
456              3.50       0          0          0          0
459              1.60       0          0          0          0
460              1.00       0          0          0          0
463              1.00       0          0          0          0
464              1.10       0          0          0          0
466              1.00       0          0          0          0
469              0.50       0          0          0          0
472              0          0          0          0          0
475              0.50       0          0          0          0
479              2.50       0          0          0          0
485              10.00      0          0          0          0
487              10.00      0          0          0          0
489              16.00      0          0          0          0
491              16.70      0          0          0          0
497              1.50       0          0          0          0
500              1.45       0          0          0          0
503              0          0          0          0          0
507              10.80      0          0          0          0
508              9.40       0          0          0          0
509              10.00      0          0          0          0
510              5.80       0          0          0          0
511              4.50       0          0          0          0
512              7.00       0          0          0          0
514              2.80       0          0          0          0
515              3.60       0          0          0          0
516              8.20       0          0          0          0
517              7.00       0          0          0          0
521              5.20       0          0          0          0
522              5.30       0          0          0          0
523              6.50       0          0          0          0
524              6.50       0          0          0          0

[CONDUITS]
;;Name           From             To               Length     Roughness  InOffset   OutOffset  InitFlow   MaxFlow
;;-------------- ---------------- ---------------- ---------- ---------- ---------- ---------- ---------- ----------
4                2                3                48.00      0.0240     13.42      13.73      0          0
6                3                5                1875.00    0.0400     13.07      7.83       0          0
8                5                7                1880.00    0.0400     7.83       4.00       0          0
11               9                10               1800.00    0.0400     15.35      8.06       0          0
15               10               14               1890.00    0.0140     8.06       4.10       0          0
20               18               19               1900.00    0.0400     15.40      7.53       0          0
22               19               21               1850.00    0.0400     7.50       4.20       0          0
23               14               21               29.00      0.0240     3.47       3.48       0          0
25               21               24               1000.00    0.0400     3.30       1.28       0          0
28               24               27               41.00      0.0140     1.21       0.96       0          0
31               29               30               1300.00    0.0400     13.35      7.12       0          0
34               30               33               3000.00    0.0400     7.12       1.14       0          0
37               35               36               77.00      0.0240     14.95      15.50      0          0
39               36               38               620.00     0.0400     16.67      15.37      0          0
41               38               40               1270.00    0.0400     15.37      12.16      0          0
43               40               42               700.00     0.0400     12.16      10.57      0          0
45               42               44               1900.00    0.0400     10.57      6.28       0          0
47               44               46               2860.00    0.0400     6.28       0.92       0          0
49               46               48               600.00     0.0400     0.41       0.82       0          0
51               48               50               400.00     0.0400     0.82       1.06       0          0
53               50               52               920.00     0.0400     1.06       1.96       0          0
55               52               54               49.00      0.0240     1.96       1.91       0          0
57               54               56               2080.00    0.0400     1.43       0.59       0          0
259.1            259.2            259.3            203.00     0.0140     -2.96      -2.71      0          0
63               60               62               2150.00    0.0400     1.53       0.86       0          0
265.1            265.2            64               202.00     0.0140     -2.80      -1.89      0          0
268.1            268.2            268.3            48.00      0.0240     -1.23      -0.62      0          0
70               67               69               2550.00    0.0400     -1.59      -2.49      0          0
72               71               66               650.00     0.0400     1.54       0.86       0          0
74               73               67               650.00     0.0400     0.67       -0.20      0          0
276.1            276.2            276.3            218.00     0.0140     -2.60      -3.00      0          0
77               69               62               970.00     0.0400     0.15       0.11       0          0
78               75               64               980.00     0.0400     0.13       0.05       0          0
81               79               80               3000.00    0.0400     6.63       6.67       0          0
87               85               86               3000.00    0.0400     13.91      7.16       0          0
88               80               487              1130.00    0.0400     6.05       5.05       0          0
289.1            86               80               0          0          0          0          0          0
92               90               91               2900.00    0.0400     14.00      8.12       0          0
94               91               93               17.00      0.0240     7.53       7.18       0          0
96               93               95               50.00      0.0400     7.18       6.78       0          0
98               95               97               13.00      0.0140     6.78       6.86       0          0
102              99               101              2600.00    0.0400     8.65       7.91       0          0
104              101              103              17.00      0.0140     7.27       7.09       0          0
106              103              105              30.00      0.0400     7.09       7.11       0          0
107              105              97               36.00      0.0240     7.11       7.03       0          0
108              97               86               0          0          0          0          0          0
111              109              110              2650.00    0.0400     0.02       -0.03      0          0
113              110              112              2270.00    0.0400     -0.03      1.22       0          0
115              110              114              240.00     0.0400     0.11       0.10       0          0
117              114              116              17.00      0.0140     1.73       1.65       0          0
119              116              118              1060.00    0.0400     0.10       -0.05      0          0
121              118              120              21.00      0.0140     5.05       5.15       0          0
122              120              46               660.00     0.0400     -0.10      -0.31      0          0
124              120              123              600.00     0.0400     -0.02      0.52       0          0
125              123              48               600.00     0.0400     -0.44      0.73       0          0
127              123              126              380.00     0.0400     1.00       0.94       0          0
128              126              50               650.00     0.0400     0.92       1.06       0          0
133              131              132              370.00     0.0400     0.57       0.24       0          0
134              132              126              16.00      0.0140     -1.82      -2.12      0          0
136              135              132              1200.00    0.0400     0.05       -0.96      0          0
138              52               137              1200.00    0.0400     1.96       1.00       0          0
139              137              112              820.00     0.0400     1.00       2.48       0          0
141              54               140              1210.00    0.0400     -0.91      -0.06      0          0
143              140              142              870.00     0.0400     -0.06      0.48       0          0
144              137              140              49.00      0.0240     1.07       1.02       0          0
146              142              145              1720.00    0.0400     1.22       -1.30      0          0
348.1            348.2            348.3            225.00     0.0140     -5.30      -4.95      0          0
150              149              56               980.00     0.0400     -0.40      -0.50      0          0
151              149              145              1010.00    0.0400     -0.40      -1.18      0          0
153              152              58               980.00     0.0400     -0.23      0.13       0          0
154              152              147              1050.00    0.0400     -0.23      -0.46      0          0
155              149              152              97.00      0.0140     -1.81      -1.41      0          0
158              156              157              2900.00    0.0400     13.89      7.53       0          0
161              159              160              900.00     0.0400     9.12       7.22       0          0
162              160              157              350.00     0.0400     7.22       7.53       0          0
166              164              489              40.00      0.0240     13.11      13.23      0          0
168              165              167              3000.00    0.0400     14.53      8.60       0          0
169              167              268              1080.00    0.0400     5.86       6.86       0          0
171              170              164              300.00     0.0400     15.19      13.51      0          0
173              170              172              1670.00    0.0400     15.19      15.15      0          0
175              172              174              1000.00    0.0400     15.15      14.88      0          0
177              174              176              388.00     0.0140     13.90      13.72      0          0
179              176              178              54.00      0.0240     13.55      13.67      0          0
181              180              176              17.00      0.0140     14.58      14.01      0          0
184              182              183              1800.00    0.0400     9.74       5.53       0          0
185              183              167              360.00     0.0400     5.29       5.64       0          0
187              183              186              24.00      0.0240     4.73       4.62       0          0
190              188              189              500.00     0.0400     10.82      9.42       0          0
192              189              191              500.00     0.0400     8.45       7.80       0          0
194              191              193              16.00      0.0140     7.55       8.04       0          0
196              193              195              1350.00    0.0400     7.12       4.14       0          0
198              195              197              26.00      0.0240     5.76       5.69       0          0
201              199              200              14.00      0.0140     8.95       7.97       0          0
204              200              203              1670.00    0.0400     8.05       5.68       0          0
206              203              205              29.00      0.0240     6.12       5.62       0          0
209              207              208              200.00     0.0400     13.20      11.27      0          0
211              208              210              80.00      0.0400     11.27      9.90       0          0
215              212              214              400.00     0.0400     12.11      9.84       0          0
216              214              210              50.00      0.0400     9.84       9.84       0          0
218              210              217              1950.00    0.0400     9.84       6.26       0          0
220              217              219              24.00      0.0140     5.14       5.02       0          0
223              221              222              1180.00    0.0400     14.17      11.42      0          0
225              222              224              1250.00    0.0400     12.70      8.51       0          0
227              224              226              84.00      0.0240     7.69       7.40       0          0
230              178              229              1100.00    0.0400     14.00      11.65      0          0
232              229              231              1370.00    0.0400     11.65      7.71       0          0
235              234              233              32.00      0.0140     2.87       3.12       0          0
238              236              237              190.00     0.0400     5.10       4.85       0          0
240              237              239              23.00      0.0140     4.56       4.68       0          0
241              239              234              2000.00    0.0400     4.87       3.13       0          0
243              242              233              2000.00    0.0400     5.00       3.58       0          0
245              510              244              1800.00    0.0400     3.06       0.86       0          0
247              511              246              1800.00    0.0400     3.49       1.06       0          0
249              246              248              1500.00    0.0800     1.90       3.80       0          0
250              244              248              1500.00    0.0800     3.40       3.80       0          0
251              112              248              920.00     0.0400     1.30       0.80       0          0
254              252              253              650.00     0.0400     5.35       4.02       0          0
256              253              255              21.00      0.0140     2.50       1.93       0          0
258              255              257              1800.00    0.0400     4.02       2.19       0          0
261              257              260              24.00      0.0140     2.33       2.47       0          0
263              260              262              250.00     0.0400     2.00       0.80       0          0
264              233              260              400.00     0.0400     3.20       2.00       0          0
267              266              268              3000.00    0.0400     13.75      7.46       0          0
269              157              268              30.00      0.0400     7.53       7.46       0          0
273              507              262              2850.00    0.0400     8.80       4.00       0          0
275              508              274              2850.00    0.0400     7.87       4.16       0          0
276              262              274              24.00      0.0140     2.59       2.53       0          0
277              274              272              1080.00    0.0400     0.60       0.50       0          0
279              272              278              32.00      0.0140     -1.74      -2.06      0          0
281              280              489              22.00      0.0240     15.15      15.12      0          0
282              509              272              2850.00    0.0400     6.97       1.53       0          0
284              283              278              2850.00    0.0400     6.69       1.48       0          0
286              186              285              620.00     0.0400     5.30       4.55       0          0
288              197              287              570.00     0.0400     4.50       4.39       0          0
289              287              285              500.00     0.0400     4.39       4.27       0          0
291              395              290              570.00     0.0400     4.18       4.39       0          0
293              290              292              19.00      0.0240     2.12       1.96       0          0
295              294              290              470.00     0.0400     3.45       2.92       0          0
297              285              296              2200.00    0.0400     4.60       1.50       0          0
298              296              278              550.00     0.0400     1.15       0.94       0          0
300              516              514              1950.00    0.0400     6.97       1.51       0          0
301              517              515              1950.00    0.0400     5.83       2.09       0          0
302              248              299              180.00     0.0400     0.80       1.10       0          0
304              299              303              600.00     0.0400     1.10       2.80       0          0
306              303              305              570.00     0.0400     2.80       1.41       0          0
308.1            308.2            307              26.00      0.0140     -0.23      0.85       0          0
310              303              309              36.00      0.0140     2.26       1.20       0          0
313              311              312              23.00      0.0240     2.70       2.56       0          0
314              521              311              950.00     0.0400     4.00       2.43       0          0
315              522              312              950.00     0.0400     3.76       2.53       0          0
317              312              316              0          0.0400     2.10       2.00       0          0
318              296              316              1000.00    0.0400     0.75       0.70       0          0
320              312              319              950.00     0.0400     2.53       1.91       0          0
323              319              322              15.00      0.0240     1.45       1.45       0          0
325              322              324              21.00      0.0140     1.45       1.47       0          0
327              336              322              500.00     0.0400     2.00       1.50       0          0
329              311              328              980.00     0.0400     2.30       1.80       0          0
331              328              330              34.00      0.0140     1.38       1.25       0          0
332              330              305              750.00     0.0400     1.50       1.40       0          0
335              324              334              980.00     0.0400     1.47       1.63       0          0
337              316              336              1000.00    0.0400     0.70       0.97       0          0
339              336              338              900.00     0.0400     0.97       1.28       0          0
341              338              340              60.00      0.0240     -0.16      -0.16      0          0
343              340              342              1700.00    0.0400     2.00       -0.59      0          0
346              344              345              48.00      0.0140     -0.24      -0.34      0          0
348              345              347              1700.00    0.0400     1.80       0.26       0          0
351              349              350              600.00     0.0400     0.83       0.97       0          0
352              350              344              60.00      0.0400     0.97       0.95       0          0
354              353              345              600.00     0.0400     2.19       2.24       0          0
356              355              349              20.00      0.0140     0.97       0.58       0          0
358              355              357              570.00     0.0400     2.20       2.40       0          0
360              357              359              40.00      0.0140     2.26       2.40       0          0
362              353              523              750.00     0.0400     2.50       2.40       0          0
364              361              363              28.00      0.0240     3.29       3.49       0          0
366              359              365              1620.00    0.0400     2.11       0.50       0          0
369.1            369.2            368              34.00      0.0240     -0.77      -0.68      0          0
370              363              347              500.00     0.0400     2.50       0.06       0          0
371              363              368              500.00     0.0400     3.20       1.58       0          0
573.1            573.2            372              216.00     0.0240     -0.37      -0.40      0          0
575.1            575.2            374              32.00      0.0240     -0.38      -0.44      0          0
377.01           377.02           377.03           202.00     0.0240     -1.08      -0.85      0          0
379.01           379.02           379.03           203.00     0.0140     -5.32      -2.37      0          0
381              376              380              980.00     0.0400     1.50       2.46       0          0
382              380              372              71.00      0.0140     1.71       0.97       0          0
384              292              383              1200.00    0.0400     4.30       2.50       0          0
386              219              385              2400.00    0.0400     5.00       1.91       0          0
388              385              387              180.00     0.0400     1.91       1.90       0          0
391              389              390              19.00      0.0240     3.86       3.73       0          0
393              390              392              480.00     0.0400     3.54       2.65       0          0
394              392              387              19.00      0.0140     2.97       3.13       0          0
396              287              395              16.00      0.0140     5.02       4.66       0          0
398              205              397              2500.00    0.0400     4.00       2.14       0          0
399              383              397              23.00      0.0140     1.35       1.24       0          0
400              385              397              550.00     0.0400     2.03       2.11       0          0
402              383              401              200.00     0.0400     1.35       0.63       0          0
404              403              401              400.00     0.0400     1.52       0.70       0          0
406              401              405              1700.00    0.0400     0.63       0          0          0
408              397              407              1600.00    0.0400     3.00       2.70       0          0
410              405              409              22.00      0.0140     0.75       0.51       0          0
412              409              411              840.00     0.0400     0          -0.17      0          0
413              411              349              900.00     0.0400     -0.17      0          0          0
414              336              411              580.00     0.0400     0.97       0.72       0          0
416              407              415              22.00      0.0140     2.37       1.89       0          0
418              415              417              800.00     0.0400     2.70       2.64       0          0
421              419              420              17.00      0.0240     4.72       4.75       0          0
422              420              389              650.00     0.0400     4.50       3.98       0          0
424              387              423              1370.00    0.0400     1.90       1.50       0          0
426              423              425              24.00      0.0240     1.16       1.41       0          0
428              425              357              1930.00    0.0400     1.50       2.56       0          0
430              226              429              6350.00    0.0400     8.50       2.50       0          0
432              231              431              2860.00    0.0400     7.71       6.38       0          0
434              431              433              59.00      0.0240     4.02       4.14       0          0
436              433              435              1200.00    0.0400     6.50       5.50       0          0
439              435              438              58.00      0.0140     3.38       2.90       0          0
440              438              427              2170.00    0.0400     4.00       3.50       0          0
441              429              427              101.00     0.0240     2.43       2.33       0          0
444              442              443              102.00     0.0240     2.34       2.25       0          0
446              443              445              1350.00    0.0400     2.30       1.06       0          0
449              445              448              41.00      0.0140     0.09       -0.09      0          0
451              448              450              220.00     0.0400     1.07       0.97       0          0
453              442              452              1570.00    0.0400     2.97       0.95       0          0
454              452              368              800.00     0.0400     0.40       1.58       0          0
455              452              450              81.00      0.0240     -0.13      -0.80      0          0
457              450              456              193.00     0.0240     -1.19      -1.19      0          0
458              372              479              900.00     0.0400     1.42       0.71       0          0
461              459              460              870.00     0.0400     0.10       -0.56      0          0
462              460              145              1660.00    0.0400     -0.56      -1.13      0          0
465              463              464              380.00     0.0400     -1.50      -0.92      0          0
467              464              466              1060.00    0.0400     -0.92      -1.00      0          0
468              466              378              250.00     0.0400     -1.40      0.54       0          0
470              463              469              900.00     0.0400     -1.50      -1.51      0          0
471              469              147              750.00     0.0400     -1.51      -0.60      0          0
473              472              469              94.00      0.0240     -1.29      -1.51      0          0
474              460              463              187.00     0.0240     -1.40      -1.71      0          0
476              475              464              91.00      0.0240     -1.18      -0.92      0          0
477              459              466              197.00     0.0140     -1.59      -1.43      0          0
480              479              456              25.00      0.0240     -0.61      -0.68      0          0
481              7                14               280.00     0.0800     5.50       5.49       0          0
482              27               46               1500.00    0.0800     0.96       0.92       0          0
483              33               46               1500.00    0.0800     1.14       0.92       0          0
486              485              44               800.00     0.0400     5.15       4.05       0          0
488              487              485              21.00      0.0240     5.05       5.15       0          0
490              489              165              14.00      0.0240     13.63      13.71      0          0
492              491              172              37.00      0.0240     13.19      13.38      0          0
498              64               497              100.00     0.0400     0.75       0.05       0          0
501              58               500              100.00     0.0400     0.60       0.05       0          0
504              147              503              100.00     0.0400     -0.40      -1.40      0          0
505              378              376              20.00      0.0400     0.50       0.49       0          0
506.1            506.2            142              77.00      0.0240     -2.74      -2.62      0          0
513              307              512              45.00      0.0140     0.43       2.10       0          0
518              514              299              510.00     0.0800     2.60       2.59       0          0
519              515              299              510.00     0.0800     3.40       3.39       0          0
520              334              338              550.00     0.0400     1.60       1.40       0          0
525              523              524              21.00      0.0140     2.80       3.00       0          0
526              524              361              770.00     0.0400     3.10       3.00       0          0
527              417              411              50.00      0.0800     2.64       2.60       0          0
728.1            728.2            443              204.00     0.0140     2.33       1.89       0          0

[XSECTIONS]
;;Link           Shape        Geom1      Geom2      Geom3      Geom4      Barrels
;;-------------- ------------ ---------- ---------- ---------- ---------- ----------
4                HORSESHOE    2.49       0          0          0          1
6                IRREGULAR    1.70       0          0          0          1
8                IRREGULAR    1.70       0          0          0          1
11               IRREGULAR    1.00       0          0          0          1
15               IRREGULAR    1.60       0          0          0          1
20               IRREGULAR    1.70       0          0          0          1
22               IRREGULAR    1.80       0          0          0          1
23               CIRCULAR     2.00       0          0          0          1
25               IRREGULAR    2.70       0          0          0          1
28               CIRCULAR     2.50       0          0          0          1
31               IRREGULAR    2.00       0          0          0          1
34               IRREGULAR    2.40       0          0          0          1
37               CIRCULAR     1.50       0          0          0          1
39               IRREGULAR    1.70       0          0          0          1
41               IRREGULAR    1.40       0          0          0          1
43               IRREGULAR    1.70       0          0          0          1
45               IRREGULAR    2.70       0          0          0          1
47               IRREGULAR    2.72       0          0          0          1
49               IRREGULAR    3.50       0          0          0          1
51               IRREGULAR    3.50       0          0          0          1
53               IRREGULAR    5.00       0          0          0          1
55               CIRCULAR     4.00       0          0          0          1
57               IRREGULAR    3.50       0          0          0          1
259.1            CIRCULAR     4.00       0          0          0          1
63               IRREGULAR    4.20       0          0          0          1
265.1            CIRCULAR     4.00       0          0          0          1
268.1            CIRCULAR     4.00       0          0          0          1
70               IRREGULAR    2.90       0          0          0          1
72               IRREGULAR    0.50       0          0          0          1
74               IRREGULAR    1.50       0          0          0          1
276.1            CIRCULAR     4.00       0          0          0          1
77               IRREGULAR    0.80       0          0          0          1
78               IRREGULAR    1.40       0          0          0          1
81               IRREGULAR    1.30       0          0          0          1
87               IRREGULAR    2.00       0          0          0          1
88               IRREGULAR    4.00       0          0          0          1
289.1            CIRCULAR     0          0          0          0          1
92               IRREGULAR    1.90       0          0          0          1
94               CIRCULAR     1.50       0          0          0          1
96               IRREGULAR    1.80       0          0          0          1
98               CIRCULAR     1.50       0          0          0          1
102              IRREGULAR    2.60       0          0          0          1
104              CIRCULAR     1.50       0          0          0          1
106              IRREGULAR    1.60       0          0          0          1
107              CIRCULAR     2.00       0          0          0          1
108              CIRCULAR     0          0          0          0          1
111              IRREGULAR    5.00       0          0          0          1
113              IRREGULAR    2.50       0          0          0          1
115              IRREGULAR    5.30       0          0          0          1
117              CIRCULAR     3.00       0          0          0          1
119              IRREGULAR    4.00       0          0          0          1
121              CIRCULAR     3.00       0          0          0          1
122              IRREGULAR    4.00       0          0          0          1
124              IRREGULAR    3.70       0          0          0          1
125              IRREGULAR    2.00       0          0          0          1
127              IRREGULAR    0.90       0          0          0          1
128              IRREGULAR    4.10       0          0          0          1
133              IRREGULAR    1.40       0          0          0          1
134              CIRCULAR     3.50       0          0          0          1
136              IRREGULAR    2.80       0          0          0          1
138              IRREGULAR    1.60       0          0          0          1
139              IRREGULAR    1.60       0          0          0          1
141              IRREGULAR    1.50       0          0          0          1
143              IRREGULAR    1.50       0          0          0          1
144              CIRCULAR     4.00       0          0          0          1
146              IRREGULAR    2.30       0          0          0          1
348.1            CIRCULAR     4.00       0          0          0          1
150              IRREGULAR    0.80       0          0          0          1
151              IRREGULAR    0.80       0          0          0          1
153              IRREGULAR    1.20       0          0          0          1
154              IRREGULAR    1.50       0          0          0          1
155              CIRCULAR     1.75       0          0          0          1
158              IRREGULAR    2.50       0          0          0          1
161              IRREGULAR    2.50       0          0          0          1
162              IRREGULAR    3.20       0          0          0          1
166              CIRCULAR     1.25       0          0          0          1
168              IRREGULAR    1.40       0          0          0          1
169              IRREGULAR    3.50       0          0          0          1
171              IRREGULAR    2.10       0          0          0          1
173              IRREGULAR    1.60       0          0          0          1
175              IRREGULAR    1.00       0          0          0          1
177              CIRCULAR     1.25       0          0          0          1
179              CIRCULAR     2.00       0          0          0          1
181              CIRCULAR     1.25       0          0          0          1
184              IRREGULAR    1.90       0          0          0          1
185              IRREGULAR    3.60       0          0          0          1
187              CIRCULAR     3.50       0          0          0          1
190              IRREGULAR    0.60       0          0          0          1
192              IRREGULAR    2.40       0          0          0          1
194              CIRCULAR     1.25       0          0          0          1
196              IRREGULAR    2.60       0          0          0          1
198              CIRCULAR     1.50       0          0          0          1
201              CIRCULAR     1.50       0          0          0          1
204              IRREGULAR    2.70       0          0          0          1
206              CIRCULAR     1.50       0          0          0          1
209              IRREGULAR    1.10       0          0          0          1
211              IRREGULAR    1.10       0          0          0          1
215              IRREGULAR    0.80       0          0          0          1
216              IRREGULAR    1.50       0          0          0          1
218              IRREGULAR    1.70       0          0          0          1
220              CIRCULAR     1.25       0          0          0          1
223              IRREGULAR    1.20       0          0          0          1
225              IRREGULAR    1.50       0          0          0          1
227              CIRCULAR     2.50       0          0          0          1
230              IRREGULAR    2.00       0          0          0          1
232              IRREGULAR    1.10       0          0          0          1
235              CIRCULAR     3.00       0          0          0          1
238              IRREGULAR    2.80       0          0          0          1
240              CIRCULAR     2.00       0          0          0          1
241              IRREGULAR    3.40       0          0          0          1
243              IRREGULAR    3.00       0          0          0          1
245              IRREGULAR    2.70       0          0          0          1
247              IRREGULAR    1.00       0          0          0          1
249              IRREGULAR    0.20       0          0          0          1
250              IRREGULAR    0.20       0          0          0          1
251              IRREGULAR    3.20       0          0          0          1
254              IRREGULAR    3.00       0          0          0          1
256              CIRCULAR     7.00       0          0          0          1
258              IRREGULAR    4.00       0          0          0          1
261              CIRCULAR     2.00       0          0          0          1
263              IRREGULAR    4.20       0          0          0          1
264              IRREGULAR    4.20       0          0          0          1
267              IRREGULAR    1.50       0          0          0          1
269              IRREGULAR    3.20       0          0          0          1
273              IRREGULAR    2.00       0          0          0          1
275              IRREGULAR    1.50       0          0          0          1
276              CIRCULAR     2.00       0          0          0          1
277              IRREGULAR    4.40       0          0          0          1
279              CIRCULAR     3.00       0          0          0          1
281              CIRCULAR     1.50       0          0          0          1
282              IRREGULAR    3.00       0          0          0          1
284              IRREGULAR    2.20       0          0          0          1
286              IRREGULAR    3.70       0          0          0          1
288              IRREGULAR    3.00       0          0          0          1
289              IRREGULAR    3.00       0          0          0          1
291              IRREGULAR    3.50       0          0          0          1
293              CIRCULAR     2.00       0          0          0          1
295              IRREGULAR    2.80       0          0          0          1
297              IRREGULAR    3.50       0          0          0          1
298              IRREGULAR    4.50       0          0          0          1
300              IRREGULAR    1.20       0          0          0          1
301              IRREGULAR    1.10       0          0          0          1
302              IRREGULAR    3.20       0          0          0          1
304              IRREGULAR    3.20       0          0          0          1
306              IRREGULAR    2.10       0          0          0          1
308.1            CIRCULAR     3.00       0          0          0          1
310              CIRCULAR     3.00       0          0          0          1
313              CIRCULAR     1.25       0          0          0          1
314              IRREGULAR    1.20       0          0          0          1
315              IRREGULAR    1.50       0          0          0          1
317              IRREGULAR    2.00       0          0          0          1
318              IRREGULAR    5.00       0          0          0          1
320              IRREGULAR    1.30       0          0          0          1
323              CIRCULAR     2.00       0          0          0          1
325              CIRCULAR     1.50       0          0          0          1
327              IRREGULAR    2.00       0          0          0          1
329              IRREGULAR    1.70       0          0          0          1
331              CIRCULAR     1.50       0          0          0          1
332              IRREGULAR    2.30       0          0          0          1
335              IRREGULAR    1.80       0          0          0          1
337              IRREGULAR    4.50       0          0          0          1
339              IRREGULAR    4.20       0          0          0          1
341              CIRCULAR     6.00       0          0          0          1
343              IRREGULAR    3.00       0          0          0          1
346              CIRCULAR     3.00       0          0          0          1
348              IRREGULAR    1.50       0          0          0          1
351              IRREGULAR    2.00       0          0          0          1
352              IRREGULAR    2.00       0          0          0          1
354              IRREGULAR    1.00       0          0          0          1
356              CIRCULAR     2.00       0          0          0          1
358              IRREGULAR    1.20       0          0          0          1
360              RECT_CLOSED  3.00       6.00       0          0          1
362              IRREGULAR    1.00       0          0          0          1
364              CIRCULAR     2.00       0          0          0          1
366              IRREGULAR    4.00       0          0          0          1
369.1            CIRCULAR     4.00       0          0          0          1
370              IRREGULAR    3.50       0          0          0          1
371              IRREGULAR    2.80       0          0          0          1
573.1            CIRCULAR     4.00       0          0          0          1
575.1            CIRCULAR     3.00       0          0          0          1
377.01           CIRCULAR     4.00       0          0          0          1
379.01           CIRCULAR     4.00       0          0          0          1
381              IRREGULAR    2.50       0          0          0          1
382              CIRCULAR     3.00       0          0          0          1
384              IRREGULAR    3.50       0          0          0          1
386              IRREGULAR    2.50       0          0          0          1
388              IRREGULAR    1.50       0          0          0          1
391              CIRCULAR     1.00       0          0          0          1
393              IRREGULAR    1.60       0          0          0          1
394              CIRCULAR     1.50       0          0          0          1
396              CIRCULAR     2.00       0          0          0          1
398              IRREGULAR    3.20       0          0          0          1
399              CIRCULAR     1.25       0          0          0          1
400              IRREGULAR    3.00       0          0          0          1
402              IRREGULAR    2.80       0          0          0          1
404              IRREGULAR    3.00       0          0          0          1
406              IRREGULAR    4.30       0          0          0          1
408              IRREGULAR    1.80       0          0          0          1
410              CIRCULAR     2.00       0          0          0          1
412              IRREGULAR    4.00       0          0          0          1
413              IRREGULAR    3.50       0          0          0          1
414              IRREGULAR    4.20       0          0          0          1
416              CIRCULAR     2.00       0          0          0          1
418              IRREGULAR    1.00       0          0          0          1
421              CIRCULAR     1.00       0          0          0          1
422              IRREGULAR    1.00       0          0          0          1
424              IRREGULAR    3.00       0          0          0          1
426              CIRCULAR     5.00       0          0          0          1
428              IRREGULAR    3.00       0          0          0          1
430              IRREGULAR    1.70       0          0          0          1
432              IRREGULAR    1.00       0          0          0          1
434              CIRCULAR     2.50       0          0          0          1
436              IRREGULAR    1.00       0          0          0          1
439              CIRCULAR     2.50       0          0          0          1
440              IRREGULAR    2.50       0          0          0          1
441              CIRCULAR     3.00       0          0          0          1
444              CIRCULAR     3.00       0          0          0          1
446              IRREGULAR    4.20       0          0          0          1
449              CIRCULAR     3.00       0          0          0          1
451              IRREGULAR    1.90       0          0          0          1
453              IRREGULAR    4.00       0          0          0          1
454              IRREGULAR    2.60       0          0          0          1
455              CIRCULAR     3.00       0          0          0          1
457              CIRCULAR     3.00       0          0          0          1
458              IRREGULAR    1.70       0          0          0          1
461              IRREGULAR    1.50       0          0          0          1
462              IRREGULAR    1.50       0          0          0          1
465              IRREGULAR    2.00       0          0          0          1
467              IRREGULAR    2.00       0          0          0          1
468              IRREGULAR    2.40       0          0          0          1
470              IRREGULAR    2.00       0          0          0          1
471              IRREGULAR    1.60       0          0          0          1
473              CIRCULAR     1.25       0          0          0          1
474              CIRCULAR     1.25       0          0          0          1
476              CIRCULAR     1.25       0          0          0          1
477              CIRCULAR     2.00       0          0          0          1
480              CIRCULAR     1.00       0          0          0          1
481              IRREGULAR    0.16       0          0          0          1
482              IRREGULAR    0.20       0          0          0          1
483              IRREGULAR    0.20       0          0          0          1
486              IRREGULAR    4.00       0          0          0          1
488              CIRCULAR     2.00       0          0          0          1
490              CIRCULAR     2.00       0          0          0          1
492              CIRCULAR     1.50       0          0          0          1
498              IRREGULAR    1.40       0          0          0          1
501              IRREGULAR    1.40       0          0          0          1
504              IRREGULAR    1.40       0          0          0          1
505              IRREGULAR    2.50       0          0          0          1
506.1            CIRCULAR     7.00       0          0          0          1
513              CIRCULAR     4.00       0          0          0          1
518              IRREGULAR    0.20       0          0          0          1
519              IRREGULAR    0.20       0          0          0          1
520              IRREGULAR    1.90       0          0          0          1
525              CIRCULAR     3.00       0          0          0          1
526              IRREGULAR    2.30       0          0          0          1
527              IRREGULAR    0.20       0          0          0          1
728.1            CIRCULAR     3.00       0          0          0          1

[LOSSES]
;;Link           Inlet      Outlet     Average    Flap Gate
;;-------------- ---------- ---------- ---------- ----------
4                0          0          0          NO
6                0          0          0          NO
8                0          0          0          NO
11               0          0          0          NO
15               0          0          0          NO
20               0          0          0          NO
22               0          0          0          NO
23               0          0          0          NO
25               0          0          0          NO
28               0          0          0          NO
31               0          0          0          NO
34               0          0          0          NO
37               0          0          0          NO
39               0          0          0          NO
41               0          0          0          NO
43               0          0          0          NO
45               0          0          0          NO
47               0          0          0          NO
49               0          0          0          NO
51               0          0          0          NO
53               0          0          0          NO
55               0          0          0          NO
57               0          0          0          NO
259.1            0          0          0          NO
63               0          0          0          NO
265.1            0          0          0          NO
268.1            0          0          0          NO
70               0          0          0          NO
72               0          0          0          NO
74               0          0          0          NO
276.1            0          0          0          NO
77               0          0          0          NO
78               0          0          0          NO
81               0          0          0          NO
87               0          0          0          NO
88               0          0          0          NO
289.1            0          0          0          NO
92               0          0          0          NO
94               0          0          0          NO
96               0          0          0          NO
98               0          0          0          NO
102              0          0          0          NO
104              0          0          0          NO
106              0          0          0          NO
107              0          0          0          NO
108              0          0          0          NO
111              0          0          0          NO
113              0          0          0          NO
115              0          0          0          NO
117              0          0          0          NO
119              0          0          0          NO
121              0          0          0          NO
122              0          0          0          NO
124              0          0          0          NO
125              0          0          0          NO
127              0          0          0          NO
128              0          0          0          NO
133              0          0          0          NO
134              0          0          0          NO
136              0          0          0          NO
138              0          0          0          NO
139              0          0          0          NO
141              0          0          0          NO
143              0          0          0          NO
144              0          0          0          NO
146              0          0          0          NO
348.1            0          0          0          NO
150              0          0          0          NO
151              0          0          0          NO
153              0          0          0          NO
154              0          0          0          NO
155              0          0          0          NO
158              0          0          0          NO
161              0          0          0          NO
162              0          0          0          NO
166              0          0          0          NO
168              0          0          0          NO
169              0          0          0          NO
171              0          0          0          NO
173              0          0          0          NO
175              0          0          0          NO
177              0          0          0          NO
179              0          0          0          NO
181              0          0          0          NO
184              0          0          0          NO
185              0          0          0          NO
187              0          0          0          NO
190              0          0          0          NO
192              0          0          0          NO
194              0          0          0          NO
196              0          0          0          NO
198              0          0          0          NO
201              0          0          0          NO
204              0          0          0          NO
206              0          0          0          NO
209              0          0          0          NO
211              0          0          0          NO
215              0          0          0          NO
216              0          0          0          NO
218              0          0          0          NO
220              0          0          0          NO
223              0          0          0          NO
225              0          0          0          NO
227              0          0          0          NO
230              0          0          0          NO
232              0          0          0          NO
235              0          0          0          NO
238              0          0          0          NO
240              0          0          0          NO
241              0          0          0          NO
243              0          0          0          NO
245              0          0          0          NO
247              0          0          0          NO
249              0          0          0          NO
250              0          0          0          NO
251              0          0          0          NO
254              0          0          0          NO
256              0          0          0          NO
258              0          0          0          NO
261              0          0          0          NO
263              0          0          0          NO
264              0          0          0          NO
267              0          0          0          NO
269              0          0          0          NO
273              0          0          0          NO
275              0          0          0          NO
276              0          0          0          NO
277              0          0          0          NO
279              0          0          0          NO
281              0          0          0          NO
282              0          0          0          NO
284              0          0          0          NO
286              0          0          0          NO
288              0          0          0          NO
289              0          0          0          NO
291              0          0          0          NO
293              0          0          0          NO
295              0          0          0          NO
297              0          0          0          NO
298              0          0          0          NO
300              0          0          0          NO
301              0          0          0          NO
302              0          0          0          NO
304              0          0          0          NO
306              0          0          0          NO
308.1            0          0          0          NO
310              0          0          0          NO
313              0          0          0          NO
314              0          0          0          NO
315              0          0          0          NO
317              0          0          0          NO
318              0          0          0          NO
320              0          0          0          NO
323              0          0          0          NO
325              0          0          0          NO
327              0          0          0          NO
329              0          0          0          NO
331              0          0          0          NO
332              0          0          0          NO
335              0          0          0          NO
337              0          0          0          NO
339              0          0          0          NO
341              0          0          0          NO
343              0          0          0          NO
346              0          0          0          NO
348              0          0          0          NO
351              0          0          0          NO
352              0          0          0          NO
354              0          0          0          NO
356              0          0          0          NO
358              0          0          0          NO
360              0          0          0          NO
362              0          0          0          NO
364              0          0          0          NO
366              0          0          0          NO
369.1            0          0          0          NO
370              0          0          0          NO
371              0          0          0          NO
573.1            0          0          0          NO
575.1            0          0          0          NO
377.01           0          0          0          NO
379.01           0          0          0          NO
381              0          0          0          NO
382              0          0          0          NO
384              0          0          0          NO
386              0          0          0          NO
388              0          0          0          NO
391              0          0          0          NO
393              0          0          0          NO
394              0          0          0          NO
396              0          0          0          NO
398              0          0          0          NO
399              0          0          0          NO
400              0          0          0          NO
402              0          0          0          NO
404              0          0          0          NO
406              0          0          0          NO
408              0          0          0          NO
410              0          0          0          NO
412              0          0          0          NO
413              0          0          0          NO
414              0          0          0          NO
416              0          0          0          NO
418              0          0          0          NO
421              0          0          0          NO
422              0          0          0          NO
424              0          0          0          NO
426              0          0          0          NO
428              0          0          0          NO
430              0          0          0          NO
432              0          0          0          NO
434              0          0          0          NO
436              0          0          0          NO
439              0          0          0          NO
440              0          0          0          NO
441              0          0          0          NO
444              0          0          0          NO
446              0          0          0          NO
449              0          0          0          NO
451              0          0          0          NO
453              0          0          0          NO
454              0          0          0          NO
455              0          0          0          NO
457              0          0          0          NO
458              0          0          0          NO
461              0          0          0          NO
462              0          0          0          NO
465              0          0          0          NO
467              0          0          0          NO
468              0          0          0          NO
470              0          0          0          NO
471              0          0          0          NO
473              0          0          0          NO
474              0          0          0          NO
476              0          0          0          NO
477              0          0          0          NO
480              0          0          0          NO
481              0          0          0          NO
482              0          0          0          NO
483              0          0          0          NO
486              0          0          0          NO
488              0          0          0          NO
490              0          0          0          NO
492              0          0          0          NO
498              0          0          0          NO
501              0          0          0          NO
504              0          0          0          NO
505              0          0          0          NO
506.1            0          0          0          NO
513              0          0          0          NO
518              0          0          0          NO
519              0          0          0          NO
520              0          0          0          NO
525              0          0          0          NO
526              0          0          0          NO
527              0          0          0          NO
728.1            0          0          0          NO

[COORDINATES]
;;Node           X-Coord            Y-Coord
;;-------------- ------------------ ------------------
2                -10803.83          1163.62           
3                -10744.23          1183.97           
5                -8895.42           1094.80           
7                -7041.44           1024.08           
9                -10728.70          1391.52           
10               -8890.41           1330.40           
14               -6989.65           1292.36           
18               -10725.80          1424.30           
19               -8887.59           1382.85           
21               -6987.72           1332.61           
24               -5985.21           1302.74           
27               -5946.44           1302.18           
29               -10141.05          1523.15           
30               -8868.16           1488.60           
33               -5924.96           1424.57           
35               -10863.83          2253.03           
36               -10858.39          2334.03           
38               -10835.62          2954.57           
40               -9578.55           2926.20           
42               -9558.64           2224.17           
44               -7667.04           2190.67           
46               -4801.91           2147.47           
48               -4209.68           2129.98           
50               -3820.68           2145.46           
52               -2887.84           2180.00           
54               -2809.37           2177.19           
56               -748.65            2129.10           
58               -451.05            2122.98           
60               -2887.93           2092.80           
62               -758.79            2063.71           
64               -453.83            2045.78           
66               -3095.12           1199.58           
67               -2997.39           1183.00           
69               -487.77            1131.86           
71               -3186.71           594.53            
73               -3087.83           579.75            
75               -184.97            1131.23           
79               -10705.38          4176.19           
80               -7713.31           4044.12           
85               -10714.32          4204.06           
86               -7714.75           4082.39           
90               -10581.05          4749.01           
91               -7781.23           4736.92           
93               -7761.62           4735.34           
95               -7743.92           4735.96           
97               -7724.40           4735.96           
99               -10584.05          4783.01           
101              -7792.49           4770.90           
103              -7758.84           4768.39           
105              -7732.40           4770.46           
109              -7471.55           4272.67           
110              -4855.89           4182.27           
112              -2541.91           4145.96           
114              -4851.16           3953.89           
116              -4850.66           3928.38           
118              -4832.53           2859.25           
120              -4825.24           2790.73           
123              -4218.66           2806.59           
126              -3839.17           2797.78           
131              -4214.16           2838.77           
132              -3841.86           2828.24           
135              -3871.47           3907.24           
137              -2677.65           3344.16           
140              -2589.25           3331.69           
142              -2452.11           4142.19           
145              -704.16            4095.79           
147              -444.74            4099.75           
149              -804.03            3096.97           
152              -539.17            3075.06           
156              -10623.66          5469.15           
157              -7740.86           5409.58           
159              -8632.46           5072.07           
160              -7733.04           5062.11           
164              -10730.50          6628.93           
165              -10679.21          6647.97           
167              -7769.86           6530.33           
170              -10898.98          6950.86           
172              -10679.10          8595.64           
174              -10517.71          9570.85           
176              -10422.01          9938.61           
178              -10349.98          9922.11           
180              -10406.11          9971.18           
182              -9554.80           7163.25           
183              -7787.88           7098.24           
186              -7740.60           7098.61           
188              -9687.23           7276.13           
189              -9202.43           7264.09           
191              -9182.40           7709.54           
193              -9152.35           7707.53           
195              -7803.25           7664.93           
197              -7774.51           7663.38           
199              -9496.48           7755.85           
200              -9458.96           7756.21           
203              -7807.66           7704.35           
205              -7774.75           7702.33           
207              -9940.99           8241.19           
208              -9745.71           8237.14           
210              -9749.65           8313.66           
212              -10139.15          8373.90           
214              -9746.01           8361.17           
217              -7816.84           8258.31           
219              -7786.12           8257.00           
221              -10353.59          9835.61           
222              -9310.59           9737.89           
224              -8257.09           9125.16           
226              -8135.66           9066.11           
229              -9275.91           9824.05           
231              -8091.08           9182.79           
233              -4864.98           4728.27           
234              -4865.45           4689.04           
236              -6764.88           4529.70           
237              -6764.88           4717.47           
239              -6741.20           4724.97           
242              -6734.28           4786.88           
244              -3028.71           4646.22           
246              -3031.61           4683.55           
248              -2418.76           5050.76           
252              -7409.11           5165.87           
253              -6771.61           5150.49           
255              -6734.41           5150.95           
257              -4904.68           5107.22           
260              -4875.92           5105.65           
262              -4878.99           5340.58           
266              -10662.19          5516.59           
268              -7741.60           5437.67           
272              -4905.87           6444.17           
274              -4879.20           5374.45           
278              -4908.30           6462.14           
280              -10710.13          6681.70           
283              -7719.29           6556.34           
285              -7130.67           7075.63           
287              -7201.75           7642.66           
290              -6586.85           7627.73           
292              -6535.99           7625.64           
294              -6534.41           7202.82           
296              -4919.86           7011.95           
299              -2391.72           5226.72           
303              -2282.51           5795.30           
305              -2175.04           6352.57           
307              -2340.64           5046.91           
309              -2175.41           5794.73           
311              -3930.07           6408.25           
312              -3930.07           6452.18           
316              -3937.17           6967.62           
319              -2977.26           6405.73           
322              -2955.33           6408.09           
324              -2924.51           6406.49           
328              -2952.88           6378.10           
330              -2913.94           6376.95           
334              -2160.89           6383.18           
336              -2928.18           6935.09           
338              -2028.17           6902.58           
340              -1972.90           6898.23           
342              -286.10            6821.20           
344              -2025.07           6929.01           
345              -1968.35           6928.61           
347              -273.34            6873.06           
349              -1977.37           7480.98           
350              -2078.45           6934.37           
353              -1856.94           7508.14           
355              -1973.76           7509.99           
357              -1845.50           8068.47           
359              -1763.00           8057.53           
361              -237.09            7464.78           
363              -192.91            7463.53           
365              -168.78            7944.50           
368              -130.07            7940.82           
372              134.35             7931.49           
374              196.44             7928.79           
376              -30.31             6874.36           
378              -35.71             6804.06           
380              123.56             7837.50           
383              -5330.56           7584.02           
385              -5336.00           8174.82           
387              -5159.36           8169.05           
389              -5193.81           8681.82           
390              -5170.40           8674.61           
392              -5159.07           8200.00           
395              -7156.13           7642.09           
397              -5331.30           7623.15           
401              -5147.13           7570.72           
403              -5152.52           7206.49           
405              -3764.15           7531.23           
407              -3760.89           7569.14           
409              -3720.17           7529.29           
411              -2899.97           7500.56           
415              -3724.22           7569.22           
417              -2923.33           7549.47           
419              -5842.87           8696.24           
420              -5803.44           8696.16           
423              -3793.85           8134.50           
425              -3768.00           8127.78           
427              -1768.22           8886.05           
429              -1766.98           8772.02           
431              -5254.58           8996.58           
433              -5189.74           8987.31           
435              -3992.62           8955.72           
438              -3930.89           8944.86           
442              -1554.35           8769.18           
443              -1547.91           8876.93           
445              -213.25            8819.90           
448              -171.57            8816.59           
450              -1.30              8806.39           
452              -12.19             8696.46           
456              274.93             8796.87           
459              -322.08            6589.94           
460              -444.46            5729.53           
463              -187.15            5696.92           
464              -134.75            6067.51           
466              -63.46             6579.94           
469              -319.28            4855.81           
472              -466.23            4879.11           
475              -265.53            6098.95           
479              272.64             8755.89           
485              -7681.10           2904.09           
487              -7702.71           2928.46           
489              -10690.75          6646.36           
491              -10634.28          8588.85           
497              -297.75            2058.70           
500              -284.35            2139.23           
503              -291.05            4088.60           
507              -7700.70           5403.04           
508              -7700.11           5440.27           
509              -7718.25           6527.36           
510              -4827.95           4681.39           
511              -4817.79           4725.42           
512              -2276.76           5038.84           
514              -2897.25           5274.32           
515              -2890.84           5317.82           
516              -4844.30           5336.39           
517              -4843.94           5367.56           
521              -4863.87           6431.84           
522              -4867.16           6471.10           
523              -1092.14           7485.65           
524              -1038.84           7485.10           

[MAP]
DIMENSIONS -10898.98 579.75 274.93 9971.18
Units      None

[REPORT]
INPUT            YES
SUBCATCHMENTS    ALL
NODES            ALL
LINKS            ALL



