;; SWMM5 .inp converted from XPSWMM .xp file
;; Generated by XPSWMM Card Reader
;; Source format: XP_CARD | Original title: CITY OF SACRAMENTO -HAGGINWOOD DRAINAGE STUDY - DEWANTE & STOWELL ENGRS

[TITLE]
;;Project Title/Notes
CITY OF SACRAMENTO -HAGGINWOOD DRAINAGE STUDY - DEWANTE & STOWELL ENGRS

[OPTIONS]
FLOW_UNITS           CFS
INFILTRATION         HORTON
FLOW_ROUTING         DYNWAVE
LINK_OFFSETS         DEPTH
MIN_SLOPE            0.0
ALLOW_PONDING        NO
SKIP_STEADY_STATE    NO
ROUTING_STEP         00:00:05
VARIABLE_STEP        0.75
INERTIAL_DAMPING     NONE
NORMAL_FLOW_LIMITED  BOTH
MAX_TRIALS           50

[JUNCTIONS]
;;Name           Elev       MaxDepth   InitDepth  SurDepth   Aponded
;;-------------- ---------- ---------- ---------- ---------- ----------
5038             45.00      0          0          0          0
5039             45.00      0          0          0          0
5035             50.00      0          0          0          0
5034             55.00      0          0          0          0
5030             55.00      0          0          0          0
5029             48.40      0          0          0          0
5031             50.00      0          0          0          0
5130             50.00      0          0          0          0
5131             50.00      0          0          0          0
5132             50.00      0          0          0          0
5135             50.00      0          0          0          0
5136             47.00      0          0          0          0
5137             45.10      0          0          0          0
5138             45.20      0          0          0          0
5139             45.10      0          0          0          0
5140             45.10      0          0          0          0
5141             48.30      0          0          0          0
5144             49.00      0          0          0          0
5147             48.00      0          0          0          0
5149             48.00      0          0          0          0
5007             70.60      0          0          0          0
5008             70.40      0          0          0          0
5009             69.50      0          0          0          0
5010             68.20      0          0          0          0
5011             66.70      0          0          0          0
5017             68.30      0          0          0          0
5018             62.10      0          0          0          0
5019             59.00      0          0          0          0
5021             55.30      0          0          0          0
5907             56.00      0          0          0          0
5023             55.20      0          0          0          0
5026             52.80      0          0          0          0
5027             52.90      0          0          0          0
5028             52.50      0          0          0          0
5067             63.20      0          0          0          0
5066             65.00      0          0          0          0
5065             64.40      0          0          0          0
5064             65.30      0          0          0          0
5063             66.40      0          0          0          0
5062             69.40      0          0          0          0
5061             71.30      0          0          0          0
5945             69.60      0          0          0          0
5060             69.00      0          0          0          0
5946             71.00      0          0          0          0
5902             71.50      0          0          0          0
5099             50.00      0          0          0          0
5910             49.60      0          0          0          0
5101             48.50      0          0          0          0
5944             50.00      0          0          0          0
5098             50.00      0          0          0          0
5094             50.00      0          0          0          0
5093             51.00      0          0          0          0
5092             51.00      0          0          0          0
5091             51.30      0          0          0          0
5090             51.30      0          0          0          0
5908             52.60      0          0          0          0
5024             52.60      0          0          0          0
5022             65.50      0          0          0          0
5025             52.60      0          0          0          0
5953             54.72      0          0          0          0
5951             56.00      0          0          0          0
5020             56.05      0          0          0          0
5952             56.00      0          0          0          0
5082             57.90      0          0          0          0
5120             49.20      0          0          0          0
5113             49.40      0          0          0          0
5112             51.20      0          0          0          0
5111             52.27      0          0          0          0
5926             54.00      0          0          0          0
5119             51.00      0          0          0          0
5118             53.20      0          0          0          0
163              0          0          0          0          0
DUMMY2           0          0          0          0          0
169              0          0          0          0          0
DUMMY4           0          0          0          0          0
DUMMY5           0          0          0          0          0
DUMMY6           0          0          0          0          0
106              0          0          0          0          0
DUMMY8           0          0          0          0          0
113              0          0          0          0          0
DUMMY10          0          0          0          0          0
DUMMY11          0          0          0          0          0
DUMMY12          0          0          0          0          0
DUMMY13          0          0          0          0          0
DUMMY14          0          0          0          0          0
1013             0          0          0          0          0
DUMMY16          0          0          0          0          0
1012             0          0          0          0          0
DUMMY18          0          0          0          0          0
DUMMY19          0          0          0          0          0
1011             0          0          0          0          0
DUMMY21          0          0          0          0          0
DUMMY22          0          0          0          0          0
DUMMY23          0          0          0          0          0
104              0          0          0          0          0
DUMMY25          0          0          0          0          0
1052             0          0          0          0          0
DUMMY27          0          0          0          0          0
DUMMY28          0          0          0          0          0
1032             0          0          0          0          0
DUMMY30          0          0          0          0          0
DUMMY31          0          0          0          0          0
1022             0          0          0          0          0
DUMMY33          0          0          0          0          0
DUMMY34          0          0          0          0          0
DUMMY35          0          0          0          0          0
136              0          0          0          0          0
135              0          0          0          0          0
DUMMY38          0          0          0          0          0
134              0          0          0          0          0
DUMMY40          0          0          0          0          0
128              0          0          0          0          0
127              0          0          0          0          0
125              0          0          0          0          0
129              0          0          0          0          0
1241             0          0          0          0          0
123              0          0          0          0          0
DUMMY47          0          0          0          0          0
121              0          0          0          0          0
DUMMY49          0          0          0          0          0
1103             0          0          0          0          0
DUMMY51          0          0          0          0          0
DUMMY52          0          0          0          0          0
1102             0          0          0          0          0
DUMMY54          0          0          0          0          0
DUMMY55          0          0          0          0          0
DUMMY56          0          0          0          0          0
147              0          0          0          0          0
DUMMY58          0          0          0          0          0
160              0          0          0          0          0
1741             0          0          0          0          0
170              0          0          0          0          0
162              0          0          0          0          0
DUMMY63          0          0          0          0          0
1202             0          0          0          0          0
119              0          0          0          0          0
DUMMY66          0          0          0          0          0
DUMMY67          0          0          0          0          0
1051             0          0          0          0          0
1031             0          0          0          0          0
1033             0          0          0          0          0
1021             0          0          0          0          0
1762             0          0          0          0          0
124              0          0          0          0          0
1761             0          0          0          0          0
148              0          0          0          0          0
142              0          0          0          0          0

[STORAGE]
;;Name           Elev       MaxDepth   InitDepth  Shape      Curve/Params
;;-------------- ---------- ---------- ---------- ---------- ----------
5037             50.00      0          0          FUNCTIONAL 100.00 0          0
5146             48.00      0          0          FUNCTIONAL 0 0          0
5148             48.00      0          0          FUNCTIONAL 0 0          0

[CONDUITS]
;;Name           From             To               Length     Roughness  InOffset   OutOffset  InitFlow   MaxFlow
;;-------------- ---------------- ---------------- ---------- ---------- ---------- ---------- ---------- ----------
20371            ?                ?                1185.00    0.0172     27.45      26.05      0          0
20372            5037             5039             1185.00    0.0172     27.45      26.05      0          0
2995             5035             5037             371.00     0.0360     28.72      28.35      0          0
2033             5034             5035             1029.92    0.0180     29.75      28.72      0          0
2994             5030             5034             589.00     0.0300     30.33      29.75      0          0
2028             5029             5030             665.00     0.0302     31.30      30.33      0          0
2029             5030             5031             322.00     0.0332     38.00      41.74      0          0
2120             5031             5130             490.00     0.0197     41.74      41.50      0          0
2121             5130             5131             380.00     0.0211     41.50      41.30      0          0
21221            21223            5132             250.00     0.0207     41.30      41.17      0          0
21231            21232            5135             188.00     0.0071     41.17      41.00      0          0
2125             5135             5136             535.00     0.2400     42.50      40.00      0          0
2126             5136             5137             190.00     0.1000     40.00      38.00      0          0
2127             5137             5138             220.00     0.0108     38.00      37.90      0          0
2128             5138             5139             220.00     0.0426     37.90      37.80      0          0
2129             5139             5140             220.00     0.0102     37.80      37.75      0          0
2130             5140             5141             180.00     0.0707     37.75      37.50      0          0
2131             5141             5037             200.00     0.0178     37.50      37.45      0          0
21331            5037             5144             100.00     0.0327     42.00      40.50      0          0
2133             5144             5146             260.00     0.0500     40.50      37.59      0          0
21341            21342            5147             220.00     0.0193     37.59      37.48      0          0
2135             5147             5148             875.00     0.0500     37.48      34.37      0          0
2136             5148             5149             260.00     0.0121     34.37      34.11      0          0
2006             5007             5008             210.00     0.0150     57.99      56.70      0          0
2007             5008             5009             565.00     0.0150     56.70      53.60      0          0
2008             5009             5010             470.00     0.0150     53.60      50.90      0          0
2009             5010             5011             340.00     0.0150     50.90      50.00      0          0
2010             5011             5017             700.00     0.0150     50.00      48.05      0          0
2018             5017             5018             982.00     0.0150     45.53      43.50      0          0
2019             5018             5019             885.00     0.0150     43.50      41.50      0          0
2020             5019             5021             382.00     0.0150     41.50      40.78      0          0
2902             5021             5907             80.00      0.0150     39.78      39.75      0          0
2021             5907             5023             569.00     0.0150     39.75      39.13      0          0
2024             5023             5026             1279.00    0.0150     39.13      36.41      0          0
2025             5026             5027             708.00     0.0150     36.41      33.93      0          0
2026             5027             5028             375.00     0.0150     33.93      32.63      0          0
2027             5028             5029             430.00     0.0150     32.63      31.00      0          0
2996             5067             5017             820.00     0.0150     46.17      45.53      0          0
2067             5066             5067             660.00     0.0150     47.20      46.17      0          0
2066             5065             5066             655.00     0.0150     48.13      47.20      0          0
2059             5064             5065             310.00     0.0150     49.11      48.63      0          0
2058             5063             5064             328.00     0.0150     49.69      49.11      0          0
2057             5062             5063             432.00     0.0150     50.77      50.19      0          0
2056             5061             5062             336.00     0.0150     51.23      50.77      0          0
2055             5945             5061             385.00     0.0150     52.50      50.75      0          0
2988             5060             5945             32.00      0.0300     64.00      56.95      0          0
2989             5946             5060             17.00      0.0150     66.01      64.00      0          0
2054             5902             5946             526.00     0.0150     67.72      66.01      0          0
2100             5099             5910             200.00     0.0250     44.10      38.00      0          0
2992             5101             5029             538.00     0.0150     34.07      33.00      0          0
2993             5910             5101             466.00     0.0150     35.18      34.07      0          0
2990             5944             5099             150.00     0.0180     44.15      44.10      0          0
2099             5098             5944             360.00     0.0250     44.87      44.15      0          0
2095             5094             5098             701.00     0.0250     45.69      44.15      0          0
2094             5093             5094             510.00     0.0150     46.76      45.69      0          0
2093             5092             5093             280.00     0.0150     47.18      46.76      0          0
2092             5091             5092             130.00     0.0150     47.56      47.18      0          0
2091             5090             5091             125.00     0.0200     48.16      47.56      0          0
2090             5908             5090             360.00     0.0150     49.20      48.16      0          0
2937             5024             5908             120.00     0.0104     49.36      49.20      0          0
2023             5022             5024             670.00     0.0150     50.11      49.36      0          0
2903             5024             5025             125.00     0.0250     49.36      48.86      0          0
2904             5025             5091             330.00     0.0250     48.86      47.56      0          0
2022             5953             5022             650.00     0.0050     51.72      50.11      0          0
2938             5951             5021             38.00      0.0470     48.80      42.75      0          0
2991             5020             5952             10.00      0.0200     51.40      51.00      0          0
2083             5082             5020             235.00     0.0400     52.69      51.40      0          0
2112             5120             5910             323.00     0.0150     38.03      37.10      0          0
2111             5113             5120             392.00     0.0150     38.90      38.03      0          0
2110             5112             5113             250.00     0.0150     41.15      40.35      0          0
2109             5111             5112             295.00     0.0150     42.45      41.40      0          0
2944             5926             5111             395.00     0.0150     44.56      42.45      0          0
2107             5119             5113             470.00     0.0250     42.09      40.40      0          0
2106             5118             5119             365.00     0.0250     43.47      42.09      0          0
2972             160              163              110.00     0.0250     0          0          0          0
2973             163              DUMMY2           90.00      0.0300     0          0          0          0
2974             DUMMY2           169              40.00      0.0250     0          0          0          0
2975             169              5137             420.00     0.0300     0          0          0          0
2977             1741             DUMMY4           1900.00    0.0250     0          0          0          0
2971             DUMMY4           5135             100.00     0.0300     0          0          0          0
2976             170              5137             1650.00    0.0300     0          0          0          0
2959             162              DUMMY5           370.00     0.0250     0          0          0          0
2960             DUMMY5           DUMMY6           455.00     0.0250     0          0          0          0
2982             DUMMY6           5141             480.00     0.0300     0          0          0          0
2001             DUMMY63          106              280.00     0.0200     0          0          0          0
2002             106              DUMMY8           317.00     0.0250     0          0          0          0
2003             DUMMY8           113              244.00     0.0150     0          0          0          0
2004             113              DUMMY10          240.00     0.0150     0          0          0          0
2005             DUMMY10          5007             600.00     0.0150     0          0          0          0
2012             1202             5011             320.00     0.0250     0          0          0          0
2965             119              DUMMY11          110.00     0.0250     0          0          0          0
2966             DUMMY11          5067             190.00     0.0250     0          0          0          0
2932             DUMMY12          5902             90.00      0.0230     0          0          0          0
2931             DUMMY13          DUMMY12          10.00      0.0560     0          0          0          0
2930             DUMMY14          DUMMY13          100.00     0.0190     0          0          0          0
2045             1013             DUMMY14          600.00     0.0150     0          0          0          0
2044             DUMMY16          1013             50.00      0.0200     0          0          0          0
2043             1012             DUMMY16          360.00     0.0150     0          0          0          0
2042             DUMMY18          1012             270.00     0.0150     0          0          0          0
2908             DUMMY19          DUMMY18          100.00     0.0280     0          0          0          0
2041             1011             DUMMY19          420.00     0.0280     0          0          0          0
2909             DUMMY21          1011             100.00     0.0280     0          0          0          0
2040             DUMMY22          DUMMY21          275.00     0.0280     0          0          0          0
2943             DUMMY66          DUMMY22          675.00     0.0280     0          0          0          0
2053             DUMMY23          DUMMY13          230.00     0.0280     0          0          0          0
2052             104              DUMMY23          360.00     0.0250     0          0          0          0
2051             DUMMY25          104              150.00     0.0250     0          0          0          0
2050             DUMMY67          DUMMY25          256.00     0.0200     0          0          0          0
2945             1051             1052             880.00     0.0250     0          0          0          0
2946             1052             DUMMY27          345.00     0.0150     0          0          0          0
2949             DUMMY27          DUMMY23          155.00     0.0250     0          0          0          0
2985             DUMMY28          DUMMY13          485.00     0.0260     0          0          0          0
2048             1032             DUMMY28          455.00     0.0260     0          0          0          0
2984             DUMMY31          1032             165.00     0.0260     0          0          0          0
2978             DUMMY30          1032             410.00     0.0260     0          0          0          0
2979             1031             DUMMY30          410.00     0.0260     0          0          0          0
2980             1033             DUMMY31          100.00     0.0260     0          0          0          0
2936             1022             DUMMY13          460.00     0.0250     0          0          0          0
2942             1021             1022             535.00     0.0250     0          0          0          0
2933             1762             DUMMY33          470.00     0.0250     0          0          0          0
2934             DUMMY33          DUMMY34          280.00     0.0260     0          0          0          0
2935             DUMMY34          DUMMY13          175.00     0.0260     0          0          0          0
2082             DUMMY35          5082             80.00      0.0260     0          0          0          0
2081             136              DUMMY35          170.00     0.0400     0          0          0          0
2987             135              136              805.00     0.0150     0          0          0          0
2080             DUMMY38          135              44.00      0.0125     0          0          0          0
2079             134              DUMMY38          378.00     0.0150     0          0          0          0
2078             DUMMY40          134              42.00      0.0125     0          0          0          0
2077             128              DUMMY40          214.00     0.0150     0          0          0          0
2076             127              128              42.00      0.0125     0          0          0          0
2075             125              127              285.00     0.0150     0          0          0          0
2074             129              125              578.00     0.0150     0          0          0          0
2073             1241             129              48.00      0.0200     0          0          0          0
2072             123              1241             208.00     0.0150     0          0          0          0
2071             DUMMY47          123              44.00      0.0200     0          0          0          0
2070             121              DUMMY47          754.00     0.0150     0          0          0          0
2939             124              121              45.00      0.0200     0          0          0          0
2063             DUMMY49          5065             635.00     0.0250     0          0          0          0
2062             1103             DUMMY49          200.00     0.0300     0          0          0          0
2061             DUMMY51          1103             420.00     0.0400     0          0          0          0
2906             DUMMY52          DUMMY51          40.00      0.0370     0          0          0          0
2060             1102             DUMMY52          420.00     0.0400     0          0          0          0
2907             1761             1102             375.00     0.0400     0          0          0          0
2970             DUMMY54          5926             45.47      0.0150     0          0          0          0
2981             148              DUMMY54          47.22      0.0150     0          0          0          0
2105             DUMMY55          5118             150.00     0.0250     0          0          0          0
2104             DUMMY56          DUMMY55          160.00     0.0250     0          0          0          0
2103             147              DUMMY56          245.00     0.0250     0          0          0          0
2102             DUMMY58          147              240.00     0.0250     0          0          0          0
2101             142              DUMMY58          230.00     0.0250     0          0          0          0

[WEIRS]
;;Name           From             To               Type       CrestHt    Qcoeff     Gated    EndCon   EndCoeff   Surcharge
;;-------------- ---------------- ---------------- ---------- ---------- ---------- -------- -------- ---------- ----------
MUL4             5020             5951             V-NOTCH    51.70      1.840      NO       0        0          YES
MUL5             5952             5953             TRANSVERSE 51.74      1.840      NO       0        0          YES

[XSECTIONS]
;;Link           Shape        Geom1      Geom2      Geom3      Geom4      Barrels
;;-------------- ------------ ---------- ---------- ---------- ---------- ----------
20371            CIRCULAR     6.00       0          0          0          1
20372            CIRCULAR     6.00       0          0          0          1
2995             CIRCULAR     8.00       0          0          0          1
2033             CIRCULAR     8.00       0          0          0          1
2994             CIRCULAR     8.00       0          0          0          1
2028             CIRCULAR     10.50      0          0          0          1
2029             CIRCULAR     4.50       0          0          0          1
2120             CIRCULAR     5.00       0          0          0          1
2121             CIRCULAR     5.00       0          0          0          1
21221            CIRCULAR     3.50       0          0          0          1
21231            CIRCULAR     3.00       0          0          0          1
2125             POWER        4.00       150.00     0          0          1
2126             TRAPEZOIDAL  7.00       5.00       0          0          1
2127             CIRCULAR     3.50       0          0          0          1
2128             TRAPEZOIDAL  7.20       6.00       0          0          1
2129             CIRCULAR     3.50       0          0          0          1
2130             TRAPEZOIDAL  7.20       15.00      0          0          1
2131             RECT_CLOSED  5.50       4.52       0          0          1
21331            RECT_CLOSED  2.00       4.00       0          0          1
2133             TRAPEZOIDAL  7.00       40.00      0          0          1
21341            CIRCULAR     4.00       0          0          0          1
2135             TRAPEZOIDAL  7.00       10.00      0          0          1
2136             CIRCULAR     4.00       0          0          0          1
2006             CIRCULAR     3.50       0          0          0          1
2007             CIRCULAR     3.50       0          0          0          1
2008             CIRCULAR     3.50       0          0          0          1
2009             CIRCULAR     3.50       0          0          0          1
2010             CIRCULAR     3.50       0          0          0          1
2018             CIRCULAR     6.00       0          0          0          1
2019             CIRCULAR     6.00       0          0          0          1
2020             CIRCULAR     6.00       0          0          0          1
2902             CIRCULAR     7.00       0          0          0          1
2021             CIRCULAR     7.00       0          0          0          1
2024             CIRCULAR     7.00       0          0          0          1
2025             CIRCULAR     7.00       0          0          0          1
2026             CIRCULAR     7.00       0          0          0          1
2027             CIRCULAR     7.00       0          0          0          1
2996             CIRCULAR     5.50       0          0          0          1
2067             CIRCULAR     5.50       0          0          0          1
2066             CIRCULAR     5.50       0          0          0          1
2059             CIRCULAR     5.00       0          0          0          1
2058             CIRCULAR     5.00       0          0          0          1
2057             CIRCULAR     4.50       0          0          0          1
2056             CIRCULAR     4.50       0          0          0          1
2055             CIRCULAR     4.50       0          0          0          1
2988             CIRCULAR     4.00       0          0          0          1
2989             TRAPEZOIDAL  4.00       6.00       0          0          1
2054             TRAPEZOIDAL  1.50       6.00       0          0          1
2100             CIRCULAR     4.50       0          0          0          1
2992             CIRCULAR     6.00       0          0          0          1
2993             CIRCULAR     5.00       0          0          0          1
2990             RECT_CLOSED  3.00       8.00       0          0          1
2099             CIRCULAR     4.17       0          0          0          1
2095             CIRCULAR     3.50       0          0          0          1
2094             TRAPEZOIDAL  4.00       10.00      0          0          1
2093             CIRCULAR     3.50       0          0          0          1
2092             CIRCULAR     3.50       0          0          0          1
2091             RECT_CLOSED  2.00       10.00      0          0          1
2090             TRAPEZOIDAL  3.00       5.00       0          0          1
2937             TRAPEZOIDAL  2.00       10.00      0          0          1
2023             TRAPEZOIDAL  3.00       5.00       0          0          1
2903             CIRCULAR     3.00       0          0          0          1
2904             CIRCULAR     3.00       0          0          0          1
2022             CIRCULAR     3.00       0          0          0          1
2938             CIRCULAR     4.50       0          0          0          1
2991             TRAPEZOIDAL  4.30       8.00       0          0          1
2083             TRAPEZOIDAL  4.30       9.00       0          0          1
2112             CIRCULAR     4.00       0          0          0          1
2111             CIRCULAR     4.00       0          0          0          1
2110             CIRCULAR     2.50       0          0          0          1
2109             CIRCULAR     2.25       0          0          0          1
2944             CIRCULAR     2.00       0          0          0          1
2107             CIRCULAR     3.00       0          0          0          1
2106             CIRCULAR     3.00       0          0          0          1
2972             CIRCULAR     2.00       0          0          0          1
2973             TRAPEZOIDAL  2.00       2.00       0          0          1
2974             CIRCULAR     2.00       0          0          0          1
2975             TRAPEZOIDAL  2.00       4.00       0          0          1
2977             TRAPEZOIDAL  4.00       4.00       0          0          1
2971             CIRCULAR     2.00       0          0          0          1
2976             TRAPEZOIDAL  2.00       4.00       0          0          1
2959             CIRCULAR     2.00       0          0          0          1
2960             CIRCULAR     2.50       0          0          0          1
2982             TRAPEZOIDAL  1.50       6.00       0          0          1
2001             TRAPEZOIDAL  2.00       1.00       0          0          1
2002             CIRCULAR     2.00       0          0          0          1
2003             CIRCULAR     2.00       0          0          0          1
2004             CIRCULAR     2.00       0          0          0          1
2005             CIRCULAR     3.00       0          0          0          1
2012             CIRCULAR     2.00       0          0          0          1
2965             CIRCULAR     2.00       0          0          0          1
2966             CIRCULAR     2.00       0          0          0          1
2932             TRAPEZOIDAL  2.50       6.00       0          0          1
2931             TRAPEZOIDAL  2.50       6.00       0          0          1
2930             CIRCULAR     2.50       0          0          0          1
2045             CIRCULAR     2.25       0          0          0          1
2044             CIRCULAR     1.75       0          0          0          1
2043             CIRCULAR     1.50       0          0          0          1
2042             CIRCULAR     1.50       0          0          0          1
2908             CIRCULAR     2.50       0          0          0          1
2041             CIRCULAR     2.00       0          0          0          1
2909             CIRCULAR     2.00       0          0          0          1
2040             CIRCULAR     2.00       0          0          0          1
2943             CIRCULAR     1.25       0          0          0          1
2053             CIRCULAR     2.25       0          0          0          1
2052             CIRCULAR     2.00       0          0          0          1
2051             CIRCULAR     1.50       0          0          0          1
2050             TRAPEZOIDAL  3.50       3.00       0          0          1
2945             CIRCULAR     2.00       0          0          0          1
2946             CIRCULAR     2.00       0          0          0          1
2949             CIRCULAR     2.50       0          0          0          1
2985             CIRCULAR     2.50       0          0          0          1
2048             CIRCULAR     2.50       0          0          0          1
2984             CIRCULAR     1.75       0          0          0          1
2978             CIRCULAR     1.33       0          0          0          1
2979             CIRCULAR     1.33       0          0          0          1
2980             CIRCULAR     1.33       0          0          0          1
2936             CIRCULAR     1.50       0          0          0          1
2942             CIRCULAR     1.00       0          0          0          1
2933             CIRCULAR     1.50       0          0          0          1
2934             CIRCULAR     1.50       0          0          0          1
2935             CIRCULAR     1.50       0          0          0          1
2082             TRAPEZOIDAL  3.00       4.00       0          0          1
2081             TRAPEZOIDAL  4.30       7.00       0          0          1
2987             TRAPEZOIDAL  4.00       5.00       0          0          1
2080             CIRCULAR     2.37       0          0          0          1
2079             TRAPEZOIDAL  4.00       5.00       0          0          1
2078             CIRCULAR     2.37       0          0          0          1
2077             TRAPEZOIDAL  4.00       5.00       0          0          1
2076             CIRCULAR     2.37       0          0          0          1
2075             TRAPEZOIDAL  4.00       5.00       0          0          1
2074             CIRCULAR     4.00       0          0          0          1
2073             TRAPEZOIDAL  2.00       6.00       0          0          1
2072             TRAPEZOIDAL  2.00       2.00       0          0          1
2071             TRAPEZOIDAL  2.00       6.00       0          0          1
2070             TRAPEZOIDAL  3.00       3.00       0          0          1
2939             TRAPEZOIDAL  2.00       6.00       0          0          1
2063             CIRCULAR     2.25       0          0          0          1
2062             CIRCULAR     2.00       0          0          0          1
2061             TRAPEZOIDAL  3.00       3.00       0          0          1
2906             CIRCULAR     2.00       0          0          0          1
2060             CIRCULAR     2.00       0          0          0          1
2907             CIRCULAR     2.00       0          0          0          1
2970             CIRCULAR     2.00       0          0          0          1
2981             CIRCULAR     1.75       0          0          0          1
2105             CIRCULAR     3.00       0          0          0          1
2104             CIRCULAR     3.00       0          0          0          1
2103             CIRCULAR     3.00       0          0          0          1
2102             CIRCULAR     3.00       0          0          0          1
2101             CIRCULAR     3.00       0          0          0          1
MUL4             RECT_OPEN    0          7.00       0          0          
MUL5             RECT_OPEN    0          8.50       0          0          

[LOSSES]
;;Link           Inlet      Outlet     Average    Flap Gate
;;-------------- ---------- ---------- ---------- ----------
20371            0          0          0          NO
20372            0          0          0          NO
2995             0          0          0          NO
2033             0          0          0          NO
2994             0          0          0          NO
2028             0          0          0          NO
2029             0          0          0          NO
2120             0          0          0          NO
2121             0          0          0          NO
21221            0          0          0          NO
21231            0          0          0          NO
2125             0          0          0          NO
2126             0          0          0          NO
2127             0          0          0          NO
2128             0          0          0          NO
2129             0          0          0          NO
2130             0          0          0          NO
2131             0          0          0          NO
21331            0          0          0          NO
2133             0          0          0          NO
21341            0          0          0          NO
2135             0          0          0          NO
2136             0          0          0          NO
2006             0          0          0          NO
2007             0          0          0          NO
2008             0          0          0          NO
2009             0          0          0          NO
2010             0          0          0          NO
2018             0          0          0          NO
2019             0          0          0          NO
2020             0          0          0          NO
2902             0          0          0          NO
2021             0          0          0          NO
2024             0          0          0          NO
2025             0          0          0          NO
2026             0          0          0          NO
2027             0          0          0          NO
2996             0          0          0          NO
2067             0          0          0          NO
2066             0          0          0          NO
2059             0          0          0          NO
2058             0          0          0          NO
2057             0          0          0          NO
2056             0          0          0          NO
2055             0          0          0          NO
2988             0          0          0          NO
2989             0          0          0          NO
2054             0          0          0          NO
2100             0          0          0          NO
2992             0          0          0          NO
2993             0          0          0          NO
2990             0          0          0          NO
2099             0          0          0          NO
2095             0          0          0          NO
2094             0          0          0          NO
2093             0          0          0          NO
2092             0          0          0          NO
2091             0          0          0          NO
2090             0          0          0          NO
2937             0          0          0          NO
2023             0          0          0          NO
2903             0          0          0          NO
2904             0          0          0          NO
2022             0          0          0          NO
2938             0          0          0          NO
2991             0          0          0          NO
2083             0          0          0          NO
2112             0          0          0          NO
2111             0          0          0          NO
2110             0          0          0          NO
2109             0          0          0          NO
2944             0          0          0          NO
2107             0          0          0          NO
2106             0          0          0          NO
2972             0          0          0          NO
2973             0          0          0          NO
2974             0          0          0          NO
2975             0          0          0          NO
2977             0          0          0          NO
2971             0          0          0          NO
2976             0          0          0          NO
2959             0          0          0          NO
2960             0          0          0          NO
2982             0          0          0          NO
2001             0          0          0          NO
2002             0          0          0          NO
2003             0          0          0          NO
2004             0          0          0          NO
2005             0          0          0          NO
2012             0          0          0          NO
2965             0          0          0          NO
2966             0          0          0          NO
2932             0          0          0          NO
2931             0          0          0          NO
2930             0          0          0          NO
2045             0          0          0          NO
2044             0          0          0          NO
2043             0          0          0          NO
2042             0          0          0          NO
2908             0          0          0          NO
2041             0          0          0          NO
2909             0          0          0          NO
2040             0          0          0          NO
2943             0          0          0          NO
2053             0          0          0          NO
2052             0          0          0          NO
2051             0          0          0          NO
2050             0          0          0          NO
2945             0          0          0          NO
2946             0          0          0          NO
2949             0          0          0          NO
2985             0          0          0          NO
2048             0          0          0          NO
2984             0          0          0          NO
2978             0          0          0          NO
2979             0          0          0          NO
2980             0          0          0          NO
2936             0          0          0          NO
2942             0          0          0          NO
2933             0          0          0          NO
2934             0          0          0          NO
2935             0          0          0          NO
2082             0          0          0          NO
2081             0          0          0          NO
2987             0          0          0          NO
2080             0          0          0          NO
2079             0          0          0          NO
2078             0          0          0          NO
2077             0          0          0          NO
2076             0          0          0          NO
2075             0          0          0          NO
2074             0          0          0          NO
2073             0          0          0          NO
2072             0          0          0          NO
2071             0          0          0          NO
2070             0          0          0          NO
2939             0          0          0          NO
2063             0          0          0          NO
2062             0          0          0          NO
2061             0          0          0          NO
2906             0          0          0          NO
2060             0          0          0          NO
2907             0          0          0          NO
2970             0          0          0          NO
2981             0          0          0          NO
2105             0          0          0          NO
2104             0          0          0          NO
2103             0          0          0          NO
2102             0          0          0          NO
2101             0          0          0          NO

[COORDINATES]
;;Node           X-Coord            Y-Coord
;;-------------- ------------------ ------------------
5037             1171.35            139.86            
5038             1191.35            139.86            
5039             1211.35            139.86            
5035             1151.35            139.86            
5034             1131.35            139.86            
5030             891.35             139.86            
5029             871.35             139.86            
5031             911.35             139.86            
5130             931.35             139.86            
5131             951.35             139.86            
5132             971.35             139.86            
5135             991.35             139.86            
5136             1011.35            139.86            
5137             1031.35            139.86            
5138             1051.35            139.86            
5139             1071.35            139.86            
5140             1091.35            139.86            
5141             1111.35            139.86            
5144             1231.35            139.86            
5146             1251.35            139.86            
5147             1271.35            139.86            
5148             1291.35            139.86            
5149             1311.35            139.86            
5007             557.41             135.90            
5008             577.41             135.90            
5009             597.41             135.90            
5010             617.41             135.90            
5011             637.41             135.90            
5017             657.41             135.90            
5018             677.41             135.90            
5019             697.41             135.90            
5021             751.35             139.86            
5907             771.35             139.86            
5023             791.35             139.86            
5026             811.35             139.86            
5027             831.35             139.86            
5028             851.35             139.86            
5067             657.41             115.90            
5066             664.25             97.11             
5065             671.09             78.31             
5064             683.95             62.99             
5063             696.80             47.67             
5062             709.66             32.35             
5061             722.51             17.03             
5945             735.37             1.71              
5060             748.23             -13.61            
5946             761.08             -28.93            
5902             773.94             -44.26            
5099             671.35             139.86            
5910             691.35             139.86            
5101             711.35             139.86            
5944             651.35             139.86            
5098             631.35             139.86            
5094             611.35             139.86            
5093             591.35             139.86            
5092             571.35             139.86            
5091             551.35             139.86            
5090             531.35             139.86            
5908             511.35             139.86            
5024             491.35             139.86            
5022             471.35             139.86            
5025             551.35             119.86            
5953             451.35             139.86            
5951             731.35             139.86            
5020             717.41             175.90            
5952             359.93             153.09            
5082             717.41             195.90            
5120             691.35             159.86            
5113             691.35             179.86            
5112             684.51             198.65            
5111             677.67             217.45            
5926             670.83             236.24            
5119             698.19             198.65            
5118             705.03             217.45            
163              988.93             182.28            
DUMMY2           1003.07            168.14            
169              1017.21            154.00            
DUMMY4           991.35             119.86            
DUMMY5           1111.35            179.86            
DUMMY6           1111.35            159.86            
106              477.41             135.90            
DUMMY8           497.41             135.90            
113              517.41             135.90            
DUMMY10          537.41             135.90            
DUMMY11          650.57             97.11             
DUMMY12          786.79             -59.58            
DUMMY13          799.65             -74.90            
DUMMY14          819.35             -78.37            
1013             839.04             -81.84            
DUMMY16          858.74             -85.32            
1012             878.43             -88.79            
DUMMY18          898.13             -92.26            
DUMMY19          917.83             -95.74            
1011             937.52             -99.21            
DUMMY21          957.22             -102.68           
DUMMY22          976.91             -106.15           
DUMMY23          816.97             -84.90            
104              836.67             -88.37            
DUMMY25          856.36             -91.84            
1052             842.68             -115.54           
DUMMY27          829.83             -100.22           
DUMMY28          812.50             -90.22            
1032             825.36             -105.54           
DUMMY30          832.20             -124.33           
DUMMY31          842.68             -115.54           
1022             806.49             -93.69            
DUMMY33          799.65             -114.90           
DUMMY34          799.65             -94.90            
DUMMY35          717.41             215.90            
136              717.41             235.90            
135              717.41             255.90            
DUMMY38          717.41             275.90            
134              717.41             295.90            
DUMMY40          717.41             315.90            
128              717.41             335.90            
127              717.41             355.90            
125              717.41             375.90            
129              717.41             395.90            
1241             717.41             415.90            
123              717.41             435.90            
DUMMY47          717.41             455.90            
121              717.41             475.90            
DUMMY49          671.09             58.31             
1103             671.09             38.31             
DUMMY51          671.09             18.31             
DUMMY52          671.09             -1.69             
1102             671.09             -21.69            
DUMMY54          663.99             255.03            
DUMMY55          711.87             236.24            
DUMMY56          718.72             255.03            
147              725.56             273.83            
DUMMY58          732.40             292.62            
160              974.79             196.43            
1741             991.35             99.86             
170              1031.35            119.86            
162              1111.35            199.86            
DUMMY63          457.41             135.90            
1202             637.41             155.90            
119              643.73             78.31             
DUMMY66          996.61             -109.63           
DUMMY67          876.06             -95.32            
1051             855.54             -130.86           
1031             839.04             -143.13           
1033             860.00             -125.54           
1021             813.33             -112.48           
1762             799.65             -134.90           
124              717.41             495.90            
1761             671.09             -41.69            
148              657.15             273.83            
142              739.24             311.42            

[MAP]
DIMENSIONS 359.93 -143.13 1311.35 495.90
Units      None

[REPORT]
INPUT            YES
SUBCATCHMENTS    ALL
NODES            ALL
LINKS            ALL



