;; SWMM5 .inp converted from XPSWMM .xp file
;; Generated by XPSWMM Card Reader
;; Source format: XP_CARD | Original title: Wastewater Information Management System : Honolulu

[TITLE]
;;Project Title/Notes
Wastewater Information Management System : Honolulu

[OPTIONS]
FLOW_UNITS           CFS
INFILTRATION         HORTON
FLOW_ROUTING         DYNWAVE
LINK_OFFSETS         DEPTH
MIN_SLOPE            0.0
ALLOW_PONDING        NO
SKIP_STEADY_STATE    NO
ROUTING_STEP         00:00:15
VARIABLE_STEP        0.75
INERTIAL_DAMPING     PARTIAL
NORMAL_FLOW_LIMITED  BOTH
MAX_TRIALS           50
HEAD_TOLERANCE       0.0033

[JUNCTIONS]
;;Name           Elev       MaxDepth   InitDepth  SurDepth   Aponded
;;-------------- ---------- ---------- ---------- ---------- ----------
30530038         17.00      0          0          0          0
30530063         16.88      0          0          0          0
30530134         14.80      0          0          0          0
30530136         14.68      0          0          0          0
30530200         12.50      0          0          0          0
30530221         11.53      0          0          0          0
30530236         11.30      0          0          0          0
30530241         11.70      0          0          0          0
30530243         11.80      0          0          0          0
30530290         7.00       0          0          0          0
30530308         7.00       0          0          0          0
30530396         10.30      0          0          0          0
30530494         11.50      0          0          0          0
30530604         11.60      0          0          0          0
30530715         9.90       0          0          0          0
30531552         12.50      0          0          0          0
30540041         5.06       0          0          0          0
30540097         5.02       0          0          0          0
30540150         6.52       0          0          0          0
30540207         7.92       0          0          0          0
30540270         10.00      0          0          0          0
30540289         8.97       0          0          0          0
30540312         8.97       0          0          0          0
30540331         9.76       0          0          0          0
30540409         7.94       0          0          0          0
30540432         7.00       0          0          0          0
30540458         6.83       0          0          0          0
30540479         6.83       0          0          0          0
30540622         4.81       0          0          0          0
30540745         5.11       0          0          0          0
30540912         6.08       0          0          0          0
30541077         9.98       0          0          0          0
30541204         12.40      0          0          0          0
30541434         8.35       0          0          0          0
30541441         7.66       0          0          0          0
27520121         10.01      0          0          0          0
27520232         7.92       0          0          0          0
27520546         9.12       0          0          0          0
27520560         7.20       0          0          0          0
27520578         6.81       0          0          0          0
27520697         6.14       0          0          0          0
27520797         7.87       0          0          0          0
27520887         6.05       0          0          0          0
27521026         6.06       0          0          0          0
27521158         6.52       0          0          0          0
27521335         6.14       0          0          0          0
27530144         8.56       0          0          0          0
27530172         8.55       0          0          0          0
27530191         8.57       0          0          0          0
27530197         8.96       0          0          0          0
27530206         8.95       0          0          0          0
27530229         9.50       0          0          0          0
27530268         9.48       0          0          0          0
27530312         9.69       0          0          0          0
27530334         9.42       0          0          0          0
27530373         9.29       0          0          0          0
27530400         9.31       0          0          0          0
27530443         9.46       0          0          0          0
27530495         9.22       0          0          0          0
27530552         10.86      0          0          0          0
27530580         11.51      0          0          0          0
27530647         11.50      0          0          0          0
27530677         12.05      0          0          0          0
27530693         12.26      0          0          0          0
27530751         12.05      0          0          0          0
27530780         12.12      0          0          0          0
27530852         10.84      0          0          0          0
28520128         5.73       0          0          0          0
28520280         7.70       0          0          0          0
28520371         8.00       0          0          0          0
28520574         8.76       0          0          0          0
28520701         8.65       0          0          0          0
28520733         8.61       0          0          0          0
28520787         8.51       0          0          0          0
28520862         8.32       0          0          0          0
28520988         8.00       0          0          0          0
28521120         8.40       0          0          0          0
28521166         8.22       0          0          0          0
28521269         7.79       0          0          0          0
28521316         7.60       0          0          0          0
28521361         7.45       0          0          0          0
28521461         7.00       0          0          0          0
28521562         7.00       0          0          0          0
28521626         7.04       0          0          0          0
28521764         6.40       0          0          0          0
28521830         7.13       0          0          0          0
28521873         7.70       0          0          0          0
28521963         8.55       0          0          0          0
28521980         8.62       0          0          0          0
28522075         8.92       0          0          0          0
28522174         8.44       0          0          0          0
28530050         9.68       0          0          0          0
28530069         9.84       0          0          0          0
28530178         10.76      0          0          0          0
28530242         10.59      0          0          0          0
28530320         9.29       0          0          0          0
28530342         9.21       0          0          0          0
28530462         9.00       0          0          0          0
28530542         8.63       0          0          0          0
28530644         8.69       0          0          0          0
28530717         9.04       0          0          0          0
28530770         9.40       0          0          0          0
28530809         9.62       0          0          0          0
28530910         9.36       0          0          0          0
28530977         9.36       0          0          0          0
28531133         12.04      0          0          0          0
28531190         10.92      0          0          0          0
28531322         10.04      0          0          0          0
28531383         9.94       0          0          0          0
28531497         8.98       0          0          0          0
28531605         9.39       0          0          0          0
28531639         9.34       0          0          0          0
28531740         9.94       0          0          0          0
28531844         10.38      0          0          0          0
28532007         10.66      0          0          0          0
28532028         10.47      0          0          0          0
28532120         9.31       0          0          0          0
28532303         7.80       0          0          0          0
28532445         7.90       0          0          0          0
28532556         7.90       0          0          0          0
28532640         7.90       0          0          0          0
28532791         8.90       0          0          0          0
28532887         8.50       0          0          0          0
28540032         9.40       0          0          0          0
28540039         9.23       0          0          0          0
28540070         8.14       0          0          0          0
28540097         5.04       0          0          0          0
28540102         9.18       0          0          0          0
28540120         7.66       0          0          0          0
28540128         8.63       0          0          0          0
28540140         6.25       0          0          0          0
28540142         8.48       0          0          0          0
28540147         7.59       0          0          0          0
28540176         8.69       0          0          0          0
28540178         11.31      0          0          0          0
28540227         12.47      0          0          0          0
28540241         11.24      0          0          0          0
29520076         8.60       0          0          0          0
29520078         8.48       0          0          0          0
29520118         7.81       0          0          0          0
29520144         6.60       0          0          0          0
29520190         5.90       0          0          0          0
29520209         4.50       0          0          0          0
29520241         26.20      0          0          0          0
29520242         34.70      0          0          0          0
29520243         42.20      0          0          0          0
29520244         51.20      0          0          0          0
29520245         53.40      0          0          0          0
29520246         55.70      0          0          0          0
29520248         63.20      0          0          0          0
29520254         71.20      0          0          0          0
29520258         74.00      0          0          0          0
29530494         5.80       0          0          0          0
29530561         7.80       0          0          0          0
29530590         0          0          0          0          0
29530599         6.60       0          0          0          0
29530606         10.00      0          0          0          0
29530611         9.63       0          0          0          0
29530614         9.20       0          0          0          0
29530615         9.58       0          0          0          0
29530620         10.30      0          0          0          0
29530635         8.62       0          0          0          0
29530641         12.40      0          0          0          0
29530643         12.50      0          0          0          0
29530655         13.20      0          0          0          0
29530679         14.50      0          0          0          0
29530683         9.40       0          0          0          0
29530697         15.60      0          0          0          0
29530700         8.29       0          0          0          0
29530705         6.72       0          0          0          0
29530710         17.60      0          0          0          0
29530727         6.24       0          0          0          0
29530765         7.16       0          0          0          0
29530781         5.06       0          0          0          0
29530826         8.20       0          0          0          0
29530827         8.60       0          0          0          0
29530828         8.60       0          0          0          0
29530852         11.80      0          0          0          0
29530864         7.60       0          0          0          0
29530900         6.20       0          0          0          0
29530901         11.60      0          0          0          0
29530942         7.20       0          0          0          0
29531026         8.10       0          0          0          0
29531035         7.30       0          0          0          0
29531039         7.39       0          0          0          0
29531109         7.95       0          0          0          0
29531185         6.11       0          0          0          0
29531220         12.78      0          0          0          0
29540053         5.42       0          0          0          0
29540097         11.76      0          0          0          0
29540120         6.31       0          0          0          0
29540121         6.63       0          0          0          0
29540142         5.23       0          0          0          0
29540164         11.97      0          0          0          0
29540175         4.85       0          0          0          0
29540231         11.83      0          0          0          0
29540284         6.15       0          0          0          0
29540319         9.82       0          0          0          0
29540328         6.62       0          0          0          0
29540341         8.49       0          0          0          0
29540357         6.16       0          0          0          0
29540361         12.00      0          0          0          0
29540374         8.11       0          0          0          0
29540407         6.49       0          0          0          0
29540447         7.48       0          0          0          0
29540466         11.16      0          0          0          0
29540471         9.11       0          0          0          0
29540476         7.95       0          0          0          0
29540542         11.36      0          0          0          0
29540608         9.82       0          0          0          0
29540716         9.12       0          0          0          0
29540872         8.49       0          0          0          0
29540973         8.68       0          0          0          0
29541113         8.80       0          0          0          0
29541136         7.56       0          0          0          0
29541377         5.99       0          0          0          0
29541383         7.00       0          0          0          0
29541427         6.83       0          0          0          0
29541429         7.20       0          0          0          0
29541466         6.31       0          0          0          0
29541632         6.03       0          0          0          0
29541828         6.90       0          0          0          0
29542022         4.73       0          0          0          0
29542174         6.27       0          0          0          0
29542277         4.79       0          0          0          0
29550002         38.80      0          0          0          0
29550009         32.30      0          0          0          0
29550015         20.10      0          0          0          0
29550018         13.40      0          0          0          0
29550108         8.49       0          0          0          0
29550128         38.00      0          0          0          0
29550165         8.91       0          0          0          0
29550173         8.76       0          0          0          0
29550178         8.88       0          0          0          0
29550203         8.67       0          0          0          0
29550234         8.49       0          0          0          0
29550258         8.43       0          0          0          0
29550297         8.27       0          0          0          0
29550349         8.39       0          0          0          0
29550383         7.86       0          0          0          0
29550427         8.06       0          0          0          0
29550469         7.90       0          0          0          0
29550501         7.93       0          0          0          0
29550531         7.69       0          0          0          0
29550581         7.39       0          0          0          0
29550636         8.54       0          0          0          0
kk01xa1860       9.20       0          0          0          0

[CONDUITS]
;;Name           From             To               Length     Roughness  InOffset   OutOffset  InitFlow   MaxFlow
;;-------------- ---------------- ---------------- ---------- ---------- ---------- ---------- ---------- ----------
4075             30530241         30530236         38.00      0.0130     -8.11      -8.13      0          0
4073             30530308         30530290         64.18      0.0130     -7.80      -7.86      0          0
1640             30530715         30530604         300.00     0.0130     -6.60      -6.90      0          0
4070             30531552         30530134         279.00     0.0130     -8.46      -8.72      0          0
1343             30530396         30530308         300.00     0.0130     -7.50      -7.80      0          0
1415             30530494         30530396         300.00     0.0130     -7.20      -7.50      0          0
1021             30530038         29531220         216.00     0.0130     -9.20      -9.42      0          0
1048             30530063         30530038         84.00      0.0130     -9.12      -9.20      0          0
1122             30530136         30530063         300.00     0.0130     -8.82      -9.12      0          0
1123             30530134         30530136         9.00       0.0130     -8.72      -8.73      0          0
1190             30530200         30531552         12.00      0.0130     -8.45      -8.46      0          0
1196             30530221         30530200         150.00     0.0130     -8.31      -8.45      0          0
1233             30530236         30530221         210.00     0.0130     -8.13      -8.31      0          0
1235             30530243         30530241         14.00      0.0130     -8.10      -8.11      0          0
1281             30530290         30530243         234.00     0.0130     -7.86      -8.10      0          0
1497             30530604         30530494         300.00     0.0130     -6.90      -7.20      0          0
58170            29531039         29531035         19.00      0.0130     -10.51     -10.78     0          0
54954            28540142         28540128         112.67     0.0130     -6.85      -6.89      0          0
57888            29530679         29530655         140.00     0.0130     7.03       5.49       0          0
57889            29530683         29530635         280.33     0.0130     -12.47     -12.68     0          0
57901            29530700         29530683         212.10     0.0130     -12.31     -12.47     0          0
57905            29530705         29530700         221.27     0.0130     -12.18     -12.31     0          0
57909            29530710         29530697         136.00     0.0130     10.00      8.50       0          0
57925            29530727         29530705         300.00     0.0130     -11.96     -12.18     0          0
57950            29530765         29530727         300.00     0.0130     -11.74     -11.95     0          0
57962            29530781         29530765         300.22     0.0130     -11.54     -11.74     0          0
57997            29530826         29530781         300.00     0.0130     -11.49     -11.54     0          0
57862            29530643         29530641         30.00      0.0130     4.52       4.19       0          0
57999            29530852         29530828         180.00     0.0130     -11.38     -11.47     0          0
57860            29530641         29530620         201.00     0.0130     4.19       0.92       0          0
58228            29531109         29531039         271.50     0.0130     -10.15     -10.51     0          0
58284            29531185         29531109         263.83     0.0130     -9.99      -10.15     0          0
58314            29531220         29531185         300.00     0.0130     -9.42      -9.72      0          0
58353            29530561         29530590         267.42     0.0130     -13.20     -13.50     0          0
58354            29530828         29530827         13.00      0.0130     -11.47     -11.48     0          0
58355            29531035         29531026         30.00      0.0130     -10.78     -10.80     0          0
58362            29530599         29530590         67.00      0.0130     -13.40     -13.50     0          0
58363            29530697         29530679         134.00     0.0130     8.50       7.03       0          0
61018            29540053         28540241         182.00     0.0130     -4.38      -4.56      0          0
61050            29540097         28540227         300.00     0.0130     -4.83      -5.33      0          0
61065            29540120         29540121         66.41      0.0130     -1.89      -1.96      0          0
54959            28540147         28540120         129.16     0.0130     -5.01      -5.14      0          0
61105            29540175         29540142         120.40     0.0130     -1.65      -1.77      0          0
57998            29530827         29530826         25.00      0.0130     -11.48     -11.49     0          0
55815            29520244         29520243         313.00     0.0130     44.00      36.80      0          0
54982            28540178         28540147         117.21     0.0130     -4.89      -5.01      0          0
55013            28540227         28540176         191.83     0.0130     -5.33      -5.85      0          0
55019            28540241         28540178         289.87     0.0130     -4.56      -4.89      0          0
55021            28540120         28540097         224.84     0.0130     -5.14      -5.36      0          0
55707            29520078         29520076         20.44      0.0130     -4.80      -4.81      0          0
55732            29520118         29520078         338.00     0.0130     -4.62      -4.80      0          0
55750            29520144         29520118         212.71     0.0130     -4.51      -4.62      0          0
55780            29520190         29520144         372.51     0.0130     -3.52      -3.97      0          0
55793            29520209         29520190         200.00     0.0130     -3.28      -3.52      0          0
55812            29520241         29530710         345.00     0.0130     17.00      10.00      0          0
57870            29530655         29530643         88.00      0.0130     5.49       4.52       0          0
55814            29520243         29520242         192.00     0.0130     31.80      25.75      0          0
61143            29540164         29540097         220.25     0.0130     -4.43      -4.83      0          0
55816            29520245         29520244         72.00      0.0130     44.80      44.00      0          0
55817            29520246         29520245         66.00      0.0130     45.53      44.80      0          0
55819            29520248         29520246         211.00     0.0130     53.18      46.53      0          0
55827            29520254         29520248         240.00     0.0130     63.20      56.86      0          0
55830            29520258         29520254         73.00      0.0130     64.00      63.20      0          0
57434            29520076         28532887         572.00     0.0130     -4.81      -5.12      0          0
57758            29530494         29520209         171.12     0.0130     -3.07      -3.28      0          0
KRdFM  Rd        29530590         29530494         950.00     0.0130     -13.50     -3.07      0          0
57835            29530606         29530561         313.87     0.0130     -13.00     -13.20     0          0
57838            29530611         29530606         40.00      0.0130     -12.87     -12.88     0          0
57841            29530615         29530611         54.58      0.0130     -12.82     -12.87     0          0
57845            29530614         29530599         218.30     0.0130     -5.02      -11.90     0          0
57855            29530635         29530615         213.84     0.0130     -12.68     -12.82     0          0
55813            29520242         29520241         214.00     0.0130     24.75      18.00      0          0
64411            29550349         29550297         256.08     0.0130     -2.41      -3.23      0          0
61082            29540142         29540120         124.43     0.0130     -1.77      -1.89      0          0
64178            29550002         29550009         204.00     0.0130     32.50      26.00      0          0
64184            29550009         29550015         230.00     0.0130     26.00      14.00      0          0
64189            29550015         29550018         88.00      0.0130     14.00      7.00       0          0
64246            29550108         29550128         80.00      0.0130     -6.06      -6.50      0          0
64288            29550165         29550108         335.59     0.0130     -5.39      -6.06      0          0
64294            29550173         29550165         75.44      0.0130     -5.24      -5.39      0          0
64298            29550178         29550173         58.21      0.0130     -5.12      -5.24      0          0
64315            29550203         29550178         152.00     0.0130     -4.83      -5.12      0          0
64337            29550234         29550203         161.01     0.0130     -4.51      -4.83      0          0
62686            29550018         29540319         142.00     0.0130     7.00       3.82       0          0
64378            29550297         29550258         214.09     0.0130     -3.23      -3.92      0          0
62641            29542277         29542174         201.72     0.0130     -8.98      -9.18      0          0
64432            29550383         29550349         204.00     0.0130     -1.84      -2.41      0          0
64458            29550427         29550383         213.62     0.0130     -1.24      -1.84      0          0
64485            29550469         29550427         227.55     0.0130     -0.60      -1.24      0          0
64504            29550501         29550469         187.54     0.0130     -0.07      -0.60      0          0
64524            29550531         29550501         200.00     0.0130     0.49       -0.07      0          0
64583            29550581         29550531         215.00     0.0130     1.09       0.49       0          0
64591            29550636         29550581         250.00     0.0130     1.74       1.09       0          0
800039           29530864         29530852         110.70     0.0130     -11.32     -11.38     0          0
800042           29530620         29530614         125.19     0.0130     -0.08      -4.02      0          0
800043           29531026         29530942         336.02     0.0130     -10.80     -10.96     0          0
800044           29530942         29530901         336.07     0.0130     -10.96     -11.13     0          0
800045           29530901         29530900         96.58      0.0130     -11.13     -11.18     0          0
800046           29530900         29530864         280.74     0.0130     -11.18     -11.32     0          0
64353            29550258         29550234         167.55     0.0130     -3.92      -4.51      0          0
61452            29540716         29540608         227.00     0.0130     -2.73      -3.23      0          0
61198            29540319         29540341         68.00      0.0130     3.82       1.79       0          0
61204            29540328         29540284         128.00     0.0130     -0.78      -1.10      0          0
61213            29540341         29540374         75.00      0.0130     1.79       1.61       0          0
61222            29540357         29540328         95.27      0.0130     -0.54      -0.78      0          0
61224            29540361         29540231         223.20     0.0130     -3.90      -4.19      0          0
61233            29540374         29540471         200.00     0.0130     1.61       1.11       0          0
61255            29540407         29540357         133.73     0.0130     -0.21      -0.54      0          0
61279            29540447         29540407         117.00     0.0130     0.08       -0.21      0          0
61292            29540466         29540361         189.15     0.0130     -3.66      -3.90      0          0
61294            29540471         29540542         150.12     0.0130     1.11       0.73       0          0
61297            29540476         29540447         69.00      0.0130     0.25       0.08       0          0
62692            29540231         29540164         163.00     0.0130     -4.19      -4.43      0          0
61382            29540608         29540466         265.14     0.0130     -3.23      -3.66      0          0
61176            29540284         29540175         297.00     0.0130     -1.35      -1.65      0          0
61562            29540872         29540716         230.00     0.0130     -2.34      -2.73      0          0
61631            29540973         29540872         230.00     0.0130     -1.84      -2.34      0          0
61730            29541113         29540973         227.83     0.0130     -1.31      -1.84      0          0
995.1            29541136         29541113         300.00     0.0130     -0.74      -1.31      0          0
KhtsFM           29541383         29541136         900.00     0.0130     -11.30     -0.74      0          0
61931            29541377         29541383         21.10      0.0130     -11.11     -11.30     0          0
61970            29541427         29541377         166.45     0.0130     -10.57     -11.11     0          0
61972            29541429         29541427         41.75      0.0130     -10.52     -11.57     0          0
62005            29541466         29541429         150.00     0.0130     -10.39     -10.52     0          0
62128            29541632         29541466         246.41     0.0130     -10.28     -10.39     0          0
62289            29541828         29541632         311.70     0.0130     -9.83      -10.28     0          0
62441            29542022         29541828         315.70     0.0130     -9.52      -9.83      0          0
62562            29542174         29542022         228.79     0.0130     -9.18      -9.52      0          0
61339            29540542         29540476         190.00     0.0130     0.73       0.25       0          0
4491             30540458         30540432         150.00     0.0130     -3.17      -4.00      0          0
47220            28521269         28521166         162.00     0.0130     -7.18      -7.26      0          0
43377            27530647         27530580         275.23     0.0130     -10.89     -11.00     0          0
43396            27530677         27530647         149.30     0.0130     -10.80     -10.89     0          0
43405            27530693         27530677         55.00      0.0130     -10.78     -10.80     0          0
43442            27530751         27530693         181.85     0.0130     -10.71     -10.78     0          0
4347             30540289         30540270         78.56      0.0130     -7.82      -7.90      0          0
43510            27530852         27530780         232.89     0.0130     -10.56     -10.65     0          0
43528            27530780         27530751         164.60     0.0130     -10.65     -10.71     0          0
4368             30540312         30540289         102.99     0.0130     -6.64      -7.82      0          0
4379             30540331         30540312         114.80     0.0130     -6.43      -6.65      0          0
43304            27530552         27530495         292.49     0.0130     -11.04     -11.16     0          0
4476             30540432         30540409         191.00     0.0130     -4.00      -6.30      0          0
43265            27530495         27530443         204.59     0.0130     -11.16     -11.39     0          0
4512             30540479         30540409         157.00     0.0130     -5.77      -5.96      0          0
4568             30540622         30540479         318.00     0.0130     -5.39      -5.77      0          0
46480            28520128         27521335         594.17     0.0130     -8.27      -8.42      0          0
46578            28520280         28520128         546.03     0.0130     -8.00      -8.27      0          0
46633            28520371         28520280         170.73     0.0130     -7.91      -8.00      0          0
46765            28520574         28520371         326.24     0.0130     -7.74      -7.91      0          0
46851            28520701         28520574         176.50     0.0130     -7.65      -7.74      0          0
46871            28520733         28520701         69.78      0.0130     -7.61      -7.65      0          0
46903            28520787         28520733         63.72      0.0130     -7.59      -7.61      0          0
46952            28520862         28520787         125.00     0.0130     -7.52      -7.59      0          0
47038            28520988         28520862         207.59     0.0130     -7.41      -7.52      0          0
47124            28521120         28520988         227.00     0.0130     -7.30      -7.41      0          0
54981            28540176         28540142         331.59     0.0130     -6.72      -6.85      0          0
4460             30540409         30540331         216.99     0.0130     -6.21      -6.43      0          0
4176             30540150         30540097         232.62     0.0130     -8.56      -8.67      0          0
40918            27520546         27530268         332.00     0.0130     -9.68      -12.57     0          0
40928            27520560         27520546         111.00     0.0130     -9.57      -9.68      0          0
40943            27520578         27520560         83.87      0.0130     -9.49      -9.57      0          0
4096             30540041         29542277         155.69     0.0130     -8.82      -8.98      0          0
41022            27520697         27520578         486.00     0.0130     -9.26      -9.49      0          0
41083            27520797         27520697         340.00     0.0130     -9.13      -9.26      0          0
41154            27520887         27520797         362.00     0.0130     -8.95      -9.13      0          0
41248            27521026         27520887         544.00     0.0130     -8.64      -8.95      0          0
41334            27521158         27521026         360.00     0.0130     -8.48      -8.64      0          0
4138             30540097         30540041         146.04     0.0130     -8.67      -8.82      0          0
41447            27521335         27521158         461.08     0.0130     -8.42      -8.48      0          0
43326            27530580         27530552         96.72      0.0130     -11.00     -11.04     0          0
41541            27520232         27520121         456.93     0.0130     -13.59     -13.72     0          0
47253            28521316         28521269         71.93      0.0130     -7.14      -7.18      0          0
4238             30540207         30540150         277.25     0.0130     -8.17      -8.56      0          0
43057            27530172         27530144         177.00     0.0130     -13.51     -13.57     0          0
43068            27530191         27530172         85.00      0.0130     -13.47     -13.51     0          0
43072            27530197         27530191         47.42      0.0130     -13.46     -13.47     0          0
43077            27530206         27530197         58.46      0.0130     -13.43     -13.45     0          0
43094            27530229         27530206         101.99     0.0130     -13.39     -13.43     0          0
43120            27530268         27530229         198.41     0.0130     -13.32     -13.39     0          0
43151            27530312         27530268         217.22     0.0130     -11.73     -11.82     0          0
43167            27530334         27530312         117.72     0.0130     -11.68     -11.73     0          0
43193            27530373         27530334         284.43     0.0130     -11.52     -11.68     0          0
43210            27530400         27530373         177.00     0.0130     -11.45     -11.52     0          0
43235            27530443         27530400         220.79     0.0130     -11.39     -11.45     0          0
4325             30540270         30540207         270.00     0.0130     -7.90      -8.17      0          0
41537            27530144         27520232         297.07     0.0130     -13.57     -13.59     0          0
5332             30541434         30541204         290.60     0.0130     -3.75      -4.10      0          0
5246             30541204         30541077         162.80     0.0130     -4.10      -4.22      0          0
4718             30540745         30540622         250.06     0.0130     -5.09      -5.39      0          0
52558            28531190         28531133         135.22     0.0130     -8.93      -8.98      0          0
52646            28531322         28531190         185.91     0.0130     -8.63      -8.93      0          0
52691            28531383         28531322         119.36     0.0130     -8.58      -8.63      0          0
52771            28531497         28531383         216.25     0.0130     -8.51      -8.58      0          0
52840            28531605         28531497         179.70     0.0130     -8.44      -8.51      0          0
52864            28531639         28531605         60.53      0.0130     -8.42      -8.44      0          0
52934            28531740         28531639         179.74     0.0130     -8.35      -8.42      0          0
53013            28531844         28531740         254.04     0.0130     -8.26      -8.35      0          0
53122            28532007         28531844         284.26     0.0130     -7.84      -8.26      0          0
53193            28532120         28532028         312.52     0.0130     -7.70      -7.82      0          0
52410            28530977         28530910         157.25     0.0130     -9.10      -9.16      0          0
53422            28532445         28532303         167.00     0.0130     -5.46      -5.55      0          0
53503            28532556         28532445         152.00     0.0130     -5.38      -5.46      0          0
53560            28532640         28532556         108.00     0.0130     -5.32      -5.38      0          0
53660            28532791         28532640         202.06     0.0130     -5.21      -5.32      0          0
53717            28532887         28532791         147.50     0.0130     -5.12      -5.21      0          0
53737            28540032         28532120         470.31     0.0130     -7.51      -7.70      0          0
54881            28540039         28540032         133.89     0.0130     -7.46      -7.51      0          0
54906            28540070         28540039         312.27     0.0130     -7.25      -7.46      0          0
5492             30541441         30541434         15.00      0.0130     -2.34      -3.13      0          0
54927            28540102         28540070         312.68     0.0130     -6.97      -7.24      0          0
54941            28540097         28540140         188.00     0.0130     -5.36      -5.55      0          0
54944            28540128         28540102         209.88     0.0130     -6.89      -6.97      0          0
54952            28540140         28540176         175.00     0.0130     -5.55      -5.73      0          0
53135            28532028         28532007         45.60      0.0130     -7.82      -7.84      0          0
4836             30540912         30540745         304.97     0.0130     -4.72      -5.09      0          0
47281            28521361         28521316         80.07      0.0130     -7.10      -7.14      0          0
47348            28521461         28521361         233.09     0.0130     -6.99      -7.10      0          0
47419            28521562         28521461         242.16     0.0130     -6.87      -6.99      0          0
47462            28521626         28521562         140.00     0.0130     -6.29      -6.37      0          0
47559            28521764         28521626         250.00     0.0130     -6.14      -6.29      0          0
47605            28521830         28521764         136.00     0.0130     -6.07      -6.14      0          0
47638            28521873         28521830         106.00     0.0130     -6.01      -6.07      0          0
47692            28521963         28521873         158.00     0.0130     -5.92      -6.01      0          0
47705            28521980         28521963         52.00      0.0130     -5.90      -5.92      0          0
47768            28522075         28521980         207.00     0.0130     -5.79      -5.90      0          0
47838            28522174         28522075         193.00     0.0130     -5.69      -5.79      0          0
52521            28531133         28530977         291.87     0.0130     -8.98      -9.10      0          0
48123            28521166         28521120         70.41      0.0130     -7.26      -7.30      0          0
52362            28530910         28530809         234.61     0.0130     -9.16      -9.29      0          0
5120             30541077         30540912         224.21     0.0130     -4.22      -4.72      0          0
51767            28530050         27530852         209.16     0.0130     -10.37     -10.56     0          0
51781            28530069         28530050         86.65      0.0130     -10.21     -10.37     0          0
51860            28530178         28530069         338.85     0.0130     -10.14     -10.21     0          0
51901            28530242         28530178         157.38     0.0130     -10.01     -10.14     0          0
51956            28530320         28530242         216.02     0.0130     -9.92      -10.01     0          0
51972            28530342         28530320         74.55      0.0130     -9.79      -9.92      0          0
52056            28530462         28530342         246.10     0.0130     -9.69      -9.79      0          0
52107            28530542         28530462         200.85     0.0130     -9.61      -9.69      0          0
52182            28530644         28530542         245.00     0.0130     -9.51      -9.61      0          0
52232            28530717         28530644         180.75     0.0130     -9.43      -9.51      0          0
52267            28530770         28530717         142.00     0.0130     -9.38      -9.43      0          0
52295            28530809         28530770         80.45      0.0130     -9.31      -9.38      0          0
48113            28532303         kk01xa1860       185.00     0.0130     -5.55      -5.66      0          0
AalaFMt          29550128         29550002         33.00      0.0140     33.50      32.50      0          0
62695            62696            61066            262.00     0.0130     -1.96      -1.97      0          0
935              Node_935         Node_1134302     35.00      0.0140     -5.66      -5.69      0          0

[XSECTIONS]
;;Link           Shape        Geom1      Geom2      Geom3      Geom4      Barrels
;;-------------- ------------ ---------- ---------- ---------- ---------- ----------
4075             CIRCULAR     2.00       0          0          0          1
4073             CIRCULAR     2.00       0          0          0          1
1640             CIRCULAR     2.00       0          0          0          1
4070             CIRCULAR     2.00       0          0          0          1
1343             CIRCULAR     2.00       0          0          0          1
1415             CIRCULAR     2.00       0          0          0          1
1021             CIRCULAR     2.00       0          0          0          1
1048             CIRCULAR     2.00       0          0          0          1
1122             CIRCULAR     2.00       0          0          0          1
1123             CIRCULAR     2.00       0          0          0          1
1190             CIRCULAR     2.00       0          0          0          1
1196             CIRCULAR     2.00       0          0          0          1
1233             CIRCULAR     2.00       0          0          0          1
1235             CIRCULAR     2.00       0          0          0          1
1281             CIRCULAR     2.00       0          0          0          1
1497             CIRCULAR     2.00       0          0          0          1
58170            CIRCULAR     2.25       0          0          0          1
54954            CIRCULAR     3.00       0          0          0          1
57888            CIRCULAR     1.50       0          0          0          1
57889            CIRCULAR     2.25       0          0          0          1
57901            CIRCULAR     2.25       0          0          0          1
57905            CIRCULAR     2.25       0          0          0          1
57909            CIRCULAR     1.50       0          0          0          1
57925            CIRCULAR     2.25       0          0          0          1
57950            CIRCULAR     2.25       0          0          0          1
57962            CIRCULAR     2.25       0          0          0          1
57997            CIRCULAR     2.25       0          0          0          1
57862            CIRCULAR     1.50       0          0          0          1
57999            CIRCULAR     2.25       0          0          0          1
57860            CIRCULAR     1.50       0          0          0          1
58228            CIRCULAR     2.25       0          0          0          1
58284            CIRCULAR     2.25       0          0          0          1
58314            CIRCULAR     2.00       0          0          0          1
58353            CIRCULAR     3.00       0          0          0          1
58354            CIRCULAR     2.25       0          0          0          1
58355            CIRCULAR     2.25       0          0          0          1
58362            CIRCULAR     3.00       0          0          0          1
58363            CIRCULAR     1.50       0          0          0          1
61018            CIRCULAR     1.75       0          0          0          1
61050            CIRCULAR     2.00       0          0          0          1
61065            CIRCULAR     1.75       0          0          0          1
54959            CIRCULAR     1.75       0          0          0          1
61105            CIRCULAR     1.75       0          0          0          1
57998            CIRCULAR     2.25       0          0          0          1
55815            CIRCULAR     1.50       0          0          0          1
54982            CIRCULAR     1.75       0          0          0          1
55013            CIRCULAR     2.00       0          0          0          1
55019            CIRCULAR     1.75       0          0          0          1
55021            CIRCULAR     1.75       0          0          0          1
55707            CIRCULAR     3.50       0          0          0          1
55732            CIRCULAR     3.50       0          0          0          1
55750            CIRCULAR     3.50       0          0          0          1
55780            CIRCULAR     3.00       0          0          0          1
55793            CIRCULAR     3.00       0          0          0          1
55812            CIRCULAR     1.50       0          0          0          1
57870            CIRCULAR     1.50       0          0          0          1
55814            CIRCULAR     1.50       0          0          0          1
61143            CIRCULAR     2.00       0          0          0          1
55816            CIRCULAR     1.50       0          0          0          1
55817            CIRCULAR     1.50       0          0          0          1
55819            CIRCULAR     1.50       0          0          0          1
55827            CIRCULAR     1.50       0          0          0          1
55830            CIRCULAR     1.50       0          0          0          1
57434            CIRCULAR     3.50       0          0          0          1
57758            CIRCULAR     3.00       0          0          0          1
KRdFM  Rd        CIRCULAR     1.67       0          0          0          1
57835            CIRCULAR     3.00       0          0          0          1
57838            CIRCULAR     2.25       0          0          0          1
57841            CIRCULAR     2.25       0          0          0          1
57845            CIRCULAR     1.50       0          0          0          1
57855            CIRCULAR     2.25       0          0          0          1
55813            CIRCULAR     1.50       0          0          0          1
64411            CIRCULAR     1.00       0          0          0          1
61082            CIRCULAR     1.75       0          0          0          1
64178            CIRCULAR     0.83       0          0          0          1
64184            CIRCULAR     0.83       0          0          0          1
64189            CIRCULAR     0.83       0          0          0          1
64246            CIRCULAR     1.50       0          0          0          1
64288            CIRCULAR     1.25       0          0          0          1
64294            CIRCULAR     1.25       0          0          0          1
64298            CIRCULAR     1.25       0          0          0          1
64315            CIRCULAR     1.25       0          0          0          1
64337            CIRCULAR     1.25       0          0          0          1
62686            CIRCULAR     0.83       0          0          0          1
64378            CIRCULAR     1.00       0          0          0          1
62641            CIRCULAR     2.00       0          0          0          1
64432            CIRCULAR     1.00       0          0          0          1
64458            CIRCULAR     1.00       0          0          0          1
64485            CIRCULAR     1.00       0          0          0          1
64504            CIRCULAR     1.00       0          0          0          1
64524            CIRCULAR     1.00       0          0          0          1
64583            CIRCULAR     1.00       0          0          0          1
64591            CIRCULAR     1.00       0          0          0          1
800039           CIRCULAR     2.25       0          0          0          1
800042           CIRCULAR     1.50       0          0          0          1
800043           CIRCULAR     2.25       0          0          0          1
800044           CIRCULAR     2.25       0          0          0          1
800045           CIRCULAR     2.25       0          0          0          1
800046           CIRCULAR     2.25       0          0          0          1
64353            CIRCULAR     1.25       0          0          0          1
61452            CIRCULAR     2.00       0          0          0          1
61198            CIRCULAR     0.83       0          0          0          1
61204            CIRCULAR     1.50       0          0          0          1
61213            CIRCULAR     1.50       0          0          0          1
61222            CIRCULAR     1.50       0          0          0          1
61224            CIRCULAR     2.00       0          0          0          1
61233            CIRCULAR     1.50       0          0          0          1
61255            CIRCULAR     1.50       0          0          0          1
61279            CIRCULAR     1.50       0          0          0          1
61292            CIRCULAR     2.00       0          0          0          1
61294            CIRCULAR     1.50       0          0          0          1
61297            CIRCULAR     1.50       0          0          0          1
62692            CIRCULAR     2.00       0          0          0          1
61382            CIRCULAR     2.00       0          0          0          1
61176            CIRCULAR     1.75       0          0          0          1
61562            CIRCULAR     2.00       0          0          0          1
61631            CIRCULAR     2.00       0          0          0          1
61730            CIRCULAR     2.00       0          0          0          1
995.1            CIRCULAR     2.00       0          0          0          1
KhtsFM           CIRCULAR     1.17       0          0          0          1
61931            CIRCULAR     2.50       0          0          0          1
61970            CIRCULAR     2.00       0          0          0          1
61972            CIRCULAR     2.00       0          0          0          1
62005            CIRCULAR     2.00       0          0          0          1
62128            CIRCULAR     2.00       0          0          0          1
62289            CIRCULAR     2.00       0          0          0          1
62441            CIRCULAR     2.00       0          0          0          1
62562            CIRCULAR     2.00       0          0          0          1
61339            CIRCULAR     1.50       0          0          0          1
4491             CIRCULAR     0.83       0          0          0          1
47220            CIRCULAR     4.00       0          0          0          1
43377            CIRCULAR     3.00       0          0          0          1
43396            CIRCULAR     3.00       0          0          0          1
43405            CIRCULAR     3.00       0          0          0          1
43442            CIRCULAR     3.00       0          0          0          1
4347             CIRCULAR     2.00       0          0          0          1
43510            CIRCULAR     3.00       0          0          0          1
43528            CIRCULAR     3.00       0          0          0          1
4368             CIRCULAR     2.00       0          0          0          1
4379             CIRCULAR     2.00       0          0          0          1
43304            CIRCULAR     3.00       0          0          0          1
4476             CIRCULAR     0.83       0          0          0          1
43265            CIRCULAR     3.00       0          0          0          1
4512             CIRCULAR     1.75       0          0          0          1
4568             CIRCULAR     1.75       0          0          0          1
46480            CIRCULAR     4.00       0          0          0          1
46578            CIRCULAR     4.00       0          0          0          1
46633            CIRCULAR     4.00       0          0          0          1
46765            CIRCULAR     4.00       0          0          0          1
46851            CIRCULAR     4.00       0          0          0          1
46871            CIRCULAR     4.00       0          0          0          1
46903            CIRCULAR     4.00       0          0          0          1
46952            CIRCULAR     4.00       0          0          0          1
47038            CIRCULAR     4.00       0          0          0          1
47124            CIRCULAR     4.00       0          0          0          1
54981            CIRCULAR     3.00       0          0          0          1
4460             CIRCULAR     2.00       0          0          0          1
4176             CIRCULAR     2.00       0          0          0          1
40918            CIRCULAR     3.50       0          0          0          1
40928            CIRCULAR     4.00       0          0          0          1
40943            CIRCULAR     4.00       0          0          0          1
4096             CIRCULAR     2.00       0          0          0          1
41022            CIRCULAR     4.00       0          0          0          1
41083            CIRCULAR     4.00       0          0          0          1
41154            CIRCULAR     4.00       0          0          0          1
41248            CIRCULAR     4.00       0          0          0          1
41334            CIRCULAR     4.00       0          0          0          1
4138             CIRCULAR     2.00       0          0          0          1
41447            CIRCULAR     4.00       0          0          0          1
43326            CIRCULAR     3.00       0          0          0          1
41541            CIRCULAR     4.50       0          0          0          1
47253            CIRCULAR     4.00       0          0          0          1
4238             CIRCULAR     2.00       0          0          0          1
43057            CIRCULAR     4.50       0          0          0          1
43068            CIRCULAR     4.50       0          0          0          1
43072            CIRCULAR     4.50       0          0          0          1
43077            CIRCULAR     4.50       0          0          0          1
43094            CIRCULAR     4.50       0          0          0          1
43120            CIRCULAR     4.50       0          0          0          1
43151            CIRCULAR     3.00       0          0          0          1
43167            CIRCULAR     3.00       0          0          0          1
43193            CIRCULAR     3.00       0          0          0          1
43210            CIRCULAR     3.00       0          0          0          1
43235            CIRCULAR     3.00       0          0          0          1
4325             CIRCULAR     2.00       0          0          0          1
41537            CIRCULAR     4.50       0          0          0          1
5332             CIRCULAR     1.75       0          0          0          1
5246             CIRCULAR     1.75       0          0          0          1
4718             CIRCULAR     1.75       0          0          0          1
52558            CIRCULAR     3.00       0          0          0          1
52646            CIRCULAR     3.00       0          0          0          1
52691            CIRCULAR     3.00       0          0          0          1
52771            CIRCULAR     3.00       0          0          0          1
52840            CIRCULAR     3.00       0          0          0          1
52864            CIRCULAR     3.00       0          0          0          1
52934            CIRCULAR     3.00       0          0          0          1
53013            CIRCULAR     3.00       0          0          0          1
53122            CIRCULAR     3.00       0          0          0          1
53193            CIRCULAR     3.00       0          0          0          1
52410            CIRCULAR     3.00       0          0          0          1
53422            CIRCULAR     3.50       0          0          0          1
53503            CIRCULAR     3.50       0          0          0          1
53560            CIRCULAR     3.50       0          0          0          1
53660            CIRCULAR     3.50       0          0          0          1
53717            CIRCULAR     3.50       0          0          0          1
53737            CIRCULAR     3.00       0          0          0          1
54881            CIRCULAR     3.00       0          0          0          1
54906            CIRCULAR     3.00       0          0          0          1
5492             CIRCULAR     1.75       0          0          0          1
54927            CIRCULAR     3.00       0          0          0          1
54941            CIRCULAR     1.75       0          0          0          1
54944            CIRCULAR     3.00       0          0          0          1
54952            CIRCULAR     1.75       0          0          0          1
53135            CIRCULAR     3.00       0          0          0          1
4836             CIRCULAR     1.75       0          0          0          1
47281            CIRCULAR     4.00       0          0          0          1
47348            CIRCULAR     4.00       0          0          0          1
47419            CIRCULAR     4.00       0          0          0          1
47462            CIRCULAR     3.50       0          0          0          1
47559            CIRCULAR     3.50       0          0          0          1
47605            CIRCULAR     3.50       0          0          0          1
47638            CIRCULAR     3.50       0          0          0          1
47692            CIRCULAR     3.50       0          0          0          1
47705            CIRCULAR     3.50       0          0          0          1
47768            CIRCULAR     3.50       0          0          0          1
47838            CIRCULAR     3.50       0          0          0          1
52521            CIRCULAR     3.00       0          0          0          1
48123            CIRCULAR     4.00       0          0          0          1
52362            CIRCULAR     3.00       0          0          0          1
5120             CIRCULAR     1.75       0          0          0          1
51767            CIRCULAR     3.00       0          0          0          1
51781            CIRCULAR     3.00       0          0          0          1
51860            CIRCULAR     3.00       0          0          0          1
51901            CIRCULAR     3.00       0          0          0          1
51956            CIRCULAR     3.00       0          0          0          1
51972            CIRCULAR     3.00       0          0          0          1
52056            CIRCULAR     3.00       0          0          0          1
52107            CIRCULAR     3.00       0          0          0          1
52182            CIRCULAR     3.00       0          0          0          1
52232            CIRCULAR     3.00       0          0          0          1
52267            CIRCULAR     3.00       0          0          0          1
52295            CIRCULAR     3.00       0          0          0          1
48113            CIRCULAR     3.50       0          0          0          1
AalaFMt          CIRCULAR     1.00       0          0          0          1
62695            CIRCULAR     1.75       0          0          0          1
935              CIRCULAR     3.50       0          0          0          1

[LOSSES]
;;Link           Inlet      Outlet     Average    Flap Gate
;;-------------- ---------- ---------- ---------- ----------
4075             0          0          0          NO
4073             0          0          0          NO
1640             0          0          0          NO
4070             0          0          0          NO
1343             0          0          0          NO
1415             0          0          0          NO
1021             0          0          0          NO
1048             0          0          0          NO
1122             0          0          0          NO
1123             0          0          0          NO
1190             0          0          0          NO
1196             0          0          0          NO
1233             0          0          0          NO
1235             0          0          0          NO
1281             0          0          0          NO
1497             0          0          0          NO
58170            0          0          0          NO
54954            0          0          0          NO
57888            0          0          0          NO
57889            0          0          0          NO
57901            0          0          0          NO
57905            0          0          0          NO
57909            0          0          0          NO
57925            0          0          0          NO
57950            0          0          0          NO
57962            0          0          0          NO
57997            0          0          0          NO
57862            0          0          0          NO
57999            0          0          0          NO
57860            0          0          0          NO
58228            0          0          0          NO
58284            0          0          0          NO
58314            0          0          0          NO
58353            0          0          0          NO
58354            0          0          0          NO
58355            0          0          0          NO
58362            0          0          0          NO
58363            0          0          0          NO
61018            0          0          0          NO
61050            0          0          0          NO
61065            0          0          0          NO
54959            0          0          0          NO
61105            0          0          0          NO
57998            0          0          0          NO
55815            0          0          0          NO
54982            0          0          0          NO
55013            0          0          0          NO
55019            0          0          0          NO
55021            0          0          0          NO
55707            0          0          0          NO
55732            0          0          0          NO
55750            0          0          0          NO
55780            0          0          0          NO
55793            0          0          0          NO
55812            0          0          0          NO
57870            0          0          0          NO
55814            0          0          0          NO
61143            0          0          0          NO
55816            0          0          0          NO
55817            0          0          0          NO
55819            0          0          0          NO
55827            0          0          0          NO
55830            0          0          0          NO
57434            0          0          0          NO
57758            0          0          0          NO
KRdFM  Rd        0          0          0          NO
57835            0          0          0          NO
57838            0          0          0          NO
57841            0          0          0          NO
57845            0          0          0          NO
57855            0          0          0          NO
55813            0          0          0          NO
64411            0          0          0          NO
61082            0          0          0          NO
64178            0          0          0          NO
64184            0          0          0          NO
64189            0          0          0          NO
64246            0          0          0          NO
64288            0          0          0          NO
64294            0          0          0          NO
64298            0          0          0          NO
64315            0          0          0          NO
64337            0          0          0          NO
62686            0          0          0          NO
64378            0          0          0          NO
62641            0          0          0          NO
64432            0          0          0          NO
64458            0          0          0          NO
64485            0          0          0          NO
64504            0          0          0          NO
64524            0          0          0          NO
64583            0          0          0          NO
64591            0          0          0          NO
800039           0          0          0          NO
800042           0          0          0          NO
800043           0          0          0          NO
800044           0          0          0          NO
800045           0          0          0          NO
800046           0          0          0          NO
64353            0          0          0          NO
61452            0          0          0          NO
61198            0          0          0          NO
61204            0          0          0          NO
61213            0          0          0          NO
61222            0          0          0          NO
61224            0          0          0          NO
61233            0          0          0          NO
61255            0          0          0          NO
61279            0          0          0          NO
61292            0          0          0          NO
61294            0          0          0          NO
61297            0          0          0          NO
62692            0          0          0          NO
61382            0          0          0          NO
61176            0          0          0          NO
61562            0          0          0          NO
61631            0          0          0          NO
61730            0          0          0          NO
995.1            0          0          0          NO
KhtsFM           0          0          0          NO
61931            0          0          0          NO
61970            0          0          0          NO
61972            0          0          0          NO
62005            0          0          0          NO
62128            0          0          0          NO
62289            0          0          0          NO
62441            0          0          0          NO
62562            0          0          0          NO
61339            0          0          0          NO
4491             0          0          0          NO
47220            0          0          0          NO
43377            0          0          0          NO
43396            0          0          0          NO
43405            0          0          0          NO
43442            0          0          0          NO
4347             0          0          0          NO
43510            0          0          0          NO
43528            0          0          0          NO
4368             0          0          0          NO
4379             0          0          0          NO
43304            0          0          0          NO
4476             0          0          0          NO
43265            0          0          0          NO
4512             0          0          0          NO
4568             0          0          0          NO
46480            0          0          0          NO
46578            0          0          0          NO
46633            0          0          0          NO
46765            0          0          0          NO
46851            0          0          0          NO
46871            0          0          0          NO
46903            0          0          0          NO
46952            0          0          0          NO
47038            0          0          0          NO
47124            0          0          0          NO
54981            0          0          0          NO
4460             0          0          0          NO
4176             0          0          0          NO
40918            0          0          0          NO
40928            0          0          0          NO
40943            0          0          0          NO
4096             0          0          0          NO
41022            0          0          0          NO
41083            0          0          0          NO
41154            0          0          0          NO
41248            0          0          0          NO
41334            0          0          0          NO
4138             0          0          0          NO
41447            0          0          0          NO
43326            0          0          0          NO
41541            0          0          0          NO
47253            0          0          0          NO
4238             0          0          0          NO
43057            0          0          0          NO
43068            0          0          0          NO
43072            0          0          0          NO
43077            0          0          0          NO
43094            0          0          0          NO
43120            0          0          0          NO
43151            0          0          0          NO
43167            0          0          0          NO
43193            0          0          0          NO
43210            0          0          0          NO
43235            0          0          0          NO
4325             0          0          0          NO
41537            0          0          0          NO
5332             0          0          0          NO
5246             0          0          0          NO
4718             0          0          0          NO
52558            0          0          0          NO
52646            0          0          0          NO
52691            0          0          0          NO
52771            0          0          0          NO
52840            0          0          0          NO
52864            0          0          0          NO
52934            0          0          0          NO
53013            0          0          0          NO
53122            0          0          0          NO
53193            0          0          0          NO
52410            0          0          0          NO
53422            0          0          0          NO
53503            0          0          0          NO
53560            0          0          0          NO
53660            0          0          0          NO
53717            0          0          0          NO
53737            0          0          0          NO
54881            0          0          0          NO
54906            0          0          0          NO
5492             0          0          0          NO
54927            0          0          0          NO
54941            0          0          0          NO
54944            0          0          0          NO
54952            0          0          0          NO
53135            0          0          0          NO
4836             0          0          0          NO
47281            0          0          0          NO
47348            0          0          0          NO
47419            0          0          0          NO
47462            0          0          0          NO
47559            0          0          0          NO
47605            0          0          0          NO
47638            0          0          0          NO
47692            0          0          0          NO
47705            0          0          0          NO
47768            0          0          0          NO
47838            0          0          0          NO
52521            0          0          0          NO
48123            0          0          0          NO
52362            0          0          0          NO
5120             0          0          0          NO
51767            0          0          0          NO
51781            0          0          0          NO
51860            0          0          0          NO
51901            0          0          0          NO
51956            0          0          0          NO
51972            0          0          0          NO
52056            0          0          0          NO
52107            0          0          0          NO
52182            0          0          0          NO
52232            0          0          0          NO
52267            0          0          0          NO
52295            0          0          0          NO
48113            0          0          0          NO
AalaFMt          0          0          0          NO
62695            0          0          0          NO
935              0          0          0          NO

[COORDINATES]
;;Node           X-Coord            Y-Coord
;;-------------- ------------------ ------------------
30530038         -79726.33          587904.85         
30530063         -79660.82          587824.98         
30530134         -79462.28          587631.42         
30530136         -79458.10          587653.10         
30530200         -79231.22          587459.23         
30530221         -79105.22          587364.54         
30530236         -78933.39          587252.54         
30530241         -78885.34          587223.10         
30530243         -78866.93          587228.48         
30530290         -78658.99          587165.92         
30530308         -78575.97          587140.98         
30530396         -78278.19          587149.85         
30530494         -77985.88          587198.48         
30530604         -77691.72          587256.98         
30530715         -77416.93          587309.98         
30531552         -79281.57          587496.75         
30540041         -79715.47          590965.23         
30540097         -79576.00          590920.98         
30540150         -79391.54          590776.48         
30540207         -79214.94          591007.48         
30540270         -78988.88          591142.60         
30540289         -78917.88          591107.85         
30540312         -78822.50          591151.73         
30540331         -78767.82          591232.60         
30540409         -78550.77          591280.73         
30540432         -78500.18          591097.10         
30540458         -78444.40          590961.48         
30540479         -78397.82          591317.85         
30540622         -78077.58          591394.35         
30540745         -77838.55          591435.85         
30540912         -77529.69          591438.73         
30541077         -77289.71          591418.73         
30541204         -77131.35          591395.23         
30541434         -76853.90          591306.85         
30541441         -76842.75          591311.60         
27520121         -92740.22          584882.60         
27520232         -92303.77          584997.23         
27520546         -91283.77          584888.85         
27520560         -91229.60          584813.48         
27520578         -91161.94          584730.35         
27520697         -90768.74          584439.48         
27520797         -90496.08          584242.98         
27520887         -90206.79          584029.60         
27521026         -89768.25          583709.23         
27521158         -89478.61          583492.98         
27521335         -89106.02          583214.10         
27530144         -92024.13          585074.35         
27530172         -91842.24          585126.73         
27530191         -91763.00          585144.85         
27530197         -91723.08          585146.98         
27530206         -91668.86          585124.98         
27530229         -91567.74          585152.98         
27530268         -91372.10          585204.85         
27530312         -91167.38          585257.35         
27530334         -91051.35          585288.23         
27530373         -90773.18          585359.10         
27530400         -90608.11          585403.98         
27530443         -90395.11          585462.73         
27530495         -90199.65          585514.85         
27530552         -89918.90          585586.85         
27530580         -89829.82          585635.23         
27530647         -89586.29          585773.23         
27530677         -89466.22          585839.23         
27530693         -89402.16          585871.10         
27530751         -89243.94          585958.10         
27530780         -89101.88          586039.98         
27530852         -88904.69          586150.85         
28520128         -88632.90          582869.48         
28520280         -88315.32          583302.23         
28520371         -88177.46          583414.60         
28520574         -87871.96          583580.23         
28520701         -87715.33          583660.98         
28520733         -87656.11          583692.35         
28520787         -87586.97          583728.35         
28520862         -87479.83          583784.98         
28520988         -87295.91          583868.23         
28521120         -87097.60          583979.60         
28521166         -87028.30          584014.98         
28521269         -86889.63          584086.60         
28521316         -86824.94          584117.85         
28521361         -86752.88          584155.60         
28521461         -86545.68          584267.48         
28521562         -86334.43          584382.85         
28521626         -86221.77          584444.35         
28521764         -85992.36          584567.73         
28521830         -85872.19          584630.10         
28521873         -85774.68          584679.98         
28521963         -85635.43          584753.48         
28521980         -85595.02          584774.85         
28522075         -85412.49          584872.35         
28522174         -85238.44          584963.98         
28530050         -88720.33          586248.23         
28530069         -88640.32          586293.73         
28530178         -88347.85          586451.23         
28530242         -88201.99          586535.35         
28530320         -88017.44          586639.98         
28530342         -87960.68          586671.73         
28530462         -87743.19          586793.35         
28530542         -87566.90          586889.85         
28530644         -87356.05          587011.73         
28530717         -87195.32          587114.73         
28530770         -87077.60          587193.48         
28530809         -87013.83          587240.23         
28530910         -86826.91          587373.73         
28530977         -86702.10          587477.23         
28531133         -86482.61          587660.23         
28531190         -86385.80          587740.73         
28531322         -86231.63          587871.10         
28531383         -86146.57          587945.10         
28531497         -85979.61          588083.85         
28531605         -85846.93          588197.60         
28531639         -85800.58          588237.10         
28531740         -85681.79          588380.35         
28531844         -85525.15          588580.35         
28532007         -85350.49          588801.10         
28532028         -85328.50          588857.48         
28532120         -85216.93          589127.10         
28532303         -85016.65          585082.48         
28532445         -84861.30          585166.48         
28532556         -84742.50          585230.85         
28532640         -84642.22          585283.85         
28532791         -84460.52          585381.60         
28532887         -84359.21          585485.23         
28540032         -85038.85          589566.48         
28540039         -84992.07          589691.23         
28540070         -84870.85          589980.60         
28540097         -84771.79          591118.60         
28540102         -84753.63          590267.85         
28540120         -84695.38          591327.85         
28540128         -84673.52          590461.98         
28540140         -84631.80          590987.60         
28540142         -84630.40          590563.73         
28540147         -84618.33          591432.60         
28540176         -84506.19          590871.73         
28540178         -84500.25          591443.35         
28540227         -84358.05          590738.60         
28540241         -84352.14          591656.38         
29520076         -84078.21          585012.60         
29520078         -84068.63          584992.73         
29520118         -83910.50          584693.98         
29520144         -83787.13          584572.60         
29520190         -83549.79          584866.23         
29520209         -83421.91          585021.60         
29520241         -81982.61          584937.98         
29520242         -81773.58          584851.10         
29520243         -81614.16          584758.60         
29520244         -81369.00          584554.10         
29520245         -81316.32          584504.10         
29520246         -81277.47          584455.60         
29520248         -81107.68          584316.10         
29520254         -80916.07          584154.23         
29520258         -80873.18          584117.23         
29530494         -83433.30          585206.35         
29530561         -83252.79          585647.10         
29530590         -83114.57          585435.10         
29530599         -83061.63          585353.48         
29530606         -82993.86          585815.98         
29530611         -82954.16          585838.35         
29530614         -82910.82          585504.23         
29530615         -82906.18          585832.73         
29530620         -82795.43          585503.34         
29530635         -82736.35          585961.48         
29530641         -82710.24          585381.60         
29530643         -82704.33          585334.35         
29530655         -82650.36          585281.23         
29530679         -82542.77          585189.10         
29530683         -82534.05          586165.73         
29530697         -82431.72          585146.35         
29530700         -82386.65          586316.35         
29530705         -82326.99          586513.48         
29530710         -82290.18          585063.98         
29530727         -82232.18          586798.60         
29530765         -82135.91          587103.73         
29530781         -82012.52          587358.10         
29530826         -81755.65          587548.60         
29530827         -81734.87          587558.67         
29530828         -81726.27          587567.98         
29530852         -81558.43          587649.67         
29530864         -81491.30          587742.10         
29530900         -81253.85          587851.92         
29530901         -81158.36          587838.79         
29530942         -80837.65          587980.92         
29531026         -80532.96          588124.85         
29531035         -80507.15          588126.42         
29531039         -80500.19          588129.60         
29531109         -80248.46          588242.98         
29531185         -80019.75          588346.60         
29531220         -79874.30          588089.73         
29540053         -84233.68          591853.10         
29540097         -84145.41          590544.10         
29540120         -84086.24          592138.10         
29540121         -84082.22          592066.48         
29540142         -84021.94          592242.35         
29540164         -83983.85          590392.23         
29540175         -83963.54          592349.48         
29540231         -83877.15          590513.73         
29540284         -83789.65          592588.35         
29540319         -83720.99          593500.85         
29540328         -83714.96          592695.10         
29540341         -83695.61          593440.23         
29540357         -83657.47          592770.73         
29540361         -83652.08          590409.85         
29540374         -83637.24          593385.98         
29540407         -83579.50          592878.60         
29540447         -83511.08          592972.98         
29540466         -83481.35          590328.35         
29540471         -83476.65          593271.35         
29540476         -83470.08          593028.10         
29540542         -83359.90          593180.10         
29540608         -83229.61          590317.60         
29540716         -83003.88          590304.10         
29540872         -82776.38          590285.85         
29540973         -82543.50          590263.98         
29541113         -82313.94          590246.85         
29541136         -82254.25          590538.98         
29541377         -81486.46          590853.85         
29541383         -81479.02          590804.60         
29541427         -81315.38          590867.60         
29541429         -81305.27          590909.35         
29541466         -81152.69          590921.48         
29541632         -80914.38          590941.35         
29541828         -80605.61          590970.35         
29542022         -80289.63          591001.60         
29542174         -80066.83          591023.73         
29542277         -79868.15          591021.48         
29550002         -83896.00          594134.73         
29550009         -83811.40          593945.85         
29550015         -83714.77          593733.73         
29550018         -83700.80          593641.48         
29550108         -83334.15          594877.73         
29550128         -83269.13          594829.23         
29550165         -83135.16          595152.35         
29550173         -83090.15          595215.35         
29550178         -83067.47          595262.35         
29550203         -82954.86          595363.73         
29550234         -82833.93          595469.85         
29550258         -82695.54          595566.35         
29550297         -82513.77          595682.73         
29550349         -82305.32          595827.73         
29550383         -82142.65          595956.48         
29550427         -81981.29          596092.35         
29550469         -81819.19          596251.10         
29550501         -81689.63          596383.98         
29550531         -81555.30          596520.60         
29550581         -81404.80          596673.23         
29550636         -81219.10          596866.60         
kk01xa1860       -85164.16          585014.37         

[MAP]
DIMENSIONS -92740.22 582869.48 -76842.75 596866.60
Units      None

[REPORT]
INPUT            YES
SUBCATCHMENTS    ALL
NODES            ALL
LINKS            ALL



