;; SWMM5 .inp converted from XPSWMM .xp file
;; Generated by XPSWMM Card Reader
;; Source format: XP_CARD | Original title: CHARLOTTE-MECKLENBURG  FOXCROFT STORM DRAINAGE

[TITLE]
;;Project Title/Notes
CHARLOTTE-MECKLENBURG  FOXCROFT STORM DRAINAGE

[OPTIONS]
FLOW_UNITS           CFS
INFILTRATION         HORTON
FLOW_ROUTING         DYNWAVE
LINK_OFFSETS         DEPTH
MIN_SLOPE            0.0
ALLOW_PONDING        NO
SKIP_STEADY_STATE    NO
ROUTING_STEP         00:00:01
VARIABLE_STEP        0.75
INERTIAL_DAMPING     PARTIAL
NORMAL_FLOW_LIMITED  BOTH
MAX_TRIALS           50

[JUNCTIONS]
;;Name           Elev       MaxDepth   InitDepth  SurDepth   Aponded
;;-------------- ---------- ---------- ---------- ---------- ----------
75804            676.80     0          0          0          0
75806            676.00     0          0          0          0
75812            675.00     0          0          0          0
75814            674.50     0          0          0          0
73840            673.89     0          0          0          0
73838            673.50     0          0          0          0
73834            673.10     0          0          0          0
73832            673.00     0          0          0          0
75802            685.90     0          0          0          0
75798            687.95     0          0          0          0
60087            690.00     0          0          0          0
75830            673.00     0          0          0          0
75828            677.90     0          0          0          0
75822            674.10     0          0          0          0
73126            669.00     0          0          0          0
73830            667.20     0          0          0          0
73828            671.10     0          0          0          0
73826            668.50     0          0          0          0
73824            669.40     0          0          0          0
73822            664.90     0          0          0          0
73818            663.00     0          0          0          0
73816            654.20     0          0          0          0
73814            653.10     0          0          0          0
60105            658.30     0          0          0          0
73588            657.70     0          0          0          0
73842            650.72     0          0          0          0
73844            648.72     0          0          0          0
1.232            650.00     0          0          0          0
1.164            650.70     0          0          0          0
1.088            647.30     0          0          0          0
1.031            639.20     0          0          0          0
0.970            632.30     0          0          0          0
0.904            631.40     0          0          0          0
0.839            650.70     0          0          0          0
0.795            648.80     0          0          0          0
0.752            630.00     0          0          0          0
0.727            633.10     0          0          0          0
0.661            629.00     0          0          0          0
73334            657.50     0          0          0          0
73352            654.40     0          0          0          0
182              650.40     0          0          0          0
73258            653.90     0          0          0          0
60099            657.80     0          0          0          0
188              660.40     0          0          0          0
73038            657.80     0          0          0          0
73036            651.00     0          0          0          0
73260            647.60     0          0          0          0
73154            666.40     0          0          0          0
73094            671.50     0          0          0          0
73010            660.00     0          0          0          0
73326            654.30     0          0          0          0
73332            654.20     0          0          0          0
32442            651.00     0          0          0          0
73330            650.00     0          0          0          0
73308            659.00     0          0          0          0
73294            657.00     0          0          0          0
73296            663.00     0          0          0          0
73274            663.20     0          0          0          0
73282            664.00     0          0          0          0
72924            662.80     0          0          0          0
72926            660.50     0          0          0          0
72922            662.90     0          0          0          0
73000            666.50     0          0          0          0
72998            659.50     0          0          0          0
72792            679.50     0          0          0          0
72794            675.00     0          0          0          0
73002            671.90     0          0          0          0
72778            679.00     0          0          0          0
72782            676.40     0          0          0          0
60093            682.30     0          0          0          0
72726            678.96     0          0          0          0
72728            678.86     0          0          0          0
72732            673.00     0          0          0          0
72920            672.90     0          0          0          0
72882            669.30     0          0          0          0
72898            669.20     0          0          0          0
72642            690.00     0          0          0          0
72628            700.50     0          0          0          0
72632            699.90     0          0          0          0
72636            703.00     0          0          0          0
72640            691.00     0          0          0          0
72668            720.00     0          0          0          0
72626            716.10     0          0          0          0
72666            716.00     0          0          0          0
72650            713.00     0          0          0          0
72685.2          696.00     0          0          0          0
75816            671.90     0          0          0          0
72685.4          693.00     0          0          0          0
72685.6          692.48     0          0          0          0
73881.3          668.00     0          0          0          0

[STORAGE]
;;Name           Elev       MaxDepth   InitDepth  Shape      Curve/Params
;;-------------- ---------- ---------- ---------- ---------- ----------
73256            654.00     0          0          FUNCTIONAL 0 0          0
73262            667.80     0          0          FUNCTIONAL 0 0          0

[CONDUITS]
;;Name           From             To               Length     Roughness  InOffset   OutOffset  InitFlow   MaxFlow
;;-------------- ---------------- ---------------- ---------- ---------- ---------- ---------- ---------- ----------
75851            75851o           75806            68.00      0.0240     661.80     659.80     0          0
75859            75859o           75814            42.00      0.0241     657.70     657.20     0          0
73891            73891o           73838            41.00      0.0140     655.70     654.80     0          0
73887/9          73887/9o         73834            42.00      0.0140     654.80     654.60     0          0
73885            73885o           73832            73.00      0.0140     654.60     654.30     0          0
60094            60094o           75798            158.00     0.0110     676.60     672.00     0          0
75849            75802            75804            346.00     0.0400     670.90     661.80     0          0
75875            75875o           75828            45.00      0.0140     664.70     663.10     0          0
75871            75871O           75822            103.00     0.0130     663.10     659.20     0          0
73883            73883o           73126            88.00      0.0140     654.30     651.60     0          0
60092            60092o           73830            110.00     0.0240     651.60     651.00     0          0
75865/7          75865/7o         73838            76.00      0.0140     659.20     657.40     0          0
73881.1          73830            73881.3          150.00     0.0270     651.00     651.70     0          0
75847/45         75847/45o        75802            101.00     0.0250     672.00     670.90     0          0
73879            73879o           73826            152.00     0.0140     649.10     648.50     0          0
73875            73877            73875/7o         57.00      0.0117     648.50     648.10     0          0
73873            73824            73822            425.00     0          648.10     643.60     0          0
73869/71         73869/71o        73818            202.00     0.0140     643.60     641.00     0          0
73867            73818            73816            266.00     0          641.00     632.20     0          0
73865            73865o           73814            40.00      0.0140     632.20     631.10     0          0
60112            73814            60105            70.00      0          631.10     629.00     0          0
73635            60105            73588            220.00     0          629.00     628.00     0          0
73683            73588            73842            80.00      0          628.00     627.40     0          0
73685            73685o           73844            132.00     0.0140     627.40     626.60     0          0
1.251            73844            1.232            190.00     0          626.60     624.30     0          0
1.202            1.232            1.164            260.00     0          624.30     622.70     0          0
1.145            1.164            1.088            400.00     0          622.70     619.30     0          0
1.05             1.088            1.031            300.00     0          619.30     616.60     0          0
0.993            1.031            0.970            345.00     0          616.60     613.90     0          0
0.926            0.970            0.904            345.00     0          613.90     610.50     0          0
0.861            0.904            0.839            345.00     0          610.50     608.50     0          0
0.817            0.839            0.795            230.00     0          608.50     606.60     0          0
0.773            0.795            0.752            220.00     0          606.60     605.20     0          0
0.739            0.739o           0.727            67.00      0.0240     605.20     605.00     0          0
0.683            0.727            0.661            345.00     0          605.00     600.90     0          0
75853/7          75853/7O         75812            120.00     0.0140     659.80     657.70     0          0
75861            75861o           75816            40.00      0.0140     657.20     657.00     0          0
7339760118       73334            73352            164.00     0          640.50     636.00     0          0
73399-2          73352            182              308.00     0          636.00     632.00     0          0
7339-1           182              73588            308.00     0          632.00     628.00     0          0
60106            73258            60099            118.00     0          637.70     633.40     0          0
73267-2          60099            188              345.00     0          633.40     630.70     0          0
73267-1          188              73588            345.00     0          630.70     628.00     0          0
73269            73269O           73258            12.00      0.0140     637.90     637.70     0          0
73285            73285o           73036            50.00      0.0240     643.10     641.50     0          0
73273/81         73273/81o        73256            156.00     0.0140     641.50     638.50     0          0
73279            73279o           73260            140.00     0.0140     641.50     639.60     0          0
73275            73275o           73256            16.00      0.0140     639.60     638.20     0          0
403.1            73154            73038            50.00      0          643.40     643.10     0          0
73163            73094            73010            272.00     0          664.50     647.90     0          0
73289            73289o           73262            72.00      0.0140     647.90     646.10     0          0
73287/305        73262            73154            303.00     0          644.80     643.40     0          0
73361            73361o           73332            63.00      0.0140     644.10     642.40     0          0
73363            73373            73363/73o        89.00      0.0140     642.20     641.40     0          0
73365            73365o           73334            185.00     0.0140     641.40     640.50     0          0
73367            73367o           73330            35.00      0.0058     644.10     643.20     0          0
73371            73371o           73332            60.00      0.0140     643.20     642.20     0          0
73375            73375O           73334            172.00     0.0140     641.90     640.50     0          0
73333/45         73333/45o        73308            285.00     0.0140     643.90     641.90     0          0
73331            73331o           73294            215.00     0.0140     651.80     646.90     0          0
73383            73383o           73282            67.00      0.0140     649.10     649.00     0          0
73321/9          73321/9o         73294            426.00     0.0140     648.50     643.90     0          0
72971            72924            72926            172.00     0          649.50     645.60     0          0
73295            73295o           73262            60.00      0.0150     645.60     644.80     0          0
7296960116       72922            72924            273.00     0          652.40     649.50     0          0
73037            73000            72998            78.00      0          653.90     653.00     0          0
73299            73301            73301/299        24.00      0.0140     653.00     652.40     0          0
60102/22         60102/22o        72794            134.00     0.0140     665.00     661.80     0          0
73041            72794            73002            90.00      0          661.80     658.50     0          0
7303960014       73039o           73000            148.00     0.0240     658.50     653.90     0          0
72827            72827o           72782            154.00     0.0140     671.20     668.80     0          0
6010072829       60100o           60093            48.00      0.0140     668.80     666.80     0          0
72831            72831o           72792            92.00      0.0240     666.80     665.00     0          0
72777            72777o           72728            36.00      0.0140     666.50     666.20     0          0
72779/81         72728            72732            140.00     0          666.20     663.20     0          0
72935            72935o           72920            76.00      0.0140     663.20     661.80     0          0
72957/9          72920            72882            163.00     0          661.80     658.90     0          0
72961            72961o           72898            66.00      0.0140     658.90     657.20     0          0
72963            72898            72922            278.00     0          657.20     652.40     0          0
72769/75         72642            72726            310.00     0          675.70     666.50     0          0
72677/9          72677/9o         72632            36.00      0.0140     691.00     690.60     0          0
72681/3          72681/3o         72636            60.00      0.0140     690.60     689.60     0          0
72685            72685o           72685.2          300.00     0.0140     689.60     682.35     0          0
72693            72693o           72642            24.00      0.0140     676.30     675.70     0          0
72673/717        72673/717o       72626            242.00     0.0140     703.60     699.00     0          0
72705            72711            72705o           165.00     0.0140     699.00     698.70     0          0
73179            73179o           72650            120.00     0.0140     698.70     697.90     0          0
6009897896       72650            72628            323.00     0          697.80     691.00     0          0
75863            75863o           73840            123.00     0.0140     657.00     655.70     0          0
72685.3          72685.3o         72685.4          83.00      0.0100     678.70     677.85     0          0
72685.5          72685.5o         72685.6          83.00      0.0140     677.85     676.98     0          0
72687.2          72687.2o         72640            41.00      0.0140     676.98     676.48     0          0
73881.2          73881.3          73828            30.00      0.0270     651.70     649.10     0          0
187              73834            73126            140.00     0          663.10     659.00     0          0

[XSECTIONS]
;;Link           Shape        Geom1      Geom2      Geom3      Geom4      Barrels
;;-------------- ------------ ---------- ---------- ---------- ---------- ----------
75851            CIRCULAR     3.00       0          0          0          1
75859            IRREGULAR    6.50       0          0          0          1
73891            CIRCULAR     3.00       0          0          0          1
73887/9          CIRCULAR     3.00       0          0          0          1
73885            CIRCULAR     3.00       0          0          0          1
60094            CIRCULAR     2.00       0          0          0          1
75849            IRREGULAR    0          0          0          0          1
75875            CIRCULAR     2.50       0          0          0          1
75871            CIRCULAR     2.50       0          0          0          1
73883            CIRCULAR     3.00       0          0          0          1
60092            CIRCULAR     3.00       0          0          0          1
75865/7          CIRCULAR     2.50       0          0          0          1
73881.1          IRREGULAR    10.00      0          0          0          1
75847/45         CIRCULAR     3.50       0          0          0          1
73879            CIRCULAR     4.00       0          0          0          2
73875            CIRCULAR     4.00       0          0          0          1
73873            IRREGULAR    0          0          0          0          1
73869/71         CIRCULAR     4.00       0          0          0          1
73867            IRREGULAR    0          0          0          0          1
73865            CIRCULAR     7.00       0          0          0          1
60112            IRREGULAR    0          0          0          0          1
73635            IRREGULAR    0          0          0          0          1
73683            IRREGULAR    0          0          0          0          1
73685            RECT_CLOSED  6.00       9.00       0          0          1
1.251            IRREGULAR    0          0          0          0          1
1.202            IRREGULAR    0          0          0          0          1
1.145            IRREGULAR    0          0          0          0          1
1.05             IRREGULAR    0          0          0          0          1
0.993            IRREGULAR    0          0          0          0          1
0.926            IRREGULAR    0          0          0          0          1
0.861            IRREGULAR    0          0          0          0          1
0.817            IRREGULAR    0          0          0          0          1
0.773            IRREGULAR    0          0          0          0          1
0.739            HORSESHOE    7.00       0          0          0          1
0.683            IRREGULAR    0          0          0          0          1
75853/7          CIRCULAR     3.00       0          0          0          1
75861            CIRCULAR     3.00       0          0          0          1
7339760118       IRREGULAR    0          0          0          0          1
73399-2          IRREGULAR    0          0          0          0          1
7339-1           IRREGULAR    0          0          0          0          1
60106            IRREGULAR    0          0          0          0          1
73267-2          IRREGULAR    0          0          0          0          1
73267-1          IRREGULAR    0          0          0          0          1
73269            RECT_CLOSED  2.50       8.00       0          0          1
73285            CIRCULAR     5.00       0          0          0          1
73273/81         CIRCULAR     2.00       0          0          0          1
73279            CIRCULAR     2.00       0          0          0          1
73275            CIRCULAR     3.00       0          0          0          1
403.1            IRREGULAR    0          0          0          0          1
73163            IRREGULAR    0          0          0          0          1
73289            CIRCULAR     3.00       0          0          0          1
73287/305        IRREGULAR    0          0          0          0          1
73361            CIRCULAR     2.00       0          0          0          1
73363            CIRCULAR     2.00       0          0          0          1
73365            CIRCULAR     4.00       0          0          0          1
73367            CIRCULAR     1.50       0          0          0          1
73371            CIRCULAR     2.00       0          0          0          1
73375            CIRCULAR     3.50       0          0          0          1
73333/45         CIRCULAR     4.00       0          0          0          1
73331            CIRCULAR     1.00       0          0          0          1
73383            CIRCULAR     3.00       0          0          0          1
73321/9          CIRCULAR     4.00       0          0          0          1
72971            IRREGULAR    0          0          0          0          1
73295            HORSESHOE    3.83       6.00       0          0          1
7296960116       IRREGULAR    0          0          0          0          1
73037            IRREGULAR    0          0          0          0          1
73299            CIRCULAR     2.00       0          0          0          1
60102/22         CIRCULAR     2.50       0          0          0          1
73041            IRREGULAR    0          0          0          0          1
7303960014       CIRCULAR     3.00       0          0          0          1
72827            CIRCULAR     2.00       0          0          0          1
6010072829       CIRCULAR     2.50       0          0          0          1
72831            CIRCULAR     2.50       0          0          0          1
72777            CIRCULAR     2.50       0          0          0          1
72779/81         IRREGULAR    0          0          0          0          1
72935            CIRCULAR     3.50       0          0          0          1
72957/9          IRREGULAR    0          0          0          0          1
72961            CIRCULAR     4.00       0          0          0          1
72963            IRREGULAR    0          0          0          0          1
72769/75         IRREGULAR    0          0          0          0          1
72677/9          CIRCULAR     2.00       0          0          0          1
72681/3          CIRCULAR     2.00       0          0          0          1
72685            CIRCULAR     2.00       0          0          0          1
72693            CIRCULAR     2.00       0          0          0          1
72673/717        CIRCULAR     2.00       0          0          0          1
72705            CIRCULAR     6.00       0          0          0          1
73179            CIRCULAR     2.00       0          0          0          1
6009897896       IRREGULAR    0          0          0          0          1
75863            CIRCULAR     3.00       0          0          0          1
72685.3          CIRCULAR     3.50       0          0          0          1
72685.5          CIRCULAR     3.50       0          0          0          1
72687.2          CIRCULAR     3.50       0          0          0          1
73881.2          IRREGULAR    10.00      0          0          0          1
187              IRREGULAR    10.00      0          0          0          1

[LOSSES]
;;Link           Inlet      Outlet     Average    Flap Gate
;;-------------- ---------- ---------- ---------- ----------
75851            0          0          0          NO
75859            0          0          0          NO
73891            0          0          0          NO
73887/9          0          0          0          NO
73885            0          0          0          NO
60094            0          0          0          NO
75849            0          0          0          NO
75875            0          0          0          NO
75871            0          0          0          NO
73883            0          0          0          NO
60092            0          0          0          NO
75865/7          0          0          0          NO
73881.1          0          0          0          NO
75847/45         0          0          0          NO
73879            0          0          0          NO
73875            0          0          0          NO
73873            0          0          0          NO
73869/71         0          0          0          NO
73867            0          0          0          NO
73865            0          0          0          NO
60112            0          0          0          NO
73635            0          0          0          NO
73683            0          0          0          NO
73685            0          0          0          NO
1.251            0          0          0          NO
1.202            0          0          0          NO
1.145            0          0          0          NO
1.05             0          0          0          NO
0.993            0          0          0          NO
0.926            0          0          0          NO
0.861            0          0          0          NO
0.817            0          0          0          NO
0.773            0          0          0          NO
0.739            0          0          0          NO
0.683            0          0          0          NO
75853/7          0          0          0          NO
75861            0          0          0          NO
7339760118       0          0          0          NO
73399-2          0          0          0          NO
7339-1           0          0          0          NO
60106            0          0          0          NO
73267-2          0          0          0          NO
73267-1          0          0          0          NO
73269            0          0          0          NO
73285            0          0          0          NO
73273/81         0          0          0          NO
73279            0          0          0          NO
73275            0          0          0          NO
403.1            0          0          0          NO
73163            0          0          0          NO
73289            0          0          0          NO
73287/305        0          0          0          NO
73361            0          0          0          NO
73363            0          0          0          NO
73365            0          0          0          NO
73367            0          0          0          NO
73371            0          0          0          NO
73375            0          0          0          NO
73333/45         0          0          0          NO
73331            0          0          0          NO
73383            0          0          0          NO
73321/9          0          0          0          NO
72971            0          0          0          NO
73295            0          0          0          NO
7296960116       0          0          0          NO
73037            0          0          0          NO
73299            0          0          0          NO
60102/22         0          0          0          NO
73041            0          0          0          NO
7303960014       0          0          0          NO
72827            0          0          0          NO
6010072829       0          0          0          NO
72831            0          0          0          NO
72777            0          0          0          NO
72779/81         0          0          0          NO
72935            0          0          0          NO
72957/9          0          0          0          NO
72961            0          0          0          NO
72963            0          0          0          NO
72769/75         0          0          0          NO
72677/9          0          0          0          NO
72681/3          0          0          0          NO
72685            0          0          0          NO
72693            0          0          0          NO
72673/717        0          0          0          NO
72705            0          0          0          NO
73179            0          0          0          NO
6009897896       0          0          0          NO
75863            0          0          0          NO
72685.3          0          0          0          NO
72685.5          0          0          0          NO
72687.2          0          0          0          NO
73881.2          0          0          0          NO
187              0          0          0          NO

[COORDINATES]
;;Node           X-Coord            Y-Coord
;;-------------- ------------------ ------------------
75804            90.48              233.84            
75806            81.91              212.29            
75812            81.84              178.36            
75814            85.51              162.14            
73840            72.20              121.92            
73838            57.78              113.25            
73834            47.29              99.44             
73832            45.66              73.40             
75802            121.64             260.34            
75798            136.35             279.00            
60087            148.13             335.54            
75830            44.08              177.21            
75828            49.43              161.99            
75822            54.09              139.93            
73126            21.65              70.03             
73830            21.49              52.50             
73828            3.42               28.57             
73826            -13.40             2.39              
73824            -20.97             -3.41             
73822            -38.07             -20.46            
73818            -55.68             -42.94            
73816            -81.11             -43.10            
73814            -95.96             -57.81            
60105            -112.76            -81.00            
73588            -121.41            -108.36           
73842            -119.80            -137.72           
73844            -121.09            -166.67           
1.232            -121.17            -201.33           
1.164            -121.02            -227.21           
1.088            -120.25            -262.65           
1.031            -122.94            -303.35           
0.970            -122.95            -341.41           
0.904            -121.53            -368.73           
0.839            -132.87            -400.36           
0.795            -131.95            -425.54           
0.752            -132.57            -455.80           
0.727            -132.87            -468.46           
0.661            -131.99            -504.68           
73334            -183.13            -84.77            
73352            -166.69            -89.75            
182              -148.14            -100.11           
73258            -137.17            -42.43            
60099            -136.60            -59.08            
188              -129.70            -84.20            
73256            -136.89            -28.70            
73038            -138.66            18.50             
73036            -139.26            9.43              
73260            -132.26            -12.44            
73154            -146.04            31.53             
73094            -92.83             62.93             
73010            -119.18            59.36             
73262            -146.57            53.68             
73326            -224.39            -112.68           
73332            -216.97            -101.71           
32442            -202.48            -88.54            
73330            -226.82            -105.63           
73308            -196.60            -62.24            
73294            -243.87            -46.67            
73296            -268.81            -60.24            
73274            -273.61            47.96             
73282            -267.64            30.63             
72924            -158.08            107.08            
72926            -149.22            77.90             
72922            -181.35            144.63            
73000            -140.45            191.79            
72998            -161.49            168.94            
72792            -76.89             255.76            
72794            -104.85            233.69            
73002            -122.09            210.29            
72778            -2.86              353.01            
72782            -38.93             311.79            
60093            -74.48             295.85            
72726            -204.52            288.66            
72728            -197.43            274.73            
72732            -217.14            247.30            
72920            -231.86            223.32            
72882            -214.29            201.33            
72898            -206.23            178.35            
72642            -213.67            366.79            
72628            -228.19            555.27            
72632            -210.62            531.48            
72636            -210.38            504.12            
72640            -224.67            385.03            
72668            -251.68            732.39            
72626            -253.93            672.55            
72666            -235.26            654.66            
72650            -263.44            617.70            
72685.2          -230.87            437.36            
75816            84.73              149.49            
72685.4          -226.51            421.94            
72685.6          -236.01            397.52            
73881.3          6.32               47.13             

[MAP]
DIMENSIONS -273.61 -504.68 148.13 732.39
Units      None

[REPORT]
INPUT            YES
SUBCATCHMENTS    ALL
NODES            ALL
LINKS            ALL



