;; SWMM5 .inp converted from XPSWMM .xp file
;; Generated by XPSWMM Card Reader
;; Source format: XP_CARD | Original title: SWMM RUNOFF SIMULATION OF TALLAHASSEE EAST DITCH

[TITLE]
;;Project Title/Notes
SWMM RUNOFF SIMULATION OF TALLAHASSEE EAST DITCH

[OPTIONS]
FLOW_UNITS           CFS
INFILTRATION         HORTON
FLOW_ROUTING         DYNWAVE
LINK_OFFSETS         DEPTH
MIN_SLOPE            0.0
ALLOW_PONDING        NO
SKIP_STEADY_STATE    NO
ROUTING_STEP         00:00:10
VARIABLE_STEP        0.75
INERTIAL_DAMPING     PARTIAL
NORMAL_FLOW_LIMITED  BOTH
MAX_TRIALS           50

[JUNCTIONS]
;;Name           Elev       MaxDepth   InitDepth  SurDepth   Aponded
;;-------------- ---------- ---------- ---------- ---------- ----------
370              999.00     0          0          0          0
360              999.00     0          0          0          0
350              999.00     0          0          0          0
340              999.00     0          0          0          0
330              999.00     0          0          0          0
320              999.00     0          0          0          0
310              999.00     0          0          0          0
300              999.00     0          0          0          0
290              999.00     0          0          0          0
280              999.00     0          0          0          0
270              999.00     0          0          0          0
260              999.00     0          0          0          0
240              999.00     0          0          0          0
230              999.00     0          0          0          0
220              999.00     0          0          0          0
210              999.00     0          0          0          0
200              999.00     0          0          0          0
190              999.00     0          0          0          0
170              999.00     0          0          0          0
160              999.00     0          0          0          0
150              999.00     0          0          0          0
140              999.00     0          0          0          0
120              999.00     0          0          0          0
110              999.00     0          0          0          0
100              999.00     0          0          0          0
80               999.00     0          0          0          0
70               999.00     0          0          0          0
50               999.00     0          0          0          0
45               999.00     0          0          0          0
30               999.00     0          0          0          0
20               999.00     0          0          0          0
10               999.00     0          0          0          0
950              999.00     0          0          0          0
900              999.00     0          0          0          0
890              999.00     0          0          0          0
520              999.00     0          0          0          0
510              999.00     0          0          0          0
620              999.00     0          0          0          0
610              999.00     0          0          0          0
600              999.00     0          0          0          0
590              999.00     0          0          0          0
580              999.00     0          0          0          0
570              999.00     0          0          0          0
560              999.00     0          0          0          0
865              999.00     0          0          0          0
860              999.00     0          0          0          0
850              999.00     0          0          0          0
840              999.00     0          0          0          0
830              999.00     0          0          0          0
820              999.00     0          0          0          0
810              999.00     0          0          0          0
800              999.00     0          0          0          0
790              999.00     0          0          0          0
780              999.00     0          0          0          0
770              999.00     0          0          0          0
760              999.00     0          0          0          0
1070             999.00     0          0          0          0
1060             999.00     0          0          0          0
1055             999.00     0          0          0          0
1045             999.00     0          0          0          0
1040             999.00     0          0          0          0
1030             999.00     0          0          0          0
1010             999.00     0          0          0          0
1000             999.00     0          0          0          0
990              999.00     0          0          0          0
980              999.00     0          0          0          0
970              999.00     0          0          0          0
490              999.00     0          0          0          0
480              999.00     0          0          0          0
470              999.00     0          0          0          0
930              999.00     0          0          0          0
430              999.00     0          0          0          0
420              999.00     0          0          0          0
410              999.00     0          0          0          0
390              999.00     0          0          0          0

[STORAGE]
;;Name           Elev       MaxDepth   InitDepth  Shape      Curve/Params
;;-------------- ---------- ---------- ---------- ---------- ----------
880              999.00     0          0          FUNCTIONAL 0 0          0
130              999.00     0          0          FUNCTIONAL 500.00 0          0
60               999.00     -899.00    0          FUNCTIONAL 0 0          0
40               999.00     -899.00    0          FUNCTIONAL 0 0          0
380              999.00     0          0          FUNCTIONAL 500.00 0          0
250              999.00     0          0          FUNCTIONAL 500.00 0          0
180              999.00     0          0          FUNCTIONAL 500.00 0          0
90               999.00     0          0          FUNCTIONAL 500.00 0          0
960              999.00     0          0          FUNCTIONAL 0 0          0
460              999.00     0          0          FUNCTIONAL 0 0          0
910              999.00     0          0          FUNCTIONAL 0 0          0
550              999.00     0          0          FUNCTIONAL 0 0          0
540              999.00     0          0          FUNCTIONAL 0 0          0
530              999.00     0          0          FUNCTIONAL 0 0          0
630              999.00     0          0          FUNCTIONAL 0 0          0
870              999.00     0          0          FUNCTIONAL 0 0          0
1090             999.00     0          0          FUNCTIONAL 0 0          0
1080             999.00     0          0          FUNCTIONAL 0 0          0
1050             999.00     0          0          FUNCTIONAL 0 0          0
1020             999.00     0          0          FUNCTIONAL 500.00 0          0
500              999.00     0          0          FUNCTIONAL 0 0          0
450              999.00     0          0          FUNCTIONAL 0 0          0
940              999.00     0          0          FUNCTIONAL 0 0          0
920              999.00     0          0          FUNCTIONAL 0 0          0
440              999.00     0          0          FUNCTIONAL 0 0          0
400              999.00     0          0          FUNCTIONAL 0 0          0

[CONDUITS]
;;Name           From             To               Length     Roughness  InOffset   OutOffset  InitFlow   MaxFlow
;;-------------- ---------------- ---------------- ---------- ---------- ---------- ---------- ---------- ----------
ED880R           ED880            370              0          0          12.90      12.90      0          0
ED370R           ED370            ED370P           0          0          11.80      11.80      0          0
ED350R           ED350            ED350P           0          0          10.60      10.80      0          0
ED330R           ED330            320              0          0          10.80      10.70      0          0
ED310R           ED310            300              0          0          9.80       9.50       0          0
ED290R           ED290            280              0          0          9.50       9.50       0          0
ED270R           ED270            260              0          0          7.50       7.50       0          0
ED240R           ED240            230              0          0          11.00      11.73      0          0
ED220R           ED220            210              0          0          12.70      14.00      0          0
ED200R           ED200            190              0          0          17.60      18.60      0          0
ED170R           ED170            160              0          0          15.20      15.00      0          0
ED150R           ED150            140              0          0          14.30      14.30      0          0
ED130R           ED130            ED130P           0          0          16.10      16.10      0          0
ED110R           ED110            ED110P           0          0          11.40      11.13      0          0
ED80R            ED80             70               0          0          4.43       4.43       0          0
ED60R            ED60             50               0          0          4.43       4.55       0          0
ED45R            ED45             40               0          0          4.55       7.05       0          0
ED30R            ED30             20               0          0          12.05      12.20      0          0
ED380            380              370              1600.00    0          70.90      58.00      0          0
ED360            360              350              400.00     0          58.00      57.30      0          0
ED340            340              330              300.00     0          57.10      55.70      0          0
ED320            320              310              800.00     0          55.80      53.60      0          0
ED300            300              290              800.00     0          53.90      50.70      0          0
ED280            280              270              1400.00    0          50.70      48.50      0          0
ED260            260              250              250.00     0          48.50      48.00      0          0
ED250            250              240              400.00     0          48.00      47.10      0          0
ED230            230              220              1400.00    0          45.90      44.50      0          0
ED210            210              200              650.00     0          43.20      42.40      0          0
ED190            190              180              600.00     0          41.40      39.80      0          0
ED180            180              170              600.00     0          39.80      38.20      0          0
ED160            160              150              1350.00    0          38.40      34.70      0          0
ED140            140              130              1400.00    0          34.70      31.20      0          0
ED120            120              110              1050.00    0          30.40      29.70      0          0
ED100            100              90               1100.00    0          29.97      29.00      0          0
ED90             90               80               1100.00    0          29.00      28.62      0          0
ED70             70               60               1100.00    0          28.62      28.62      0          0
ED50             50               45               1100.00    0          28.50      28.50      0          0
ED40             40               30               500.00     0          26.00      24.45      0          0
ED20             20               10               850.00     0          24.30      24.29      0          0
MS960            MS960R           950              35.00      0.0130     0          0          0          0
MS950            950              460              1100.00    0          119.05     89.86      0          0
SE910            SE910R           900              50.00      0.0130     0          0          0          0
SE900            900              890              1700.00    0          94.40      71.80      0          0
SE890            SE890R           380              55.00      0.0185     0          0.43       0          0
PR550            PR550R           540              30.00      0.0221     1.70       8.60       0          0
PR540            540              530              450.00     0          39.00      38.00      0          0
PR530            PR530R           520              30.00      0.0197     0.14       0.65       0          0
PR520            520              510              265.00     0          32.88      36.31      0          0
PR510R           510              90               24.00      0          42.27      36.27      0          0
AR630P1          AR630P2          AR630R           33.00      0.0253     0          0          0          0
AR620            620              610              690.00     0          52.50      51.00      0          0
AR610            AR610P1          AR610P2          22.00      0.0298     0          0          0          0
AR600            600              590              800.00     0          51.00      48.90      0          0
AR590            590              580              850.00     0          48.90      46.57      0          0
AR580            580              570              450.00     0.0139     46.57      43.55      0          0
AR570            570              560              750.00     0.0130     43.55      44.40      0          0
AR560            560              180              500.00     0          44.40      39.80      0          0
AR580R           580              560              100.00     0          57.00      57.00      0          0
IH870            870              865              800.00     0          138.00     133.00     0          0
IH865            IH865R           860              30.00      0.0347     0          6.50       0          0
IH860            860              850              900.00     0          122.40     110.00     0          0
IH850            850              840              900.00     0          110.00     108.86     0          0
IH840            IH840R           830              50.00      0.0250     0          0          0          0
IH830            830              820              1000.00    0          107.69     108.90     0          0
IH820            820              810              1000.00    0          108.90     92.27      0          0
IH810            IH810R           800              35.00      0.0367     0          0          0          0
IH800            800              790              700.00     0          86.49      84.28      0          0
IH790            IH790R           780              35.00      0.0367     0          0          0          0
IH780            780              770              400.00     0          81.59      79.60      0          0
IH770            IH770R           760              35.00      0.0565     0.90       0          0          0
IH760            760              380              1600.00    0          80.84      70.90      0          0
CC1090           1090             1080             800.00     0          130.00     108.00     0          0
CC1080P1         CC1080P2         CC1080R          180.00     0.0153     0          0          0          0
CC1070           1070             1060             1300.00    0          90.00      83.50      0          0
CC1060           CC1060R          1055             30.00      0.0347     0          0          0          0
CC1055           1055             1050             600.00     0          83.50      82.71      0          0
CC1045           1045             1040             500.00     0          82.20      70.00      0          0
CC1040P1         CC1040P2         CC1040R          100.00     0.0176     0          0          0          0
CC1030           1030             1020             480.00     0          69.50      59.38      0          0
CC1020           CC1020R          1010             53.00      0.0203     0          0.65       0          0
CC1010           1010             1000             250.00     0          58.04      54.28      0          0
CC1000           CC1000R          990              370.00     0.0153     0          0          0          0
CC990            990              980              720.00     0          53.29      53.62      0          0
CC980            CC980R           970              68.00      0.0270     0          2.43       0          0
CC970            970              250              700.00     0          49.06      48.00      0          0
KC500            KC500R           490              50.00      0.0277     0          0.95       0          0
KC490            490              480              1000.00    0          154.14     134.00     0          0
KC480            480              470              1100.00    0          134.00     118.00     0          0
KC470            470              460              1500.00    0          118.00     90.50      0          0
KC460            KC460R           450              35.00      0.0232     0          4.71       0          0
KC940            KC940R           930              35.00      0.0210     0          24.70      0          0
KC930            930              920              400.00     0          140.00     102.00     0          0
KC920            920              450              550.00     0          102.00     85.79      0          0
KC450            KC450R           440              11.70      0.0543     4.72       4.08       0          0
KC440            KC440R           430              16.00      0.0426     3.56       6.56       0          0
KC430            430              420              500.00     0          82.00      73.59      0          0
KC420            KC420R           410              90.00      0.0214     0.79       1.09       0          0
KC410            410              400              500.00     0          77.57      75.00      0          0
KC400            ?                ?                500.00     0          75.00      74.00      0          0
KC390            390              380              1100.00    0          74.00      70.90      0          0

[WEIRS]
;;Name           From             To               Type       CrestHt    Qcoeff     Gated    EndCon   EndCoeff   Surcharge
;;-------------- ---------------- ---------------- ---------- ---------- ---------- -------- -------- ---------- ----------
MUL43            1050             1045             TRANSVERSE 87.35      1.840      NO       0        0          YES

[XSECTIONS]
;;Link           Shape        Geom1      Geom2      Geom3      Geom4      Barrels
;;-------------- ------------ ---------- ---------- ---------- ---------- ----------
ED880R           IRREGULAR    0          0          0          0          1
ED370R           IRREGULAR    0          0          0          0          1
ED350R           IRREGULAR    0          0          0          0          1
ED330R           IRREGULAR    0          0          0          0          1
ED310R           IRREGULAR    0          0          0          0          1
ED290R           IRREGULAR    0          0          0          0          1
ED270R           IRREGULAR    0          0          0          0          1
ED240R           IRREGULAR    0          0          0          0          1
ED220R           IRREGULAR    0          0          0          0          1
ED200R           IRREGULAR    0          0          0          0          1
ED170R           IRREGULAR    0          0          0          0          1
ED150R           IRREGULAR    0          0          0          0          1
ED130R           IRREGULAR    0          0          0          0          1
ED110R           IRREGULAR    0          0          0          0          1
ED80R            IRREGULAR    0          0          0          0          1
ED60R            IRREGULAR    0          0          0          0          1
ED45R            IRREGULAR    0          0          0          0          1
ED30R            IRREGULAR    0          0          0          0          1
ED380            IRREGULAR    0          0          0          0          1
ED360            IRREGULAR    0          0          0          0          1
ED340            IRREGULAR    0          0          0          0          1
ED320            IRREGULAR    0          0          0          0          1
ED300            IRREGULAR    0          0          0          0          1
ED280            IRREGULAR    0          0          0          0          1
ED260            IRREGULAR    0          0          0          0          1
ED250            IRREGULAR    0          0          0          0          1
ED230            IRREGULAR    0          0          0          0          1
ED210            IRREGULAR    0          0          0          0          1
ED190            IRREGULAR    0          0          0          0          1
ED180            IRREGULAR    0          0          0          0          1
ED160            IRREGULAR    0          0          0          0          1
ED140            IRREGULAR    0          0          0          0          1
ED120            IRREGULAR    0          0          0          0          1
ED100            IRREGULAR    0          0          0          0          1
ED90             IRREGULAR    0          0          0          0          1
ED70             IRREGULAR    0          0          0          0          1
ED50             IRREGULAR    0          0          0          0          1
ED40             IRREGULAR    0          0          0          0          1
ED20             IRREGULAR    0          0          0          0          1
MS960            CIRCULAR     2.50       0          0          0          1
MS950            IRREGULAR    0          0          0          0          1
SE910            CIRCULAR     2.00       0          0          0          1
SE900            IRREGULAR    0          0          0          0          1
SE890            CIRCULAR     2.00       0          0          0          1
PR550            CIRCULAR     2.00       0          0          0          1
PR540            IRREGULAR    0          0          0          0          1
PR530            CIRCULAR     1.50       0          0          0          1
PR520            IRREGULAR    0          0          0          0          1
PR510R           IRREGULAR    0          0          0          0          1
AR630P1          CIRCULAR     3.00       0          0          0          1
AR620            IRREGULAR    0          0          0          0          1
AR610            CIRCULAR     3.00       0          0          0          1
AR600            IRREGULAR    0          0          0          0          1
AR590            IRREGULAR    0          0          0          0          1
AR580            CIRCULAR     5.00       0          0          0          1
AR570            CIRCULAR     5.50       0          0          0          1
AR560            IRREGULAR    0          0          0          0          1
AR580R           IRREGULAR    0          0          0          0          1
IH870            IRREGULAR    0          0          0          0          1
IH865            CIRCULAR     5.00       0          0          0          1
IH860            IRREGULAR    0          0          0          0          1
IH850            IRREGULAR    0          0          0          0          1
IH840            CIRCULAR     4.00       0          0          0          1
IH830            IRREGULAR    0          0          0          0          1
IH820            IRREGULAR    0          0          0          0          1
IH810            RECT_CLOSED  5.00       8.00       0          0          1
IH800            IRREGULAR    0          0          0          0          1
IH790            RECT_CLOSED  5.00       8.00       0          0          1
IH780            IRREGULAR    0          0          0          0          1
IH770            CIRCULAR     4.70       0          0          0          1
IH760            IRREGULAR    0          0          0          0          1
CC1090           IRREGULAR    0          0          0          0          1
CC1080P1         CIRCULAR     3.00       0          0          0          1
CC1070           IRREGULAR    0          0          0          0          1
CC1060           CIRCULAR     5.00       0          0          0          1
CC1055           IRREGULAR    0          0          0          0          1
CC1045           IRREGULAR    0          0          0          0          1
CC1040P1         CIRCULAR     3.00       0          0          0          1
CC1030           IRREGULAR    0          0          0          0          1
CC1020           CIRCULAR     2.50       0          0          0          1
CC1010           IRREGULAR    0          0          0          0          1
CC1000           CIRCULAR     6.00       0          0          0          1
CC990            IRREGULAR    0          0          0          0          1
CC980            CIRCULAR     6.00       0          0          0          1
CC970            IRREGULAR    0          0          0          0          1
KC500            CIRCULAR     5.00       0          0          0          1
KC490            IRREGULAR    0          0          0          0          1
KC480            IRREGULAR    0          0          0          0          1
KC470            IRREGULAR    0          0          0          0          1
KC460            CIRCULAR     2.50       0          0          0          1
KC940            CIRCULAR     2.00       0          0          0          1
KC930            IRREGULAR    0          0          0          0          1
KC920            IRREGULAR    0          0          0          0          1
KC450            RECT_CLOSED  2.96       17.40      0          0          1
KC440            RECT_CLOSED  2.70       11.40      0          0          1
KC430            IRREGULAR    0          0          0          0          1
KC420            CIRCULAR     4.50       0          0          0          1
KC410            IRREGULAR    0          0          0          0          1
KC400            IRREGULAR    0          0          0          0          1
KC390            IRREGULAR    0          0          0          0          1
MUL43            RECT_OPEN    0          6.00       0          0          

[LOSSES]
;;Link           Inlet      Outlet     Average    Flap Gate
;;-------------- ---------- ---------- ---------- ----------
ED880R           0          0          0          NO
ED370R           0          0          0          NO
ED350R           0          0          0          NO
ED330R           0          0          0          NO
ED310R           0          0          0          NO
ED290R           0          0          0          NO
ED270R           0          0          0          NO
ED240R           0          0          0          NO
ED220R           0          0          0          NO
ED200R           0          0          0          NO
ED170R           0          0          0          NO
ED150R           0          0          0          NO
ED130R           0          0          0          NO
ED110R           0          0          0          NO
ED80R            0          0          0          NO
ED60R            0          0          0          NO
ED45R            0          0          0          NO
ED30R            0          0          0          NO
ED380            0          0          0          NO
ED360            0          0          0          NO
ED340            0          0          0          NO
ED320            0          0          0          NO
ED300            0          0          0          NO
ED280            0          0          0          NO
ED260            0          0          0          NO
ED250            0          0          0          NO
ED230            0          0          0          NO
ED210            0          0          0          NO
ED190            0          0          0          NO
ED180            0          0          0          NO
ED160            0          0          0          NO
ED140            0          0          0          NO
ED120            0          0          0          NO
ED100            0          0          0          NO
ED90             0          0          0          NO
ED70             0          0          0          NO
ED50             0          0          0          NO
ED40             0          0          0          NO
ED20             0          0          0          NO
MS960            0          0          0          NO
MS950            0          0          0          NO
SE910            0          0          0          NO
SE900            0          0          0          NO
SE890            0          0          0          NO
PR550            0          0          0          NO
PR540            0          0          0          NO
PR530            0          0          0          NO
PR520            0          0          0          NO
PR510R           0          0          0          NO
AR630P1          0          0          0          NO
AR620            0          0          0          NO
AR610            0          0          0          NO
AR600            0          0          0          NO
AR590            0          0          0          NO
AR580            0          0          0          NO
AR570            0          0          0          NO
AR560            0          0          0          NO
AR580R           0          0          0          NO
IH870            0          0          0          NO
IH865            0          0          0          NO
IH860            0          0          0          NO
IH850            0          0          0          NO
IH840            0          0          0          NO
IH830            0          0          0          NO
IH820            0          0          0          NO
IH810            0          0          0          NO
IH800            0          0          0          NO
IH790            0          0          0          NO
IH780            0          0          0          NO
IH770            0          0          0          NO
IH760            0          0          0          NO
CC1090           0          0          0          NO
CC1080P1         0          0          0          NO
CC1070           0          0          0          NO
CC1060           0          0          0          NO
CC1055           0          0          0          NO
CC1045           0          0          0          NO
CC1040P1         0          0          0          NO
CC1030           0          0          0          NO
CC1020           0          0          0          NO
CC1010           0          0          0          NO
CC1000           0          0          0          NO
CC990            0          0          0          NO
CC980            0          0          0          NO
CC970            0          0          0          NO
KC500            0          0          0          NO
KC490            0          0          0          NO
KC480            0          0          0          NO
KC470            0          0          0          NO
KC460            0          0          0          NO
KC940            0          0          0          NO
KC930            0          0          0          NO
KC920            0          0          0          NO
KC450            0          0          0          NO
KC440            0          0          0          NO
KC430            0          0          0          NO
KC420            0          0          0          NO
KC410            0          0          0          NO
KC400            0          0          0          NO
KC390            0          0          0          NO

[COORDINATES]
;;Node           X-Coord            Y-Coord
;;-------------- ------------------ ------------------
880              336.80             -8.94             
370              356.80             -8.94             
360              376.80             -8.94             
350              396.80             -8.94             
340              416.80             -8.94             
330              436.80             -8.94             
320              456.80             -8.94             
310              476.80             -8.94             
300              496.80             -8.94             
290              516.80             -8.94             
280              536.80             -8.94             
270              556.80             -8.94             
260              576.80             -8.94             
240              616.80             -8.94             
230              636.80             -8.94             
220              656.80             -8.94             
210              676.80             -8.94             
200              696.80             -8.94             
190              716.80             -8.94             
170              394.65             42.61             
160              412.02             43.66             
150              432.02             43.66             
140              452.02             43.66             
130              472.02             43.66             
120              492.02             43.66             
110              512.02             43.66             
100              532.02             43.66             
80               572.02             43.66             
70               592.02             43.66             
60               612.02             43.66             
50               632.02             43.66             
45               652.02             43.66             
40               672.02             43.66             
30               692.02             43.66             
20               712.02             43.66             
380              356.80             11.06             
250              596.80             -8.94             
180              743.64             29.85             
90               552.02             43.66             
10               732.02             43.66             
960              423.33             191.39            
950              426.80             171.70            
460              430.28             152.00            
910              326.80             63.02             
900              336.80             45.70             
890              346.80             28.38             
550              552.02             -56.34            
540              552.02             -36.34            
530              552.02             -16.34            
520              552.02             3.66              
510              552.02             23.66             
630              688.92             142.62            
620              695.76             123.82            
610              702.60             105.03            
600              709.44             86.24             
590              716.28             67.44             
580              723.12             48.65             
570              729.96             29.85             
560              736.80             11.06             
870              356.80             271.06            
865              356.80             251.06            
860              356.80             231.06            
850              356.80             211.06            
840              356.80             191.06            
830              356.80             171.06            
820              356.80             151.06            
810              356.80             131.06            
800              356.80             111.06            
790              356.80             91.06             
780              356.80             71.06             
770              356.80             51.06             
760              356.80             31.06             
1090             596.80             -308.94           
1080             596.80             -288.94           
1070             596.80             -268.94           
1060             596.80             -248.94           
1055             596.80             -228.94           
1050             596.80             -208.94           
1045             596.80             -188.94           
1040             596.80             -168.94           
1030             596.80             -148.94           
1020             596.80             -128.94           
1010             596.80             -108.94           
1000             596.80             -88.94            
990              596.80             -68.94            
980              596.80             -48.94            
970              596.80             -28.94            
500              470.28             221.28            
490              460.28             203.96            
480              450.28             186.64            
470              440.28             169.32            
450              426.80             132.30            
940              472.77             170.87            
930              457.45             158.02            
920              442.13             145.16            
440              416.80             114.98            
430              406.80             97.66             
420              396.80             80.34             
410              386.80             63.02             
400              376.80             45.70             
390              366.80             28.38             

[MAP]
DIMENSIONS 326.80 -308.94 743.64 271.06
Units      None

[REPORT]
INPUT            YES
SUBCATCHMENTS    ALL
NODES            ALL
LINKS            ALL



