;; SWMM5 .inp converted from XPSWMM .xp file
;; Generated by XPSWMM Card Reader
;; Source format: XP_CARD | Original title: (none)

[TITLE]
;;Project Title/Notes
Converted from XPSWMM .xp file

[OPTIONS]
FLOW_UNITS           CMS
INFILTRATION         HORTON
FLOW_ROUTING         DYNWAVE
LINK_OFFSETS         DEPTH
MIN_SLOPE            0.0
ALLOW_PONDING        NO
SKIP_STEADY_STATE    NO
ROUTING_STEP         00:00:01
VARIABLE_STEP        0.75
INERTIAL_DAMPING     PARTIAL
NORMAL_FLOW_LIMITED  BOTH
MAX_TRIALS           50
HEAD_TOLERANCE       .001

[JUNCTIONS]
;;Name           Elev       MaxDepth   InitDepth  SurDepth   Aponded
;;-------------- ---------- ---------- ---------- ---------- ----------
1                1020.00    0          4.65       0          0
2                1020.00    0          5.24       0          0
3                1020.00    0          5.84       0          0
4                1025.00    0          6.44       0          0
5                1025.00    0          8.63       0          0
6                1025.00    0          10.43      0          0
7                1025.00    0          12.22      0          0
8                1025.00    0          14.05      0          0
9                1025.00    0          15.82      0          0
10               1025.00    0          17.61      0          0
11               1025.00    0          19.41      0          0
12               1025.00    0          21.20      0          0
15               1125.00    0          0          0          0
16               1125.00    0          0          0          0
17               1125.00    0          0          0          0
18               1123.27    0          0          0          0
19               1123.37    0          0          0          0
20               1123.37    0          0          0          0
21               1123.37    0          0          0          0
22               1123.37    0          0          0          0
50               1258.00    0          0          0          0
51               1258.00    0          0          0          0
52               1258.00    0          0          0          0
53               1258.00    0          0          0          0
54               1258.00    0          0          0          0
56               1258.00    0          0          0          0
57               1258.00    0          0          0          0
58               1258.00    0          0          0          0
59               1258.00    0          0          0          0
60               1258.00    0          0          0          0
61               1258.00    0          0          0          0
62               1258.00    0          0          0          0
77               1258.00    0          0          0          0
78               1258.00    0          0          0          0
79               1258.00    0          0          0          0
83               1258.00    0          0          0          0
84               1258.00    0          0          0          0
85               1258.00    0          0          0          0
86               1258.00    0          0          0          0
87               1258.00    0          0          0          0
88               1258.00    0          0          0          0
89               1258.00    0          0          0          0
90               1258.00    0          0          0          0
91               1258.00    0          0          0          0
92               1258.00    0          0          0          0
93               1258.00    0          0          0          0
94               1258.00    0          0          0          0
95               1258.00    0          0          0          0
96               1258.00    0          0          0          0
97               1258.00    0          0          0          0
98               1258.00    0          0          0          0
99               1248.00    0          0          0          0
117              1248.00    0          0          0          0
118              1248.00    0          0          0          0
119              1248.00    0          0          0          0
120              1248.00    0          0          0          0
121              1248.00    0          0          0          0
122              1248.00    0          0          0          0
123              1248.00    0          0          0          0
124              1248.00    0          0          0          0
125              1248.00    0          0          0          0
126              1248.00    0          0          0          0
127              1248.00    0          0          0          0
128              1248.00    0          0          0          0
129              1248.00    0          0          0          0
143              1248.00    0          0          0          0
145              1248.00    0          0          0          0
146              1248.00    0          0          0          0
147              1248.00    0          0          0          0
148              1248.00    0          0          0          0
149              1248.00    0          0          0          0
150              1248.00    0          0          0          0
151              1248.00    0          0          0          0
152              1248.00    0          0          0          0
153              1248.00    0          0          0          0
163              1248.00    0          0          0          0
165              1248.00    0          0          0          0
167              1248.00    0          0          0          0
168              1248.00    0          0          0          0
169              1248.00    0          0          0          0
170              1248.00    0          0          0          0
171              1248.00    0          0          0          0
172              1248.00    0          0          0          0
173              1248.00    0          0          0          0
174              1248.00    0          0          0          0
175              1248.00    0          0          0          0
176              1248.00    0          0          0          0
187              1248.00    0          0          0          0
189              1248.00    0          0          0          0
190              1248.00    0          0          0          0
191              1248.00    0          0          0          0
192              1248.00    0          0          0          0
193              1248.00    0          0          0          0
194              1248.00    0          0          0          0
195              1248.00    0          0          0          0
196              1248.00    0          0          0          0
197              1248.00    0          0          0          0
198              1248.00    0          0          0          0
199              1248.00    0          0          0          0
200              1248.00    0          0          0          0
201              1248.00    0          0          0          0
202              1248.00    0          0          0          0
203              1248.00    0          0          0          0
204              1248.00    0          0          0          0
205              1248.00    0          0          0          0
206              1248.00    0          0          0          0
207              1248.00    0          0          0          0
208              1248.00    0          0          0          0
209              1248.00    0          0          0          0
210              1248.00    0          0          0          0
211              1248.00    0          0          0          0
212              1248.00    0          0          0          0
213              1248.00    0          0          0          0
214              1248.00    0          0          0          0
215              1248.00    0          0          0          0
216              1248.00    0          0          0          0
217              1248.00    0          0          0          0
218              1248.00    0          0          0          0
219              1248.00    0          0          0          0
220              1248.00    0          0          0          0
221              1248.00    0          0          0          0
222              1248.00    0          0          0          0
223              1248.00    0          0          0          0
224              1248.00    0          0          0          0
225              1248.00    0          0          0          0
226              1248.00    0          0          0          0
227              1248.00    0          0          0          0
228              1248.00    0          0          0          0
229              1248.00    0          0          0          0
230              1248.00    0          0          0          0
231              1248.00    0          0          0          0
232              1248.00    0          0          0          0
233              1248.00    0          0          0          0
234              1248.00    0          0          0          0
235              1248.00    0          0          0          0
236              1248.00    0          0          0          0
285              1248.00    0          0          0          0
286              1248.00    0          0          0          0
287              1248.00    0          0          0          0
291              1248.00    0          0          0          0
292              1248.00    0          0          0          0
293              1248.00    0          0          0          0
294              1248.00    0          0          0          0
295              1248.00    0          0          0          0
296              1248.00    0          0          0          0
297              1248.00    0          0          0          0
298              1248.00    0          0          0          0
299              1248.00    0          0          0          0
300              1248.00    0          0          0          0
301              1248.00    0          0          0          0
304              1318.88    0          0          0          0
305              1318.88    0          0          0          0
306              1318.88    0          0          0          0
307              1318.88    0          0          0          0
308              1318.88    0          0          0          0
309              1318.88    0          0          0          0
310              1318.88    0          0          0          0
311              1318.88    0          0          0          0
312              1318.88    0          0          0          0
313              1318.88    0          0          0          0
314              1318.88    0          0          0          0
315              1318.88    0          0          0          0
316              1318.88    0          0          0          0
317              1318.88    0          0          0          0
318              1318.88    0          0          0          0

[STORAGE]
;;Name           Elev       MaxDepth   InitDepth  Shape      Curve/Params
;;-------------- ---------- ---------- ---------- ---------- ----------
13               980.80     0          23.00      FUNCTIONAL 113.10 0          0
14               1125.00    -1.73      0          FUNCTIONAL 113.10 0          0
23               1139.24    0          0          FUNCTIONAL 113.10 0          0
46               1258.00    0          0          FUNCTIONAL 201.06 0          0
47               1258.00    -12.00     0          FUNCTIONAL 24.63 0          0
55               1258.00    -12.00     0          FUNCTIONAL 24.63 0          0
302              1266.00    0          0          FUNCTIONAL 113.10 0          0
303              1318.88    0          0          FUNCTIONAL 113.10 0          0

[CONDUITS]
;;Name           From             To               Length     Roughness  InOffset   OutOffset  InitFlow   MaxFlow
;;-------------- ---------------- ---------------- ---------- ---------- ---------- ---------- ---------- ----------
24               1                2                70.30      0.0140     948.35     947.76     0          0
25               2                3                70.45      0.0140     947.76     947.16     0          0
26               3                4                70.45      0.0140     947.16     946.56     0          0
27               4                5                122.00     0.0140     946.56     944.37     0          0
28               5                6                100.00     0.0140     944.37     942.57     0          0
29               6                7                100.00     0.0140     942.57     940.78     0          0
30               7                8                100.00     0.0140     940.78     938.98     0          0
31               8                9                100.00     0.0140     938.98     937.18     0          0
32               9                10               100.00     0.0140     937.18     935.39     0          0
33               10               11               100.00     0.0140     935.39     933.59     0          0
34               11               12               100.00     0.0140     933.59     931.80     0          0
35               12               13               100.00     0.0140     931.80     930.00     0          0
37               14               15               209.81     0.0140     1077.40    1075.71    0          0
38               15               16               209.81     0.0140     1075.71    1074.02    0          0
39               16               17               209.81     0.0140     1074.02    1072.33    0          0
40               17               18               209.81     0.0140     1072.33    1070.64    0          0
41               18               19               209.81     0.0140     1070.64    1068.95    0          0
42               19               20               209.81     0.0140     1068.95    1067.27    0          0
43               20               21               209.81     0.0140     1067.27    1065.58    0          0
44               21               22               209.81     0.0140     1065.58    1063.89    0          0
45               22               23               209.81     0.0140     1063.89    1062.20    0          0
49               46               47               321.85     0.0140     1227.20    1226.88    0          0
63               47               50               250.00     0.0140     1240.00    1240.13    0          0
64               50               51               255.05     0.0140     1240.13    1240.25    0          0
65               51               52               346.00     0.0140     1240.25    1240.42    0          0
66               52               53               222.75     0.0140     1240.42    1240.54    0          0
67               53               54               222.75     0.0140     1240.54    1240.65    0          0
68               55               56               250.48     0.0140     1240.00    1240.13    0          0
69               56               57               300.95     0.0140     1240.13    1240.28    0          0
70               57               58               300.95     0.0140     1240.28    1240.42    0          0
71               58               59               90.00      0.0140     1240.42    1240.47    0          0
72               59               60               173.13     0.0140     1240.47    1240.56    0          0
73               60               61               173.13     0.0140     1240.56    1240.64    0          0
74               50               56               42.30      0.0140     1240.13    1240.13    0          0
75               52               58               80.00      0.0140     1240.42    1240.42    0          0
76               59               62               358.19     0.0140     1240.47    1240.65    0          0
80               55               77               200.00     0.0140     1235.81    1235.67    0          0
81               77               78               200.00     0.0140     1235.67    1235.54    0          0
82               78               79               200.00     0.0140     1235.54    1235.40    0          0
100              79               83               200.00     0.0140     1235.40    1235.27    0          0
101              83               84               200.00     0.0140     1235.27    1235.13    0          0
102              84               85               200.00     0.0140     1235.13    1235.00    0          0
103              85               86               200.00     0.0140     1235.50    1235.37    0          0
104              86               87               200.00     0.0140     1235.37    1235.23    0          0
105              87               88               200.00     0.0140     1235.23    1235.10    0          0
106              88               89               200.00     0.0140     1235.10    1234.96    0          0
107              89               90               200.00     0.0140     1234.96    1234.83    0          0
108              90               91               200.00     0.0140     1234.83    1234.70    0          0
109              91               92               200.00     0.0140     1234.70    1234.56    0          0
110              92               93               200.00     0.0140     1234.56    1234.43    0          0
111              93               94               200.00     0.0140     1234.43    1234.30    0          0
112              94               95               200.00     0.0140     1234.30    1234.16    0          0
113              95               96               200.00     0.0140     1234.16    1234.03    0          0
114              96               97               200.00     0.0140     1234.03    1233.89    0          0
115              97               98               200.00     0.0140     1233.89    1233.76    0          0
116              98               99               200.00     0.0140     1233.76    1233.63    0          0
130              99               117              200.00     0.0140     1233.63    1233.49    0          0
131              117              118              200.00     0.0140     1233.49    1233.36    0          0
132              118              119              200.00     0.0140     1233.36    1233.22    0          0
133              119              120              200.00     0.0140     1233.22    1233.09    0          0
134              120              121              200.00     0.0140     1233.09    1232.95    0          0
135              121              122              200.00     0.0140     1232.95    1232.82    0          0
136              122              123              200.00     0.0140     1232.82    1232.69    0          0
137              123              124              200.00     0.0140     1232.69    1232.55    0          0
138              124              125              200.00     0.0140     1232.55    1232.42    0          0
139              125              126              200.00     0.0140     1232.42    1232.29    0          0
140              126              127              200.00     0.0140     1232.29    1232.15    0          0
141              127              128              200.00     0.0140     1232.15    1232.02    0          0
142              128              129              200.00     0.0140     1232.02    1231.88    0          0
144              129              143              200.00     0.0140     1232.02    1231.88    0          0
154              143              145              200.00     0.0140     1231.88    1231.75    0          0
155              145              146              200.00     0.0140     1231.75    1231.62    0          0
156              146              147              200.00     0.0140     1231.62    1231.48    0          0
157              147              148              200.00     0.0140     1231.48    1231.35    0          0
158              148              149              200.00     0.0140     1231.35    1231.21    0          0
159              149              150              200.00     0.0140     1231.21    1231.08    0          0
160              150              151              200.00     0.0140     1231.08    1230.94    0          0
161              151              152              200.00     0.0140     1230.94    1230.81    0          0
162              152              153              200.00     0.0140     1230.81    1230.68    0          0
164              153              163              373.48     0.0140     1230.68    1230.43    0          0
166              163              165              68.00      0.0140     1230.43    1230.38    0          0
177              165              167              267.30     0.0140     1230.38    1230.20    0          0
178              167              168              267.30     0.0140     1230.20    1230.03    0          0
179              168              169              267.30     0.0140     1230.03    1229.85    0          0
180              169              170              267.30     0.0140     1229.85    1229.67    0          0
181              170              171              267.30     0.0140     1229.67    1229.49    0          0
182              171              172              267.30     0.0140     1229.49    1229.31    0          0
183              172              173              267.30     0.0140     1229.31    1229.13    0          0
184              173              174              267.30     0.0140     1229.13    1228.96    0          0
185              174              175              267.30     0.0140     1228.96    1228.78    0          0
186              175              176              267.30     0.0140     1228.78    1228.60    0          0
188              176              187              90.00      0.0140     1228.60    1228.54    0          0
237              187              189              253.58     0.0140     1228.54    1228.37    0          0
238              189              190              253.58     0.0140     1228.37    1228.20    0          0
239              190              191              253.58     0.0140     1228.20    1228.03    0          0
240              191              192              253.58     0.0140     1228.03    1227.86    0          0
241              192              193              253.58     0.0140     1227.86    1227.69    0          0
242              193              194              253.58     0.0140     1227.69    1227.53    0          0
243              194              195              253.58     0.0140     1227.53    1227.36    0          0
244              195              196              253.58     0.0140     1227.36    1227.19    0          0
245              196              197              253.58     0.0140     1227.19    1227.02    0          0
246              197              198              253.58     0.0140     1227.02    1226.85    0          0
247              198              199              253.58     0.0140     1226.85    1226.68    0          0
248              199              200              253.58     0.0140     1226.68    1226.51    0          0
249              200              201              253.58     0.0140     1226.51    1226.34    0          0
250              201              202              253.58     0.0140     1226.34    1226.17    0          0
251              202              203              253.58     0.0140     1226.17    1226.01    0          0
252              203              204              253.58     0.0140     1226.01    1225.84    0          0
253              204              205              253.58     0.0140     1225.84    1225.67    0          0
254              205              206              253.58     0.0140     1225.67    1225.50    0          0
255              206              207              253.58     0.0140     1225.50    1225.33    0          0
256              207              208              253.58     0.0140     1225.33    1225.16    0          0
257              208              209              253.58     0.0140     1225.16    1224.99    0          0
258              209              210              253.58     0.0140     1224.99    1224.82    0          0
259              210              211              253.58     0.0140     1224.82    1224.65    0          0
260              211              212              253.58     0.0140     1224.65    1224.48    0          0
261              212              213              253.58     0.0140     1224.48    1224.31    0          0
262              213              214              253.58     0.0140     1224.31    1224.14    0          0
263              214              215              253.58     0.0140     1224.14    1223.98    0          0
264              215              216              253.58     0.0140     1223.98    1223.81    0          0
265              216              217              253.58     0.0140     1223.81    1223.64    0          0
266              217              218              253.58     0.0140     1223.64    1223.47    0          0
267              218              219              253.58     0.0140     1223.47    1223.30    0          0
268              219              220              253.58     0.0140     1223.30    1223.13    0          0
269              220              221              253.58     0.0140     1223.13    1222.96    0          0
270              221              222              253.58     0.0140     1222.96    1222.79    0          0
271              222              223              253.58     0.0140     1222.79    1222.62    0          0
272              223              224              253.58     0.0140     1222.62    1222.45    0          0
273              224              225              253.58     0.0140     1222.45    1222.29    0          0
274              225              226              253.58     0.0140     1222.29    1222.12    0          0
275              226              227              253.58     0.0140     1222.12    1221.95    0          0
276              227              228              253.58     0.0140     1221.95    1221.78    0          0
277              228              229              253.58     0.0140     1221.78    1221.61    0          0
278              229              230              253.58     0.0140     1221.61    1221.44    0          0
279              230              231              253.58     0.0140     1221.44    1221.27    0          0
280              231              232              253.58     0.0140     1221.27    1221.10    0          0
281              232              233              253.58     0.0140     1221.10    1220.93    0          0
282              233              234              253.58     0.0140     1220.93    1220.76    0          0
283              234              235              253.58     0.0140     1220.76    1220.60    0          0
284              235              236              253.58     0.0140     1220.60    1220.43    0          0
288              236              285              335.00     0.0140     1220.43    1220.20    0          0
289              285              286              217.00     0.0140     1220.20    1220.06    0          0
290              286              287              57.00      0.0140     1220.06    1220.02    0          0
320              287              291              79.97      0.0140     1220.02    1219.97    0          0
321              291              292              300.00     0.0140     1219.97    1219.77    0          0
322              292              293              700.00     0.0140     1219.77    1219.30    0          0
323              293              294              700.00     0.0140     1219.30    1218.83    0          0
324              294              295              700.00     0.0140     1218.83    1218.37    0          0
325              295              296              700.00     0.0140     1218.37    1217.90    0          0
326              296              297              700.00     0.0140     1217.90    1217.43    0          0
327              297              298              700.00     0.0140     1217.43    1216.97    0          0
328              298              299              700.00     0.0140     1216.97    1216.50    0          0
329              299              300              700.00     0.0140     1216.50    1216.03    0          0
330              300              301              700.00     0.0140     1216.03    1215.57    0          0
331              301              302              700.00     0.0140     1215.57    1215.10    0          0
333              303              304              667.00     0.0140     1288.87    1288.43    0          0
334              304              305              667.00     0.0140     1288.43    1287.98    0          0
335              305              306              667.00     0.0140     1287.98    1287.54    0          0
336              306              307              667.00     0.0140     1287.54    1287.09    0          0
337              307              308              667.00     0.0140     1287.09    1286.65    0          0
338              308              309              667.00     0.0140     1286.65    1286.20    0          0
339              309              310              667.00     0.0140     1286.20    1285.76    0          0
340              310              311              667.00     0.0140     1285.76    1285.32    0          0
341              311              312              667.00     0.0140     1285.32    1284.87    0          0
342              312              313              667.00     0.0140     1284.87    1284.43    0          0
343              313              314              667.00     0.0140     1284.43    1283.98    0          0
344              314              315              667.00     0.0140     1283.98    1283.54    0          0
345              315              316              667.00     0.0140     1283.54    1283.09    0          0
346              316              317              667.00     0.0140     1283.09    1282.65    0          0
347              317              318              667.00     0.0140     1282.65    1282.20    0          0

[PUMPS]
;;Name           From             To               PumpCurve  Status   Startup    Shutoff
;;-------------- ---------------- ---------------- ---------- -------- ---------- ----------
gtlp11           gtlp12           gtlp13           *          ON       0          0         
gtlp21           gtlp22           gtlp23           *          ON       0          0         
gtlps31          gtlps32          gtlps33          *          ON       0          0         

[XSECTIONS]
;;Link           Shape        Geom1      Geom2      Geom3      Geom4      Barrels
;;-------------- ------------ ---------- ---------- ---------- ---------- ----------
24               CIRCULAR     4.00       0          0          0          1
25               CIRCULAR     4.00       0          0          0          1
26               CIRCULAR     4.00       0          0          0          1
27               CIRCULAR     5.60       0          0          0          1
28               CIRCULAR     5.60       0          0          0          1
29               CIRCULAR     5.60       0          0          0          1
30               CIRCULAR     5.60       0          0          0          1
31               CIRCULAR     5.60       0          0          0          1
32               CIRCULAR     5.60       0          0          0          1
33               CIRCULAR     5.60       0          0          0          1
34               CIRCULAR     5.60       0          0          0          1
35               CIRCULAR     5.60       0          0          0          1
37               CIRCULAR     5.60       0          0          0          1
38               CIRCULAR     5.60       0          0          0          1
39               CIRCULAR     5.60       0          0          0          1
40               CIRCULAR     5.60       0          0          0          1
41               CIRCULAR     5.60       0          0          0          1
42               CIRCULAR     5.60       0          0          0          1
43               CIRCULAR     5.60       0          0          0          1
44               CIRCULAR     5.60       0          0          0          1
45               CIRCULAR     5.60       0          0          0          1
49               CIRCULAR     5.60       0          0          0          1
63               HORSESHOE    6.00       0          0          0          1
64               HORSESHOE    6.00       0          0          0          1
65               HORSESHOE    6.00       0          0          0          1
66               HORSESHOE    6.00       0          0          0          1
67               HORSESHOE    6.00       0          0          0          1
68               HORSESHOE    6.00       0          0          0          1
69               HORSESHOE    6.00       0          0          0          1
70               HORSESHOE    6.00       0          0          0          1
71               HORSESHOE    6.00       0          0          0          1
72               HORSESHOE    6.00       0          0          0          1
73               HORSESHOE    6.00       0          0          0          1
74               HORSESHOE    6.00       0          0          0          1
75               HORSESHOE    6.00       0          0          0          1
76               HORSESHOE    6.00       0          0          0          1
80               CIRCULAR     5.60       0          0          0          1
81               CIRCULAR     5.60       0          0          0          1
82               CIRCULAR     5.60       0          0          0          1
100              CIRCULAR     5.60       0          0          0          1
101              CIRCULAR     5.60       0          0          0          1
102              CIRCULAR     5.60       0          0          0          1
103              CIRCULAR     5.60       0          0          0          1
104              CIRCULAR     5.60       0          0          0          1
105              CIRCULAR     5.60       0          0          0          1
106              CIRCULAR     5.60       0          0          0          1
107              CIRCULAR     5.60       0          0          0          1
108              CIRCULAR     5.60       0          0          0          1
109              CIRCULAR     5.60       0          0          0          1
110              CIRCULAR     5.60       0          0          0          1
111              CIRCULAR     5.60       0          0          0          1
112              CIRCULAR     5.60       0          0          0          1
113              CIRCULAR     5.60       0          0          0          1
114              CIRCULAR     5.60       0          0          0          1
115              CIRCULAR     5.60       0          0          0          1
116              CIRCULAR     5.60       0          0          0          1
130              CIRCULAR     5.60       0          0          0          1
131              CIRCULAR     5.60       0          0          0          1
132              CIRCULAR     5.60       0          0          0          1
133              CIRCULAR     5.60       0          0          0          1
134              CIRCULAR     5.60       0          0          0          1
135              CIRCULAR     5.60       0          0          0          1
136              CIRCULAR     5.60       0          0          0          1
137              CIRCULAR     5.60       0          0          0          1
138              CIRCULAR     5.60       0          0          0          1
139              CIRCULAR     5.60       0          0          0          1
140              CIRCULAR     5.60       0          0          0          1
141              CIRCULAR     5.60       0          0          0          1
142              CIRCULAR     5.60       0          0          0          1
144              CIRCULAR     5.60       0          0          0          1
154              CIRCULAR     5.60       0          0          0          1
155              CIRCULAR     5.60       0          0          0          1
156              CIRCULAR     5.60       0          0          0          1
157              CIRCULAR     5.60       0          0          0          1
158              CIRCULAR     5.60       0          0          0          1
159              CIRCULAR     5.60       0          0          0          1
160              CIRCULAR     5.60       0          0          0          1
161              CIRCULAR     5.60       0          0          0          1
162              CIRCULAR     5.60       0          0          0          1
164              CIRCULAR     5.60       0          0          0          1
166              RECT_CLOSED  4.95       5.00       0          0          1
177              CIRCULAR     5.60       0          0          0          1
178              CIRCULAR     5.60       0          0          0          1
179              CIRCULAR     5.60       0          0          0          1
180              CIRCULAR     5.60       0          0          0          1
181              CIRCULAR     5.60       0          0          0          1
182              CIRCULAR     5.60       0          0          0          1
183              CIRCULAR     5.60       0          0          0          1
184              CIRCULAR     5.60       0          0          0          1
185              CIRCULAR     5.60       0          0          0          1
186              CIRCULAR     5.60       0          0          0          1
188              RECT_CLOSED  4.95       5.00       0          0          1
237              CIRCULAR     5.60       0          0          0          1
238              CIRCULAR     5.60       0          0          0          1
239              CIRCULAR     5.60       0          0          0          1
240              CIRCULAR     5.60       0          0          0          1
241              CIRCULAR     5.60       0          0          0          1
242              CIRCULAR     5.60       0          0          0          1
243              CIRCULAR     5.60       0          0          0          1
244              CIRCULAR     5.60       0          0          0          1
245              CIRCULAR     5.60       0          0          0          1
246              CIRCULAR     5.60       0          0          0          1
247              CIRCULAR     5.60       0          0          0          1
248              CIRCULAR     5.60       0          0          0          1
249              CIRCULAR     5.60       0          0          0          1
250              CIRCULAR     5.60       0          0          0          1
251              CIRCULAR     5.60       0          0          0          1
252              CIRCULAR     5.60       0          0          0          1
253              CIRCULAR     5.60       0          0          0          1
254              CIRCULAR     5.60       0          0          0          1
255              CIRCULAR     5.60       0          0          0          1
256              CIRCULAR     5.60       0          0          0          1
257              CIRCULAR     5.60       0          0          0          1
258              CIRCULAR     5.60       0          0          0          1
259              CIRCULAR     5.60       0          0          0          1
260              CIRCULAR     5.60       0          0          0          1
261              CIRCULAR     5.60       0          0          0          1
262              CIRCULAR     5.60       0          0          0          1
263              CIRCULAR     5.60       0          0          0          1
264              CIRCULAR     5.60       0          0          0          1
265              CIRCULAR     5.60       0          0          0          1
266              CIRCULAR     5.60       0          0          0          1
267              CIRCULAR     5.60       0          0          0          1
268              CIRCULAR     5.60       0          0          0          1
269              CIRCULAR     5.60       0          0          0          1
270              CIRCULAR     5.60       0          0          0          1
271              CIRCULAR     5.60       0          0          0          1
272              CIRCULAR     5.60       0          0          0          1
273              CIRCULAR     5.60       0          0          0          1
274              CIRCULAR     5.60       0          0          0          1
275              CIRCULAR     5.60       0          0          0          1
276              CIRCULAR     5.60       0          0          0          1
277              CIRCULAR     5.60       0          0          0          1
278              CIRCULAR     5.60       0          0          0          1
279              CIRCULAR     5.60       0          0          0          1
280              CIRCULAR     5.60       0          0          0          1
281              CIRCULAR     5.60       0          0          0          1
282              CIRCULAR     5.60       0          0          0          1
283              CIRCULAR     5.60       0          0          0          1
284              CIRCULAR     5.60       0          0          0          1
288              RECT_CLOSED  4.95       5.00       0          0          1
289              CIRCULAR     5.60       0          0          0          1
290              RECT_CLOSED  4.95       5.00       0          0          1
320              CIRCULAR     5.60       0          0          0          1
321              CIRCULAR     5.60       0          0          0          1
322              CIRCULAR     5.60       0          0          0          1
323              CIRCULAR     5.60       0          0          0          1
324              CIRCULAR     5.60       0          0          0          1
325              CIRCULAR     5.60       0          0          0          1
326              CIRCULAR     5.60       0          0          0          1
327              CIRCULAR     5.60       0          0          0          1
328              CIRCULAR     5.60       0          0          0          1
329              CIRCULAR     5.60       0          0          0          1
330              CIRCULAR     5.60       0          0          0          1
331              CIRCULAR     5.60       0          0          0          1
333              CIRCULAR     5.60       0          0          0          1
334              CIRCULAR     5.60       0          0          0          1
335              CIRCULAR     5.60       0          0          0          1
336              CIRCULAR     5.60       0          0          0          1
337              CIRCULAR     5.60       0          0          0          1
338              CIRCULAR     5.60       0          0          0          1
339              CIRCULAR     5.60       0          0          0          1
340              CIRCULAR     5.60       0          0          0          1
341              CIRCULAR     5.60       0          0          0          1
342              CIRCULAR     5.60       0          0          0          1
343              CIRCULAR     5.60       0          0          0          1
344              CIRCULAR     5.60       0          0          0          1
345              CIRCULAR     5.60       0          0          0          1
346              CIRCULAR     5.60       0          0          0          1
347              CIRCULAR     5.60       0          0          0          1

[LOSSES]
;;Link           Inlet      Outlet     Average    Flap Gate
;;-------------- ---------- ---------- ---------- ----------
24               0          0          0          NO
25               0          0          0          NO
26               0          0          0          NO
27               0          0          0          NO
28               0          0          0          NO
29               0          0          0          NO
30               0          0          0          NO
31               0          0          0          NO
32               0          0          0          NO
33               0          0          0          NO
34               0          0          0          NO
35               0          0          0          NO
37               0          0          0          NO
38               0          0          0          NO
39               0          0          0          NO
40               0          0          0          NO
41               0          0          0          NO
42               0          0          0          NO
43               0          0          0          NO
44               0          0          0          NO
45               0          0          0          NO
49               0          0          0          NO
63               0          0          0          NO
64               0          0          0          NO
65               0          0          0          NO
66               0          0          0          NO
67               0          0          0          NO
68               0          0          0          NO
69               0          0          0          NO
70               0          0          0          NO
71               0          0          0          NO
72               0          0          0          NO
73               0          0          0          NO
74               0          0          0          NO
75               0          0          0          NO
76               0          0          0          NO
80               0          0          0          NO
81               0          0          0          NO
82               0          0          0          NO
100              0          0          0          NO
101              0          0          0          NO
102              0          0          0          NO
103              0          0          0          NO
104              0          0          0          NO
105              0          0          0          NO
106              0          0          0          NO
107              0          0          0          NO
108              0          0          0          NO
109              0          0          0          NO
110              0          0          0          NO
111              0          0          0          NO
112              0          0          0          NO
113              0          0          0          NO
114              0          0          0          NO
115              0          0          0          NO
116              0          0          0          NO
130              0          0          0          NO
131              0          0          0          NO
132              0          0          0          NO
133              0          0          0          NO
134              0          0          0          NO
135              0          0          0          NO
136              0          0          0          NO
137              0          0          0          NO
138              0          0          0          NO
139              0          0          0          NO
140              0          0          0          NO
141              0          0          0          NO
142              0          0          0          NO
144              0          0          0          NO
154              0          0          0          NO
155              0          0          0          NO
156              0          0          0          NO
157              0          0          0          NO
158              0          0          0          NO
159              0          0          0          NO
160              0          0          0          NO
161              0          0          0          NO
162              0          0          0          NO
164              0          0          0          NO
166              0          0          0          NO
177              0          0          0          NO
178              0          0          0          NO
179              0          0          0          NO
180              0          0          0          NO
181              0          0          0          NO
182              0          0          0          NO
183              0          0          0          NO
184              0          0          0          NO
185              0          0          0          NO
186              0          0          0          NO
188              0          0          0          NO
237              0          0          0          NO
238              0          0          0          NO
239              0          0          0          NO
240              0          0          0          NO
241              0          0          0          NO
242              0          0          0          NO
243              0          0          0          NO
244              0          0          0          NO
245              0          0          0          NO
246              0          0          0          NO
247              0          0          0          NO
248              0          0          0          NO
249              0          0          0          NO
250              0          0          0          NO
251              0          0          0          NO
252              0          0          0          NO
253              0          0          0          NO
254              0          0          0          NO
255              0          0          0          NO
256              0          0          0          NO
257              0          0          0          NO
258              0          0          0          NO
259              0          0          0          NO
260              0          0          0          NO
261              0          0          0          NO
262              0          0          0          NO
263              0          0          0          NO
264              0          0          0          NO
265              0          0          0          NO
266              0          0          0          NO
267              0          0          0          NO
268              0          0          0          NO
269              0          0          0          NO
270              0          0          0          NO
271              0          0          0          NO
272              0          0          0          NO
273              0          0          0          NO
274              0          0          0          NO
275              0          0          0          NO
276              0          0          0          NO
277              0          0          0          NO
278              0          0          0          NO
279              0          0          0          NO
280              0          0          0          NO
281              0          0          0          NO
282              0          0          0          NO
283              0          0          0          NO
284              0          0          0          NO
288              0          0          0          NO
289              0          0          0          NO
290              0          0          0          NO
320              0          0          0          NO
321              0          0          0          NO
322              0          0          0          NO
323              0          0          0          NO
324              0          0          0          NO
325              0          0          0          NO
326              0          0          0          NO
327              0          0          0          NO
328              0          0          0          NO
329              0          0          0          NO
330              0          0          0          NO
331              0          0          0          NO
333              0          0          0          NO
334              0          0          0          NO
335              0          0          0          NO
336              0          0          0          NO
337              0          0          0          NO
338              0          0          0          NO
339              0          0          0          NO
340              0          0          0          NO
341              0          0          0          NO
342              0          0          0          NO
343              0          0          0          NO
344              0          0          0          NO
345              0          0          0          NO
346              0          0          0          NO
347              0          0          0          NO

[COORDINATES]
;;Node           X-Coord            Y-Coord
;;-------------- ------------------ ------------------
1                30.85              4.33              
2                30.85              18.88             
3                30.85              32.25             
4                32.27              46.02             
5                33.69              60.96             
6                34.17              76.30             
7                33.69              92.43             
8                33.69              108.16            
9                33.69              123.11            
10               34.17              136.48            
11               33.69              152.21            
12               32.74              169.12            
13               33.22              188.40            
14               50.77              188.40            
15               50.30              172.27            
16               51.25              154.57            
17               51.72              138.44            
18               52.19              121.14            
19               52.67              104.23            
20               51.72              89.28             
21               52.67              70.40             
22               52.67              53.10             
23               53.14              33.82             
46               72.59              33.04             
47               72.59              50.34             
50               84.93              50.34             
51               97.26              50.34             
52               109.60             50.74             
53               123.35             50.74             
54               134.74             50.74             
55               72.12              67.65             
56               85.88              67.65             
57               98.68              67.65             
58               111.97             67.65             
59               123.83             66.86             
60               134.74             66.86             
61               147.55             66.86             
62               124.30             83.77             
77               72.12              84.95             
78               72.59              103.44            
79               72.59              122.32            
83               74.02              136.08            
84               74.02              151.42            
85               73.54              167.55            
86               72.59              183.28            
87               91.57              183.68            
88               91.57              166.37            
89               90.15              150.24            
90               90.15              134.91            
91               89.20              120.35            
92               89.67              102.26            
93               107.22             101.87            
94               108.17             120.35            
95               108.17             135.30            
96               108.65             151.82            
97               106.75             167.94            
98               106.75             185.64            
99               123.83             186.04            
117              123.35             168.34            
118              122.40             151.82            
119              124.30             135.69            
120              124.30             119.96            
121              123.35             100.29            
122              137.11             99.51             
123              138.06             119.96            
124              138.06             136.48            
125              138.06             153.00            
126              136.64             169.12            
127              137.58             186.43            
128              150.87             186.43            
129              151.34             168.73            
143              151.34             153.78            
145              151.34             137.66            
146              150.87             120.75            
147              150.39             99.51             
148              164.15             99.51             
149              164.15             120.75            
150              165.10             139.62            
151              164.62             155.36            
152              164.62             170.70            
153              164.15             187.61            
163              176.96             187.61            
165              176.96             171.09            
167              176.48             154.96            
168              176.48             138.84            
169              177.43             121.93            
170              176.48             103.05            
171              177.43             83.77             
172              177.43             66.08             
173              177.43             47.59             
174              177.91             28.32             
175              177.91             11.80             
176              192.61             12.19             
187              193.09             28.32             
189              193.75             45.23             
190              193.28             62.54             
191              192.80             79.84             
192              192.80             98.72             
193              192.80             115.24            
194              192.33             132.55            
195              191.38             151.82            
196              191.38             169.91            
197              190.43             185.25            
198              204.66             187.22            
199              203.71             171.48            
200              203.24             157.32            
201              204.19             140.41            
202              204.66             124.29            
203              204.19             108.95            
204              204.19             94.39             
205              204.19             78.66             
206              204.66             63.72             
207              204.19             46.80             
208              203.71             31.07             
209              203.71             14.55             
210              215.10             14.16             
211              216.52             30.68             
212              218.42             47.98             
213              217.94             65.29             
214              217.00             81.02             
215              217.00             97.15             
216              216.52             113.27            
217              216.52             128.61            
218              216.52             146.31            
219              216.52             160.47            
220              216.52             175.81            
221              216.52             189.97            
222              230.75             189.57            
223              230.28             175.81            
224              229.80             159.68            
225              230.28             145.52            
226              228.86             128.61            
227              230.28             113.27            
228              230.28             96.75             
229              230.28             79.84             
230              230.75             63.32             
231              231.23             47.59             
232              230.28             30.28             
233              229.80             15.34             
234              244.04             15.34             
235              244.04             30.28             
236              244.98             47.98             
285              244.42             61.17             
286              243.95             75.72             
287              243.95             90.27             
291              243.95             104.43            
292              243.95             117.80            
293              243.00             133.14            
294              243.47             146.12            
295              243.00             161.85            
296              243.00             174.83            
297              243.00             190.17            
298              255.81             190.96            
299              255.81             175.62            
300              257.23             161.07            
301              258.18             145.73            
302              258.18             131.96            
303              258.18             116.62            
304              258.18             102.07            
305              258.18             87.91             
306              258.18             71.00             
307              258.18             56.05             
308              258.18             40.32             
309              257.23             23.02             
310              256.76             7.68              
311              270.04             6.89              
312              270.99             23.02             
313              270.99             39.93             
314              270.99             55.66             
315              270.99             71.79             
316              271.46             87.52             
317              270.99             104.04            
318              270.99             119.38            

[MAP]
DIMENSIONS 30.85 4.33 271.46 190.96
Units      None

[REPORT]
INPUT            YES
SUBCATCHMENTS    ALL
NODES            ALL
LINKS            ALL



