;; SWMM5 .inp converted from XPSWMM .xp file
;; Generated by XPSWMM Card Reader
;; Source format: XP_CARD | Original title: SYMPHONY PLACE

[TITLE]
;;Project Title/Notes
SYMPHONY PLACE

[OPTIONS]
FLOW_UNITS           CFS
INFILTRATION         HORTON
FLOW_ROUTING         DYNWAVE
LINK_OFFSETS         DEPTH
MIN_SLOPE            0.0
ALLOW_PONDING        NO
SKIP_STEADY_STATE    NO
ROUTING_STEP         00:00:02
VARIABLE_STEP        0.75
INERTIAL_DAMPING     NONE
NORMAL_FLOW_LIMITED  BOTH
MAX_TRIALS           30

[JUNCTIONS]
;;Name           Elev       MaxDepth   InitDepth  SurDepth   Aponded
;;-------------- ---------- ---------- ---------- ---------- ----------
1010             90.50      0          0          0          0
1020             93.00      0          0          0          0
1055             99.00      0          0          0          0
1100             81.10      0          0          0          0
1160             82.10      0          0          0          0
1170             82.10      0          0          0          0
1110             88.90      0          0          0          0
1120             81.80      0          0          0          0
1130             81.80      0          0          0          0
1910             108.70     0          0          0          0
1440             115.00     0          0          0          0
1445             110.00     0          0          0          0
1505             90.00      0          0          0          0
1465             116.40     0          0          0          0
1515             109.00     0          0          0          0
1480             92.00      0          0          0          0
1840             130.00     0          0          0          0
1896             96.00      0          0          0          0
1885             99.50      0          0          0          0
1871             100.00     0          0          0          0
1865             119.50     0          0          0          0
1870             105.00     0          0          0          0
1846             149.00     0          0          0          0
1336             106.00     0          0          0          0
1740             97.00      0          0          0          0
1915             120.00     0          0          0          0
1900             141.00     0          0          0          0
1920             160.00     0          0          0          0
1340             190.00     0          0          0          0
1345             187.30     0          0          0          0
1350             168.00     0          0          0          0
1355             136.00     0          0          0          0
1364             142.00     0          0          0          0
1405             127.00     0          0          0          0
1561             172.00     0          0          0          0
1555             172.00     0          0          0          0
1376             175.00     0          0          0          0
1530             165.00     0          0          0          0
1535             165.00     0          0          0          0
1395             165.00     0          0          0          0
1540             149.30     0          0          0          0
1545             138.87     0          0          0          0
1550             132.85     0          0          0          0
1400             128.16     0          0          0          0
1556             125.19     0          0          0          0
1560             125.63     0          0          0          0
1410             120.00     0          0          0          0
1435             115.00     0          0          0          0
1815             135.00     0          0          0          0
1305             168.00     0          0          0          0
1306             160.00     0          0          0          0
1322             155.00     0          0          0          0
1327             140.00     0          0          0          0
1326             146.00     0          0          0          0
1330             129.50     0          0          0          0
1331             128.50     0          0          0          0
1321             150.00     0          0          0          0
1335             130.00     0          0          0          0
1690             137.00     0          0          0          0
1755             182.00     0          0          0          0
1750             160.00     0          0          0          0
1590             197.00     0          0          0          0
1600             141.00     0          0          0          0
1585             196.00     0          0          0          0
1575             110.00     0          0          0          0
1725             186.00     0          0          0          0
1720             170.00     0          0          0          0
1715             150.00     0          0          0          0
1760             150.00     0          0          0          0
1730             133.00     0          0          0          0
1675             119.00     0          0          0          0
1610             135.00     0          0          0          0
1621             155.00     0          0          0          0
1566             95.50      0          0          0          0
1525             93.20      0          0          0          0

[STORAGE]
;;Name           Elev       MaxDepth   InitDepth  Shape      Curve/Params
;;-------------- ---------- ---------- ---------- ---------- ----------
1140             98.00      -18.00     0          FUNCTIONAL 500.00 0          0
1050             99.00      -13.00     0          FUNCTIONAL 500.00 0          0
1070             99.00      -15.50     0          FUNCTIONAL 0 0          0
1080             85.00      0          0          FUNCTIONAL 0 0          0
1150             84.30      -4.30      0          FUNCTIONAL 500.00 0          0
1090             85.00      -5.00      0          FUNCTIONAL 500.00 0          0
1060             72.00      0          0          FUNCTIONAL 0 0          0
1470             88.00      0          6.40       FUNCTIONAL 0 0          0
1471             100.00     -12.00     0          FUNCTIONAL 43560.00 0          0
1021             92.00      0          0          FUNCTIONAL 0 0          0
1905             108.70     -2.70      0          FUNCTIONAL 40000.00 0          0
1904             117.00     0          0          FUNCTIONAL 160000.00 0          0
1425             169.00     0          0          FUNCTIONAL 0 0          0
1365             142.00     0          0          FUNCTIONAL 0 0          0
1360             127.00     -1.00      0          FUNCTIONAL 10000.00 0          0
1370             167.00     -1.00      0          FUNCTIONAL 0 0          0
1375             172.00     0          0          FUNCTIONAL 0 0          0
1380             167.00     -4.00      0          FUNCTIONAL 0 0          0
1390             184.00     0          0          FUNCTIONAL 0 0          0
1385             171.00     -2.00      0          FUNCTIONAL 0 0          0
1415             119.00     0          0          FUNCTIONAL 0 0          0
1420             115.00     0          0          FUNCTIONAL 0 0          0
1810             135.50     -1.00      0          FUNCTIONAL 0 0          0
1301             166.00     0          0          FUNCTIONAL 100.00 0          0
1310             155.00     0          0          FUNCTIONAL 0 0          0
1325             140.00     0          0          FUNCTIONAL 0 0          0
1605             101.50     0          0          FUNCTIONAL 10000.00 0          0
1580             180.00     0          0          FUNCTIONAL 0 0          0
1565             95.08      -0.08      0          FUNCTIONAL 0 0          0
1735             101.00     -6.00      0          FUNCTIONAL 100.00 0          0
1615             186.00     0          0          FUNCTIONAL 0 0          0
1620             155.00     0          0          FUNCTIONAL 0 0          0
1695             100.50     0          0          FUNCTIONAL 10000.00 0          0
1570             95.00      0          0          FUNCTIONAL 0 0          0
1700             95.00      0          0          FUNCTIONAL 0 0          0
1300             170.00     0          0          FUNCTIONAL 0 0          0
1320             150.00     0          0          FUNCTIONAL 0 0          0

[CONDUITS]
;;Name           From             To               Length     Roughness  InOffset   OutOffset  InitFlow   MaxFlow
;;-------------- ---------------- ---------------- ---------- ---------- ---------- ---------- ---------- ----------
3010             1010             1140             370.00     0          65.50      64.20      0          0
3020             1140             1050             400.00     0          64.20      62.00      0          0
3030             1020             1050             1750.00    0          80.20      62.00      0          0
3035             1050             1055             840.00     0          62.00      60.40      0          0
3040             1055             1070             900.00     0          60.40      60.00      0          0
3050             30500            1080             100.00     0.0350     0          1.00       0          0
3060             1080             1150             510.00     0          58.00      57.25      0          0
3070             1150             1090             510.00     0          57.25      55.50      0          0
3080             3090             3100             50.00      0.0250     1.50       1.90       0          0
3140             1100             1160             640.00     0          55.00      50.00      0          0
3150             1160             1170             350.00     0          50.00      48.00      0          0
3160             1170             1110             460.00     0          48.00      47.50      0          0
3170             1110             1120             100.00     0          47.50      47.30      0          0
3180             1120             1130             450.00     0          47.30      46.80      0          0
3190             1060             1070             100.00     0.0150     62.30      60.00      0          0
3272             32720            1471             50.00      0.0250     7.50       7.50       0          0
3273             3274             32740            50.00      0.0250     1.00       1.00       0          0
3275             32750            1910             69.00      0.0150     0          0          0          0
3278             1440             1445             400.00     0.0350     104.00     101.90     0          0
3279             1445             1470             1300.00    0.0350     101.90     71.00      0          0
3280             1505             1470             800.00     0.0550     83.60      71.00      0          0
3281             1465             1470             1450.00    0.0550     110.00     71.00      0          0
3282             1515             1470             1300.00    0.0550     104.00     71.00      0          0
3283             1480             1470             2300.00    0.0550     87.00      71.00      0          0
3287             1840             1896             2000.00    0.0650     123.50     94.50      0          0
3288             1910             1896             2000.00    0.0650     96.00      94.50      0          0
3289             1896             1021             800.00     0.0650     94.50      80.30      0          0
3292             1885             1010             2400.00    0.0650     69.00      65.50      0          0
3293             1471             1885             400.00     0          69.80      69.00      0          0
3294             1871             1471             425.00     0          70.00      69.80      0          0
3295             1865             1870             1130.00    0          80.00      76.00      0          0
3296             1846             1865             1860.00    0          112.00     80.00      0          0
3298             1336             1021             1500.00    0.0650     86.48      80.30      0          0
3299             1740             1870             1400.00    0.0650     89.00      76.00      0          0
3300             1915             1905             900.00     0.0650     116.00     96.70      0          0
3301             1900             1905             900.00     0.0650     137.00     96.70      0          0
3302             1870             1871             425.00     0          76.00      70.00      0          0
3304             1920             1910             1500.00    0.0650     150.00     96.00      0          0
3305             33050            1905             100.00     0.0200     0          0          0          0
102              1340             1345             150.00     0.0250     186.10     165.10     0          0
2030             1345             1350             400.00     0          165.10     148.00     0          0
304              1350             1355             510.00     0          148.00     127.00     0          0
2593             1365             1364             25.00      0.0100     134.00     133.00     0          0
9306             1364             1360             430.00     0.0130     133.00     118.96     0          0
406              1355             1360             640.00     0          127.00     118.96     0          0
609              6090             1405             50.00      0.0130     0          0          0          0
7125             1561             1365             720.00     0.0400     161.02     138.00     0          0
7072             1370             1555             50.00      0.0100     161.96     160.19     0          0
7273             1555             1376             300.00     0.0130     160.19     159.66     0          0
7373             73730            1376             50.00      0.0100     0          0          0          0
7374             1376             1380             345.00     0.0130     159.63     158.00     0          0
7475             1390             1385             350.00     0.0400     180.00     166.00     0          0
7508             1385             1380             70.00      0.0400     166.00     158.00     0          0
881              1530             1535             45.00      0.0130     153.80     152.63     0          0
8182             1535             1395             200.00     0.0130     152.63     146.93     0          0
8283             1395             1540             294.00     0.0130     146.88     142.90     0          0
8384             1540             1545             200.00     0.0130     140.42     133.37     0          0
8485             1545             1550             54.00      0.0130     130.07     128.26     0          0
8586             1550             1400             50.00      0.0130     125.58     123.83     0          0
8687             86870            1556             80.00      0.0130     0          0          0          0
8788             8789             87880            158.00     0.0130     0          0          0          0
8809             1560             1405             60.00      0.0130     119.23     118.76     0          0
910              1405             1410             460.00     0          118.76     111.00     0          0
1012             1410             1420             420.00     0          111.00     105.10     0          0
1230             12300            1435             74.00      0.0130     0          0          0          0
3099             1435             1440             200.00     0.1000     104.40     104.00     0          0
209              1810             1815             100.00     0.0130     129.00     128.50     0          0
3000             1815             1840             100.00     0.0130     128.50     123.50     0          0
1                1301             1305             365.00     0.0200     150.00     149.00     0          0
2                1305             1306             120.00     0.0200     149.00     144.50     0          0
3                1306             1310             500.00     0          144.50     132.24     0          0
4                1322             1325             420.00     0          132.24     117.80     0          0
5                1327             1326             84.00      0.0200     117.80     117.05     0          0
6                1326             1330             1000.00    0          117.05     103.17     0          0
7                1330             1331             60.00      0.0200     103.17     102.17     0          0
8                1321             1322             130.00     0.0140     144.00     132.24     0          0
9                1331             1335             780.00     0          102.17     88.00      0          0
10               1335             1336             60.00      0.0240     88.00      86.48      0          0
2006             1690             1605             250.00     0.0130     108.50     90.48      0          0
2015             1755             1750             1650.00    0          162.00     140.00     0          0
2016             1590             1755             750.00     0.0130     190.00     162.00     0          0
2021             1600             1565             1200.00    0.0250     132.98     88.60      0          0
2026             1585             1575             1800.00    0.0250     191.00     95.51      0          0
2027             1750             1575             500.00     0          140.00     95.51      0          0
2028             1575             1735             300.00     0.0150     97.66      90.00      0          0
2031             1615             1725             110.00     0.0130     176.00     172.05     0          0
2032             1725             1720             1000.00    0          172.05     160.50     0          0
2033             1715             1760             150.00     0.0130     141.50     139.00     0          0
2034             1760             1730             450.00     0.0130     139.00     121.50     0          0
2035             1720             1620             150.00     0.0130     160.50     142.50     0          0
2036             1730             1675             190.00     0.0130     121.50     108.57     0          0
2037             1675             1610             620.00     0.0130     108.57     94.56      0          0
2038             1610             1605             140.00     0.0130     94.56      90.48      0          0
2044             1621             1715             200.00     0.0130     142.50     141.50     0          0
2047             2048             1695             125.00     0.0130     0          0          0          0
2049             1695             1565             75.00      0.0150     89.76      85.00      0          0
2050             2051             1525             100.00     0.0130     0          0          0          0
2052             1525             1470             1700.00    0.0250     82.78      76.00      0          0
2053             1570             1565             20.00      0.0250     89.18      85.00      0          0
2055             1700             1565             60.00      0.0130     90.46      85.00      0          0
3001             1735             1740             400.00     0          92.45      89.00      0          0

[ORIFICES]
;;Name           From             To               Type       Offset     Qcoeff     Gated    CloseTime
;;-------------- ---------------- ---------------- ---------- ---------- ---------- -------- ----------
305              1425             1345             SIDE       163.00     0.650      NO       0
880              1380             1530             SIDE       158.00     0.650      NO       0
2014             1580             1755             SIDE       171.00     0.650      NO       0
MUL16            1300             1301             SIDE       0          0.650      NO       0
MUL17            1310             1322             SIDE       0          0.650      NO       0
MUL18            1325             1327             SIDE       0          0.650      NO       0
MUL19            1320             1321             SIDE       0          0.650      NO       0
MUL23            1565             1566             SIDE       0          0.650      NO       0
MUL24            1620             1621             SIDE       0          0.650      NO       0

[WEIRS]
;;Name           From             To               Type       CrestHt    Qcoeff     Gated    EndCon   EndCoeff   Surcharge
;;-------------- ---------------- ---------------- ---------- ---------- ---------- -------- -------- ---------- ----------
Link_1           ?                ?                TRANSVERSE 4.00       1.840      NO       0        0          YES
7071             70710            1561             TRANSVERSE 164.72     1.840      NO       0        0          YES
1112             11120            1420             TRANSVERSE 117.83     1.840      NO       0        0          YES
MUL27            1325             1326             TRANSVERSE 127.00     1.840      NO       0        0          YES

[XSECTIONS]
;;Link           Shape        Geom1      Geom2      Geom3      Geom4      Barrels
;;-------------- ------------ ---------- ---------- ---------- ---------- ----------
3010             IRREGULAR    0          0          0          0          1
3020             IRREGULAR    0          0          0          0          1
3030             IRREGULAR    0          0          0          0          1
3035             IRREGULAR    0          0          0          0          1
3040             IRREGULAR    0          0          0          0          1
3050             TRAPEZOIDAL  8.00       18.50      0          0          1
3060             IRREGULAR    0          0          0          0          1
3070             IRREGULAR    0          0          0          0          1
3080             CIRCULAR     5.00       0          0          0          1
3140             IRREGULAR    0          0          0          0          1
3150             IRREGULAR    0          0          0          0          1
3160             IRREGULAR    0          0          0          0          1
3170             IRREGULAR    0          0          0          0          1
3180             IRREGULAR    0          0          0          0          1
3190             CIRCULAR     2.00       0          0          0          1
3272             CIRCULAR     3.00       0          0          0          1
3273             CIRCULAR     2.00       0          0          0          1
3275             CIRCULAR     3.00       0          0          0          1
3278             TRAPEZOIDAL  8.00       20.00      0          0          1
3279             TRAPEZOIDAL  8.00       25.00      0          0          1
3280             TRAPEZOIDAL  6.00       25.00      0          0          1
3281             TRAPEZOIDAL  5.00       50.00      0          0          1
3282             TRAPEZOIDAL  5.00       50.00      0          0          1
3283             TRAPEZOIDAL  5.00       50.00      0          0          1
3287             TRAPEZOIDAL  1.50       200.00     0          0          1
3288             TRAPEZOIDAL  1.50       200.00     0          0          1
3289             TRAPEZOIDAL  1.50       200.00     0          0          1
3292             TRAPEZOIDAL  1.50       200.00     0          0          1
3293             IRREGULAR    0          0          0          0          1
3294             IRREGULAR    0          0          0          0          1
3295             IRREGULAR    0          0          0          0          1
3296             IRREGULAR    0          0          0          0          1
3298             TRAPEZOIDAL  1.50       200.00     0          0          1
3299             TRAPEZOIDAL  1.50       200.00     0          0          1
3300             TRAPEZOIDAL  4.00       30.00      0          0          1
3301             TRAPEZOIDAL  4.00       30.00      0          0          1
3302             IRREGULAR    0          0          0          0          1
3304             TRAPEZOIDAL  1.50       200.00     0          0          1
3305             CIRCULAR     1.00       0          0          0          1
102              RECT_CLOSED  3.00       4.00       0          0          1
2030             IRREGULAR    0          0          0          0          1
304              IRREGULAR    0          0          0          0          1
2593             CIRCULAR     3.50       0          0          0          1
9306             CIRCULAR     5.00       0          0          0          1
406              IRREGULAR    0          0          0          0          1
609              CIRCULAR     3.50       0          0          0          1
7125             TRAPEZOIDAL  4.00       5.00       0          0          1
7072             CIRCULAR     0.17       0          0          0          1
7273             CIRCULAR     3.00       0          0          0          1
7373             CIRCULAR     0.00       0          0          0          1
7374             CIRCULAR     3.00       0          0          0          1
7475             TRAPEZOIDAL  2.00       5.00       0          0          1
7508             TRAPEZOIDAL  2.00       5.00       0          0          1
881              CIRCULAR     2.00       0          0          0          1
8182             CIRCULAR     2.00       0          0          0          1
8283             CIRCULAR     2.00       0          0          0          1
8384             CIRCULAR     2.00       0          0          0          1
8485             CIRCULAR     2.00       0          0          0          1
8586             CIRCULAR     2.00       0          0          0          1
8687             CIRCULAR     3.00       0          0          0          1
8788             CIRCULAR     4.00       0          0          0          1
8809             CIRCULAR     3.00       0          0          0          1
910              IRREGULAR    0          0          0          0          1
1012             IRREGULAR    0          0          0          0          1
1230             CIRCULAR     3.00       0          0          0          1
3099             TRAPEZOIDAL  10.00      200.00     0          0          1
209              CIRCULAR     3.00       0          0          0          1
3000             RECT_CLOSED  5.00       15.00      0          0          1
1                CIRCULAR     3.00       0          0          0          1
2                CIRCULAR     3.00       0          0          0          1
3                IRREGULAR    0          0          0          0          1
4                IRREGULAR    0          0          0          0          1
5                CIRCULAR     3.50       0          0          0          1
6                IRREGULAR    0          0          0          0          1
7                CIRCULAR     5.00       0          0          0          1
8                CIRCULAR     1.50       0          0          0          1
9                IRREGULAR    0          0          0          0          1
10               CIRCULAR     11.30      0          0          0          1
2006             CIRCULAR     4.50       0          0          0          1
2015             IRREGULAR    0          0          0          0          1
2016             CIRCULAR     3.00       0          0          0          1
2021             TRAPEZOIDAL  4.00       10.00      0          0          1
2026             TRAPEZOIDAL  4.00       4.00       0          0          1
2027             IRREGULAR    0          0          0          0          1
2028             TRAPEZOIDAL  2.75       25.00      0          0          1
2031             CIRCULAR     2.50       0          0          0          1
2032             IRREGULAR    0          0          0          0          1
2033             CIRCULAR     5.00       0          0          0          1
2034             CIRCULAR     5.00       0          0          0          1
2035             CIRCULAR     5.00       0          0          0          1
2036             CIRCULAR     5.00       0          0          0          1
2037             CIRCULAR     5.00       0          0          0          1
2038             CIRCULAR     5.00       0          0          0          1
2044             CIRCULAR     5.00       0          0          0          1
2047             CIRCULAR     6.00       0          0          0          1
2049             TRAPEZOIDAL  10.00      100.00     0          0          1
2050             RECT_CLOSED  6.00       7.00       0          0          1
2052             TRAPEZOIDAL  5.00       100.00     0          0          1
2053             TRAPEZOIDAL  5.00       10.00      0          0          1
2055             CIRCULAR     3.00       0          0          0          1
3001             IRREGULAR    0          0          0          0          1
305              RECT_CLOSED  5.00       0          0          0          
880              RECT_CLOSED  0.00       0          0          0          
2014             RECT_CLOSED  2.50       0          0          0          
MUL16            RECT_CLOSED  0          0          0          0          
MUL17            RECT_CLOSED  0          0          0          0          
MUL18            RECT_CLOSED  0          0          0          0          
MUL19            RECT_CLOSED  0          0          0          0          
MUL23            RECT_CLOSED  0          0          0          0          
MUL24            RECT_CLOSED  0          0          0          0          
Link_1           RECT_OPEN    0          20.00      0          0          
7071             RECT_OPEN    0          45.00      0          0          
1112             RECT_OPEN    0          82.00      0          0          
MUL27            RECT_OPEN    0          100.00     0          0          

[LOSSES]
;;Link           Inlet      Outlet     Average    Flap Gate
;;-------------- ---------- ---------- ---------- ----------
3010             0          0          0          NO
3020             0          0          0          NO
3030             0          0          0          NO
3035             0          0          0          NO
3040             0          0          0          NO
3050             0          0          0          NO
3060             0          0          0          NO
3070             0          0          0          NO
3080             0          0          0          NO
3140             0          0          0          NO
3150             0          0          0          NO
3160             0          0          0          NO
3170             0          0          0          NO
3180             0          0          0          NO
3190             0          0          0          NO
3272             0          0          0          NO
3273             0          0          0          NO
3275             0          0          0          NO
3278             0          0          0          NO
3279             0          0          0          NO
3280             0          0          0          NO
3281             0          0          0          NO
3282             0          0          0          NO
3283             0          0          0          NO
3287             0          0          0          NO
3288             0          0          0          NO
3289             0          0          0          NO
3292             0          0          0          NO
3293             0          0          0          NO
3294             0          0          0          NO
3295             0          0          0          NO
3296             0          0          0          NO
3298             0          0          0          NO
3299             0          0          0          NO
3300             0          0          0          NO
3301             0          0          0          NO
3302             0          0          0          NO
3304             0          0          0          NO
3305             0          0          0          NO
102              0          0          0          NO
2030             0          0          0          NO
304              0          0          0          NO
2593             0          0          0          NO
9306             0          0          0          NO
406              0          0          0          NO
609              0          0          0          NO
7125             0          0          0          NO
7072             0          0          0          NO
7273             0          0          0          NO
7373             0          0          0          NO
7374             0          0          0          NO
7475             0          0          0          NO
7508             0          0          0          NO
881              0          0          0          NO
8182             0          0          0          NO
8283             0          0          0          NO
8384             0          0          0          NO
8485             0          0          0          NO
8586             0          0          0          NO
8687             0          0          0          NO
8788             0          0          0          NO
8809             0          0          0          NO
910              0          0          0          NO
1012             0          0          0          NO
1230             0          0          0          NO
3099             0          0          0          NO
209              0          0          0          NO
3000             0          0          0          NO
1                0          0          0          NO
2                0          0          0          NO
3                0          0          0          NO
4                0          0          0          NO
5                0          0          0          NO
6                0          0          0          NO
7                0          0          0          NO
8                0          0          0          NO
9                0          0          0          NO
10               0          0          0          NO
2006             0          0          0          NO
2015             0          0          0          NO
2016             0          0          0          NO
2021             0          0          0          NO
2026             0          0          0          NO
2027             0          0          0          NO
2028             0          0          0          NO
2031             0          0          0          NO
2032             0          0          0          NO
2033             0          0          0          NO
2034             0          0          0          NO
2035             0          0          0          NO
2036             0          0          0          NO
2037             0          0          0          NO
2038             0          0          0          NO
2044             0          0          0          NO
2047             0          0          0          NO
2049             0          0          0          NO
2050             0          0          0          NO
2052             0          0          0          NO
2053             0          0          0          NO
2055             0          0          0          NO
3001             0          0          0          NO

[COORDINATES]
;;Node           X-Coord            Y-Coord
;;-------------- ------------------ ------------------
1010             954.22             259.04            
1140             974.22             259.04            
1050             994.22             259.04            
1020             994.22             239.04            
1055             458.67             258.55            
1070             537.16             258.67            
1080             557.16             258.67            
1150             577.16             258.67            
1090             597.16             258.67            
1100             617.16             258.67            
1160             637.16             258.67            
1170             657.16             258.67            
1110             677.16             258.67            
1120             697.16             258.67            
1130             717.16             258.67            
1060             517.16             258.67            
1470             894.22             259.04            
1471             914.22             259.04            
1021             994.22             219.04            
1905             1007.90            161.45            
1910             1001.06            180.24            
1440             854.22             259.04            
1445             874.22             259.04            
1505             875.20             252.85            
1465             894.22             279.04            
1515             875.20             252.85            
1480             894.22             239.04            
1840             1013.92            184.92            
1896             1001.06            200.24            
1885             934.22             259.04            
1871             914.22             279.04            
1865             907.38             317.83            
1870             914.22             299.04            
1846             900.54             336.62            
1336             987.38             200.24            
1740             921.06             317.83            
1915             1023.23            148.59            
1900             1014.75            142.65            
1920             994.22             161.45            
1904             1004.43            141.75            
1340             747.38             337.83            
1345             754.22             319.04            
1350             754.22             299.04            
1355             754.22             279.04            
1425             761.06             337.83            
1365             714.22             259.04            
1364             734.22             259.04            
1360             754.22             259.04            
1405             774.22             259.04            
1370             415.96             379.11            
1561             694.22             259.04            
1555             457.23             260.64            
1376             474.22             259.04            
1375             455.09             260.01            
1380             494.22             259.04            
1390             494.22             219.04            
1385             494.22             239.04            
1530             514.22             259.04            
1535             534.22             259.04            
1395             554.22             259.04            
1540             574.22             259.04            
1545             594.22             259.04            
1550             614.22             259.04            
1400             634.22             259.04            
1556             654.22             259.04            
1560             674.22             259.04            
1410             794.22             259.04            
1415             454.22             259.04            
1420             814.22             259.04            
1435             834.22             259.04            
1810             1039.63            154.28            
1815             1026.78            169.60            
1301             932.66             -10.11            
1305             939.50             8.68              
1306             946.34             27.48             
1310             953.18             46.27             
1322             960.02             65.07             
1325             960.02             85.07             
1327             960.02             105.07            
1326             960.02             125.07            
1330             947.17             109.75            
1331             973.70             162.65            
1321             966.86             46.27             
1335             980.54             181.45            
1690             841.29             154.00            
1605             842.69             173.95            
1580             967.30             404.85            
1755             960.46             386.06            
1750             947.60             370.74            
1590             977.78             396.06            
1600             858.96             190.49            
1565             858.96             210.49            
1585             934.75             375.42            
1575             934.75             355.42            
1735             927.90             336.62            
1615             703.76             30.08             
1725             717.65             44.47             
1720             731.54             58.86             
1715             773.22             102.02            
1760             787.11             116.41            
1730             801.01             130.79            
1620             745.44             73.24             
1675             814.90             145.18            
1610             828.79             159.57            
1621             759.33             87.63             
1695             850.82             192.22            
1566             870.71             226.67            
1525             882.47             242.85            
1570             844.09             197.11            
1700             839.94             204.31            
1300             925.82             -28.90            
1320             973.70             27.48             

[MAP]
DIMENSIONS 415.96 -28.90 1039.63 404.85
Units      None

[REPORT]
INPUT            YES
SUBCATCHMENTS    ALL
NODES            ALL
LINKS            ALL



