;; SWMM5 .inp converted from XPSWMM .xp file
;; Generated by XPSWMM Card Reader
;; Source format: XP_CARD | Original title: Shelter Rock Road Watershed Study

[TITLE]
;;Project Title/Notes
Shelter Rock Road Watershed Study

[OPTIONS]
FLOW_UNITS           CFS
INFILTRATION         HORTON
FLOW_ROUTING         DYNWAVE
LINK_OFFSETS         DEPTH
MIN_SLOPE            0.0
ALLOW_PONDING        NO
SKIP_STEADY_STATE    NO
ROUTING_STEP         00:00:05
VARIABLE_STEP        0.75
INERTIAL_DAMPING     PARTIAL
NORMAL_FLOW_LIMITED  BOTH
MAX_TRIALS           50
HEAD_TOLERANCE       0.0033

[JUNCTIONS]
;;Name           Elev       MaxDepth   InitDepth  SurDepth   Aponded
;;-------------- ---------- ---------- ---------- ---------- ----------
1                151.00     0          0          0          0
4                153.40     0          0          0          0
5                157.40     0          0          0          0
6                156.67     0          0          0          0
7                156.63     0          0          0          0
8                156.31     0          0          0          0
9                154.86     0          0          0          0
10               152.63     0          0          0          0
11               151.19     0          0          0          0
12               156.70     0          0          0          0
13               158.10     0          0          0          0
14               162.10     0          0          0          0
15               160.31     0          0          0          0
16               154.70     0          0          0          0
17               156.67     0          0          0          0
18               156.60     0          0          0          0
19               156.70     0          0          0          0
20               157.72     0          0          0          0
21               160.40     0          0          0          0
22               156.47     0          0          0          0
23               156.34     0          0          0          0
24               158.17     0          0          0          0
25               158.96     0          0          0          0
26               160.10     0          0          0          0
27               161.00     0          0          0          0
28               162.50     0          0          0          0
29               157.26     0          0          0          0
30               152.99     0          0          0          0
31               151.44     0          0          0          0
32               160.97     0          0          0          0
33               158.92     0          0          0          0
34               151.44     0          0          0          0
35               151.44     0          0          0          0
36               158.67     0          0          0          0
37               158.68     0          0          0          0
38               160.87     0          0          0          0
39               162.90     0          0          0          0
40               164.90     0          0          0          0
41               167.00     0          0          0          0
42               169.80     0          0          0          0
43               174.80     0          0          0          0
44               174.60     0          0          0          0
45               174.10     0          0          0          0
46               174.50     0          0          0          0
47               176.30     0          0          0          0
48               180.50     0          0          0          0
49               190.80     0          0          0          0
51               185.00     0          0          0          0
52               166.22     0          0          0          0
53               166.22     0          0          0          0
54               165.69     0          0          0          0
55               167.66     0          0          0          0
56               174.00     0          0          0          0
57               166.25     0          0          0          0
58               165.69     0          0          0          0
59               164.74     0          0          0          0
60               163.13     0          0          0          0
61               161.56     0          0          0          0
62               160.41     0          0          0          0
63               156.54     0          0          0          0
64               160.30     0          0          0          0
65               159.10     0          0          0          0
66               157.55     0          0          0          0
67               155.39     0          0          0          0
68               154.80     0          0          0          0
69               156.18     0          0          0          0
70               157.55     0          0          0          0
71               158.96     0          0          0          0
72               160.51     0          0          0          0
73               161.92     0          0          0          0
74               162.93     0          0          0          0
75               163.33     0          0          0          0
76               164.80     0          0          0          0
77               168.77     0          0          0          0
78               175.66     0          0          0          0
79               183.08     0          0          0          0
80               189.28     0          0          0          0
81               196.40     0          0          0          0
82               203.45     0          0          0          0
83               210.24     0          0          0          0
84               204.30     0          0          0          0
85               217.70     0          0          0          0
86               206.40     0          0          0          0
87               201.20     0          0          0          0
88               191.20     0          0          0          0
89               185.30     0          0          0          0
90               180.50     0          0          0          0
91               176.20     0          0          0          0
92               173.53     0          0          0          0
93               169.40     0          0          0          0
94               167.50     0          0          0          0
96               165.30     0          0          0          0
97               165.72     0          0          0          0
98               171.07     0          0          0          0
99               172.61     0          0          0          0
100              154.00     0          0          0          0
101              154.11     0          0          0          0
104              157.20     0          0          0          0
105              155.50     0          0          0          0
106              155.50     0          0          0          0
107              155.50     0          0          0          0
108              157.50     0          0          0          0
109              160.70     0          0          0          0
110              165.70     0          0          0          0
111              167.00     0          0          0          0
112              151.00     0          0          0          0
113              158.00     0          0          0          0
114              155.40     0          0          0          0
117              157.20     0          0          0          0
118              155.85     0          0          0          0
119              155.98     0          0          0          0
120              156.50     0          0          0          0
121              158.60     0          0          0          0
122              160.40     0          0          0          0
123              161.50     0          0          0          0
124              158.50     0          0          0          0
125              158.50     0          0          0          0
126              156.50     0          0          0          0
127              158.00     0          0          0          0
128              206.51     0          0          0          0
130              175.00     0          0          0          0
131              174.34     0          0          0          0
132              176.51     0          0          0          0
133              173.97     0          0          0          0
137              180.20     0          0          0          0
138              172.90     0          0          0          0
139              169.69     0          0          0          0
140              167.63     0          0          0          0
141              173.01     0          0          0          0
142              218.10     0          0          0          0
143              217.50     0          0          0          0
145              191.00     0          0          0          0
146              186.24     0          0          0          0
147              204.00     0          0          0          0
148              204.70     0          0          0          0
149              162.00     0          0          0          0
150              164.00     0          0          0          0
151              164.00     0          0          0          0
152              161.20     0          0          0          0
153              159.50     0          0          0          0
154              160.30     0          0          0          0
155              158.65     0          0          0          0
156              155.10     0          0          0          0
157              154.70     0          0          0          0
158              154.20     0          0          0          0
159              153.10     0          0          0          0
160              152.00     0          0          0          0
161              151.30     0          0          0          0
162              149.90     0          0          0          0
163              149.30     0          0          0          0
164              149.00     0          0          0          0
165              148.80     0          0          0          0
166              149.50     0          0          0          0
170              158.34     0          0          0          0
171              158.00     0          0          0          0
172              158.00     0          0          0          0
173              149.10     0          0          0          0
176              156.60     0          0          0          0
178              167.00     0          0          0          0
169              159.00     0          0          0          0
180              172.00     0          0          0          0
dummy            155.00     0          0          0          0
dummymh2         169.00     0          0          0          0
149a             162.00     0          0          0          0
182              104.00     0          0          0          0

[STORAGE]
;;Name           Elev       MaxDepth   InitDepth  Shape      Curve/Params
;;-------------- ---------- ---------- ---------- ---------- ----------
2                150.50     0          18.00      FUNCTIONAL 0 0          0
3                158.00     0          12.00      FUNCTIONAL 0 0          0
50               175.00     0          9.10       FUNCTIONAL 0 0          0
102              164.00     0          8.30       FUNCTIONAL 0 0          0
103              161.00     0          9.30       FUNCTIONAL 0 0          0
115              156.50     0          6.80       FUNCTIONAL 0 0          0
116              156.00     0          0          FUNCTIONAL 0 0          0
129              172.00     0          6.19       FUNCTIONAL 0 0          0
134              154.00     0          3.30       FUNCTIONAL 0 0          0
135              218.00     0          11.50      FUNCTIONAL 0 0          0
136              173.00     0          10.32      FUNCTIONAL 0 0          0
144              191.50     0          9.50       FUNCTIONAL 0 0          0
167              172.00     0          0          FUNCTIONAL 0 0          0
168              170.00     0          3.00       FUNCTIONAL 0 0          0
174              171.90     0          0          FUNCTIONAL 0 0          0
175              164.00     0          3.30       FUNCTIONAL 0 0          0
177              166.00     0          3.60       FUNCTIONAL 0 0          0
179              178.00     0          0          FUNCTIONAL 0 0          0
181              176.00     0          0          FUNCTIONAL 0 0          0

[CONDUITS]
;;Name           From             To               Length     Roughness  InOffset   OutOffset  InitFlow   MaxFlow
;;-------------- ---------------- ---------------- ---------- ---------- ---------- ---------- ---------- ----------
48RCP            OVFLW            Node_16301631    74.00      0.0140     122.50     122.00     0          0
4-1              ?                Node_16331630    196.50     0          136.80     130.00     0          0
18"rcp           8"pvc            Node_16341633    18.50      0          148.00     146.80     0          0
6-5              ?                Node_16351634    27.00      0          144.50     144.20     0          0
7-5              ?                Node_16361634    168.00     0          142.90     142.60     0          0
8-7              ?                Node_16371636    167.00     0          143.20     142.90     0          0
9-8              ?                Node_16381637    338.00     0          143.80     143.20     0          0
10-9             ?                Node_16391638    253.00     0          144.20     143.80     0          0
11-10            ?                Node_16401639    51.00      0          146.50     146.20     0          0
12-10            ?                Node_16411639    396.00     0          145.60     144.70     0          0
13-12            ?                Node_16421641    101.00     0          145.80     145.60     0          0
14-13            ?                Node_16431642    354.00     0          147.20     146.30     0          0
15-14            ?                Node_16441643    355.00     0          148.10     147.20     0          0
16-17            ?                Node_16451646    49.00      0          150.20     149.90     0          0
17-15            ?                Node_16461644    299.00     0          148.90     148.10     0          0
18-17            ?                Node_16471646    26.00      0          149.30     148.90     0          0
19-18            ?                Node_16481647    25.00      0          150.70     150.30     0          0
5-20             ?                Node_16341649    263.00     0          141.60     141.30     0          0
20-21            ?                Node_16491650    358.00     0          141.30     141.00     0          0
21-22            ?                Node_16501651    310.00     0          141.00     140.60     0          0
22-23            ?                Node_16511652    95.00      0          140.60     140.50     0          0
23-24            ?                Node_16521653    140.00     0          140.50     140.30     0          0
24-25            ?                Node_16531654    124.00     0          140.30     140.20     0          0
25-26            ?                Node_16541655    200.00     0          140.20     140.00     0          0
3-26             ?                Node_16321655    69.00      0.0140     140.05     140.00     0          0
28-3             ?                Node_16571632    101.00     0.0140     137.00     136.50     0          0
27-28            ?                Node_16561657    86.00      0          139.20     139.00     0          0
29-27            ?                Node_16581656    326.00     0.0140     140.10     139.20     0          0
30-29            ?                Node_16591658    321.00     0          142.10     140.60     0          0
31-30            ?                Node_16601659    309.00     0          143.20     142.10     0          0
34-31            ?                Node_16631660    25.00      0          145.50     145.40     0          0
35-34            ?                Node_16641663    22.00      0          145.60     145.50     0          0
32-33            ?                Node_16611662    65.00      0          154.00     153.70     0          0
33-3             ?                Node_16621632    100.00     0          152.50     152.00     0          0
36-33            ?                Node_16651662    28.00      0          152.70     152.50     0          0
37-36            ?                Node_16661665    28.00      0          152.90     152.70     0          0
38-37            ?                Node_16671666    307.00     0          155.50     152.90     0          0
39-38            ?                Node_16681667    347.00     0          157.90     156.00     0          0
40-39            ?                Node_16691668    316.00     0          159.80     157.90     0          0
41-40            ?                Node_16701669    349.00     0          161.20     159.80     0          0
42-41            ?                Node_16711670    367.00     0          162.70     161.20     0          0
43-42            ?                Node_16721671    382.00     0          165.40     163.20     0          0
44-43            ?                Node_16731672    31.00      0          165.70     165.40     0          0
45-44            ?                Node_16741673    49.00      0          166.10     165.70     0          0
46-45            ?                Node_16751674    109.00     0          166.80     166.10     0          0
47-46            ?                Node_16761675    393.00     0          168.50     166.80     0          0
48-47            ?                Node_16771676    396.00     0          176.00     168.50     0          0
49-48            ?                Node_16781677    357.00     0          183.50     176.00     0          0
51-50            Node_50          Node_16801679    62.00      0          162.12     161.50     0          0
56-51            Node_51          Node_16851680    136.00     0          166.34     165.64     0          0
52-53            Node_53          Node_16811682    77.00      0          163.00     162.70     0          0
53-54            Node_54          Node_16821683    51.00      0          162.70     162.50     0          0
54-55            Node_55          Node_16831684    127.00     0          162.50     162.00     0          0
55-57            Node_57          Node_16841686    305.00     0          161.80     156.80     0          0
140-57           Node_57          Node_17691686    63.00      0          162.70     162.20     0          0
57-58            Node_58          Node_16861687    132.00     0          156.50     155.40     0          0
58-59            Node_59          Node_16871688    159.00     0          155.30     153.80     0          0
59-60            Node_60          Node_16881689    303.00     0          153.30     152.40     0          0
60-61            Node_61          Node_16891690    308.00     0          152.30     151.10     0          0
61-62            Node_62          Node_16901691    247.00     0          151.00     149.50     0          0
62-64            Node_64          Node_16911693    65.00      0          142.20     141.90     0          0
63-2             Node_63          Node_16921631    610.00     0          136.00     122.50     0          0
65-64            Node_64          Node_16941693    179.00     0          136.90     136.00     0          0
64-2             Node_64          Node_16931631    527.00     0          133.90     122.50     0          0
66-65            Node_65          Node_16951694    303.00     0          138.90     137.00     0          0
67-66            Node_66          Node_16961695    308.00     0          140.20     139.30     0          0
101-67           Node_67          Node_17301696    32.00      0          147.60     147.00     0          0
100-101          Node_101         Node_17291730    28.00      0          148.00     147.60     0          0
68-67            Node_67          Node_16971696    172.00     0          141.30     140.40     0          0
69-68            Node_68          Node_16981697    133.00     0          141.80     141.40     0          0
70-69            Node_69          Node_16991698    290.00     0          143.60     142.60     0          0
71-70            Node_70          Node_17001699    291.00     0          144.50     144.00     0          0
72-71            Node_71          Node_17011700    292.00     0          146.80     144.50     0          0
73-72            Node_72          Node_17021701    293.00     0          148.30     146.80     0          0
74-73            Node_73          Node_17031702    210.00     0          150.00     148.30     0          0
75-74            Node_74          Node_17041703    85.00      0          151.90     150.60     0          0
76-75            Node_75          Node_17051704    296.00     0          153.90     152.60     0          0
77-76            Node_76          Node_17061705    293.00     0          157.70     155.90     0          0
78-77            Node_77          Node_17071706    295.00     0          161.50     160.10     0          0
79-78            Node_78          Node_17081707    313.00     0          168.50     166.40     0          0
80-79            Node_79          Node_17091708    259.00     0          175.30     173.90     0          0
81-80            Node_80          Node_17101709    300.00     0          185.20     177.80     0          0
82-81            Node_81          Node_17111710    293.00     0          192.20     188.10     0          0
84-82            Node_82          Node_17131711    134.00     0          193.90     193.20     0          0
148-84           Node_84          Node_17771713    54.00      0          194.30     193.90     0          0
83-82            Node_82          Node_17121711    293.00     0          202.60     197.00     0          0
85-86            Node_86          Node_17141715    190.00     0          210.83     200.00     0          0
128-86           Node_86          Node_17571715    217.00     0          202.90     200.34     0          0
86-87            Node_87          Node_17151716    81.00      0          200.00     195.43     0          0
87-88            Node_88          Node_17161717    231.00     0          195.34     184.26     0          0
88-89            Node_89          Node_17171718    301.00     0          183.20     179.00     0          0
89-90            Node_90          Node_17181719    267.00     0          177.98     174.20     0          0
90-91            Node_91          Node_17191720    311.00     0          173.52     169.80     0          0
91-92            Node_92          Node_17201721    231.00     0          168.80     166.28     0          0
133-92           Node_92          Node_17621721    44.00      0.0108     166.60     166.30     0          0
92-93            Node_93          Node_17211722    316.00     0          166.13     164.00     0          0
93-94            Node_94          Node_17221723    236.00     0          164.00     162.85     0          0
94-96            Node_96          Node_17231725    326.00     0          162.85     161.26     0          0
96-97            Node_97          Node_17251726    65.00      0          162.05     161.65     0          0
97-98            Node_98          Node_17261727    249.00     0          161.35     159.70     0          0
98-99            Node_99          Node_17271728    51.00      0          159.70     159.36     0          0
99-100           Node_100         Node_17281729    89.00      0          159.30     148.00     0          0
150-103          Node_103         Node_17791732    102.00     0          148.28     147.90     0          0
151-150          Node_150         Node_17801779    84.00      0          149.73     149.28     0          0
152-151          Node_151         Node_17811780    115.00     0          150.28     149.73     0          0
153-152          Node_152         Node_17821781    164.00     0          151.03     150.28     0          0
154-153          Node_153         Node_17831782    120.00     0          151.63     151.03     0          0
155-154          Node_154         Node_17841783    306.00     0          153.13     151.63     0          0
155-169          Node_169         Node_17841807    41.00      0.0297     157.40     156.20     0          0
169-170          Node_170         Node_18071798    221.00     0          155.83     155.00     0          0
170-71           Node_71          Node_17981700    98.00      0.0140     155.00     154.20     0          0
104-134          Node_134         Node_17331763    126.00     0          148.60     148.40     0          0
105-104          Node_104         Node_17341733    177.00     0          148.98     148.60     0          0
106-105          Node_105         Node_17351734    49.00      0          149.06     148.98     0          0
107-106          Node_106         Node_17361735    57.00      0          149.30     149.06     0          0
118-106          Node_106         Node_17471735    49.00      0          149.20     149.06     0          0
119-118          Node_118         Node_17481747    18.00      0          149.26     149.20     0          0
117-118          Node_118         Node_17461747    137.00     0          149.47     149.20     0          0
120-119          Node_119         Node_17491748    125.00     0          149.35     149.26     0          0
108-107          Node_107         Node_17371736    200.00     0          150.36     149.30     0          0
109-108          Node_108         Node_17381737    306.00     0          153.00     151.50     0          0
110-109          Node_109         Node_17391738    455.00     0          159.00     153.48     0          0
111-110          Node_110         Node_17401739    147.00     0          161.50     159.82     0          0
112-2            Node_112         Node_17411631    15.00      0          140.10     140.00     0          0
113-112          Node_112         Node_17421741    61.00      0          140.25     140.10     0          0
113-114          Node_114         Node_17421743    134.00     0          140.35     140.15     0          0
114-156          Node_156         Node_17431785    309.00     0          140.15     139.85     0          0
116-117          Node_117         Node_17451746    104.00     0          149.64     149.47     0          0
121-120          Node_120         Node_17501749    259.00     0          149.51     149.35     0          0
122-121          Node_121         Node_17511750    300.00     0          149.70     149.51     0          0
123-122          Node_122         Node_17521751    294.00     0          149.89     149.70     0          0
124-123          Node_123         Node_17531752    299.00     0          150.08     149.89     0          0
126-125          Node_125         Node_17551754    267.00     0          150.25     150.08     0          0
127-126          Node_126         Node_17561755    79.00      0          151.00     150.25     0          0
131-129          Node_129         Node_17601758    350.00     0          166.02     161.50     0          0
131-132          Node_132         Node_17601761    127.00     0.0108     167.59     167.06     0          0
132-133          Node_133         Node_17611762    197.00     0          167.10     166.67     0          0
134-4            Node_134         Node_17631633    286.00     0          146.00     144.00     0          0
142-135          Node_135         Node_17711764    36.00      0.0140     205.64     205.00     0          0
143-142          Node_142         Node_17721771    98.00      0          211.92     210.47     0          0
144-145          Node_145         Node_17731774    140.00     0.0140     188.00     185.10     0          0
145-146          Node_146         Node_17741775    122.00     0          185.10     184.74     0          0
146-180          Node_180         Node_17751809    1180.00    0.0650     184.74     166.00     0          0
180-171          Node_171         Node_18091799    1400.00    0.0650     166.00     152.00     0          0
156-157          Node_157         Node_17851786    92.00      0.0140     139.85     139.75     0          0
157-158          Node_158         Node_17861787    90.00      0          139.75     139.65     0          0
158-159          Node_159         Node_17871788    213.00     0          139.65     139.42     0          0
159-160          Node_160         Node_17881789    267.00     0          139.42     139.17     0          0
160-161          Node_161         Node_17891790    281.00     0          139.17     138.91     0          0
161-162          Node_162         Node_17901791    330.00     0          138.91     138.54     0          0
162-163          Node_163         Node_17911792    320.00     0          138.54     138.29     0          0
163-173          Node_173         Node_17921801    79.00      0          138.18     138.07     0          0
164-165          Node_165         Node_17931794    258.00     0          137.11     135.55     0          0
165-166          Node_166         Node_17941795    193.00     0          135.55     134.25     0          0
173-164          Node_164         Node_18011793    149.00     0          138.07     137.11     0          0
141-92           Node_92          Node_17701721    46.00      0          168.85     168.40     0          0
136-141          Node_141         Node_17651770    70.00      0.0140     169.82     169.68     0          0
130-56           Node_56          Node_17591685    244.00     0          167.58     166.34     0          0
137-130          Node_130         Node_17661759    102.00     0          168.09     167.58     0          0
137-138          Node_138         Node_17661767    89.00      0          171.50     169.25     0          0
138-139          Node_139         Node_17671768    115.00     0          167.93     165.43     0          0
139-140          Node_140         Node_17681769    137.00     0          165.50     162.80     0          0
171-172          Node_172         Node_17991800    181.00     0          152.10     152.00     0          0
172-127          Node_127         Node_18001756    235.00     0.0650     152.00     151.00     0          0
176-115          Node_115         Node_18031744    53.00      0.0140     145.40     144.50     0          0
178-110          Node_110         Node_18061739    130.00     0          159.90     159.80     0          0
175-178          Node_178         Node_18041806    575.00     0          161.60     159.90     0          0
177-178          Node_178         Node_18051806    1590.00    0          161.60     159.90     0          0
143-181          Node_181         Node_17721986    390.00     0.0297     216.50     175.40     0          0
181-149a         Node_149         Node_19861997    1450.00    0.0297     175.80     154.00     0          0
167-174          Node_174         Node_17961802    150.00     0.0297     171.50     171.40     0          0
174-177          Node_177         Node_18021805    685.00     0.0297     171.40     165.50     0          0
166-182          Node_182         Node_17951999    3950.00    0.0140     134.25     94.00      0          0
179-180          Node_180         Node_18081809    1330.00    0.0650     177.50     166.00     0          0
147-148          Node_148         Node_17761777    20.00      0.0140     198.00     197.90     0          0

[ORIFICES]
;;Name           From             To               Type       Offset     Qcoeff     Gated    CloseTime
;;-------------- ---------------- ---------------- ---------- ---------- ---------- -------- ----------
60"RCP           Node_74          Node_17781703    SIDE       152.00     0.650      NO       0

[WEIRS]
;;Name           From             To               Type       CrestHt    Qcoeff     Gated    EndCon   EndCoeff   Surcharge
;;-------------- ---------------- ---------------- ---------- ---------- ---------- -------- -------- ---------- ----------
tiffovflw        Node_98          Node_17311727    TRANSVERSE 161.50     1.840      NO       0        0          YES
ftnsovflw        Node_118         Node_19931747    TRANSVERSE 153.20     1.840      NO       0        0          YES
ftnsweir2        Node_124         Node_17541753    TRANSVERSE 153.50     1.840      NO       0        0          YES
tiffpond         Node_102         Node_19951731    TRANSVERSE 167.25     1.840      NO       0        0          YES
tiffweir         ?                Node_17971995    TRANSVERSE 167.25     1.840      NO       0        0          YES
gcweir1          Node_149         Node_19971778    TRANSVERSE 154.00     1.840      NO       0        0          YES
ftnsweir         ?                Node_17441993    TRANSVERSE 153.20     1.840      NO       0        0          YES

[XSECTIONS]
;;Link           Shape        Geom1      Geom2      Geom3      Geom4      Barrels
;;-------------- ------------ ---------- ---------- ---------- ---------- ----------
48RCP            CIRCULAR     4.00       0          0          0          1
4-1              CIRCULAR     4.00       0          0          0          1
18"rcp           CIRCULAR     1.50       0          0          0          1
6-5              CIRCULAR     1.50       0          0          0          1
7-5              CIRCULAR     3.50       0          0          0          1
8-7              CIRCULAR     3.50       0          0          0          1
9-8              CIRCULAR     3.50       0          0          0          1
10-9             CIRCULAR     3.50       0          0          0          1
11-10            CIRCULAR     1.50       0          0          0          1
12-10            CIRCULAR     3.00       0          0          0          1
13-12            CIRCULAR     3.00       0          0          0          1
14-13            CIRCULAR     2.50       0          0          0          1
15-14            CIRCULAR     2.50       0          0          0          1
16-17            CIRCULAR     1.50       0          0          0          1
17-15            CIRCULAR     2.50       0          0          0          1
18-17            CIRCULAR     2.50       0          0          0          1
19-18            CIRCULAR     1.50       0          0          0          1
5-20             CIRCULAR     4.50       0          0          0          1
20-21            CIRCULAR     4.50       0          0          0          1
21-22            CIRCULAR     4.50       0          0          0          1
22-23            CIRCULAR     4.50       0          0          0          1
23-24            CIRCULAR     4.50       0          0          0          1
24-25            CIRCULAR     4.50       0          0          0          1
25-26            CIRCULAR     4.50       0          0          0          1
3-26             CIRCULAR     4.50       0          0          0          1
28-3             CIRCULAR     4.50       0          0          0          1
27-28            CIRCULAR     2.50       0          0          0          1
29-27            CIRCULAR     2.50       0          0          0          1
30-29            CIRCULAR     2.00       0          0          0          1
31-30            CIRCULAR     2.00       0          0          0          1
34-31            CIRCULAR     1.50       0          0          0          1
35-34            CIRCULAR     1.50       0          0          0          1
32-33            CIRCULAR     1.50       0          0          0          1
33-3             CIRCULAR     3.00       0          0          0          1
36-33            CIRCULAR     3.00       0          0          0          1
37-36            CIRCULAR     3.00       0          0          0          1
38-37            CIRCULAR     3.00       0          0          0          1
39-38            CIRCULAR     3.00       0          0          0          1
40-39            CIRCULAR     2.50       0          0          0          1
41-40            CIRCULAR     2.50       0          0          0          1
42-41            CIRCULAR     2.50       0          0          0          1
43-42            CIRCULAR     2.00       0          0          0          1
44-43            CIRCULAR     2.00       0          0          0          1
45-44            CIRCULAR     2.00       0          0          0          1
46-45            CIRCULAR     2.00       0          0          0          1
47-46            CIRCULAR     2.00       0          0          0          1
48-47            CIRCULAR     1.50       0          0          0          1
49-48            CIRCULAR     1.50       0          0          0          1
51-50            CIRCULAR     1.50       0          0          0          1
56-51            CIRCULAR     1.50       0          0          0          1
52-53            CIRCULAR     1.25       0          0          0          1
53-54            CIRCULAR     1.25       0          0          0          1
54-55            CIRCULAR     1.25       0          0          0          1
55-57            CIRCULAR     1.25       0          0          0          1
140-57           CIRCULAR     1.25       0          0          0          1
57-58            CIRCULAR     1.50       0          0          0          1
58-59            CIRCULAR     1.50       0          0          0          1
59-60            CIRCULAR     2.00       0          0          0          1
60-61            CIRCULAR     2.00       0          0          0          1
61-62            CIRCULAR     2.00       0          0          0          1
62-64            CIRCULAR     2.50       0          0          0          1
63-2             CIRCULAR     6.00       0          0          0          1
65-64            CIRCULAR     5.50       0          0          0          1
64-2             CIRCULAR     6.00       0          0          0          1
66-65            CIRCULAR     5.50       0          0          0          1
67-66            CIRCULAR     5.50       0          0          0          1
101-67           CIRCULAR     1.50       0          0          0          1
100-101          CIRCULAR     1.50       0          0          0          1
68-67            CIRCULAR     5.50       0          0          0          1
69-68            CIRCULAR     5.50       0          0          0          1
70-69            CIRCULAR     5.50       0          0          0          1
71-70            CIRCULAR     5.50       0          0          0          1
72-71            CIRCULAR     5.50       0          0          0          1
73-72            CIRCULAR     5.50       0          0          0          1
74-73            CIRCULAR     5.50       0          0          0          1
75-74            CIRCULAR     4.50       0          0          0          1
76-75            CIRCULAR     4.50       0          0          0          1
77-76            CIRCULAR     4.50       0          0          0          1
78-77            CIRCULAR     4.50       0          0          0          1
79-78            CIRCULAR     4.50       0          0          0          1
80-79            CIRCULAR     4.50       0          0          0          1
81-80            CIRCULAR     3.50       0          0          0          1
82-81            CIRCULAR     3.50       0          0          0          1
84-82            CIRCULAR     3.50       0          0          0          1
148-84           CIRCULAR     3.50       0          0          0          1
83-82            CIRCULAR     1.25       0          0          0          1
85-86            CIRCULAR     1.50       0          0          0          1
128-86           CIRCULAR     1.50       0          0          0          1
86-87            CIRCULAR     1.50       0          0          0          1
87-88            CIRCULAR     1.50       0          0          0          1
88-89            CIRCULAR     2.00       0          0          0          1
89-90            CIRCULAR     2.00       0          0          0          1
90-91            CIRCULAR     2.00       0          0          0          1
91-92            CIRCULAR     2.00       0          0          0          1
133-92           CIRCULAR     0.67       0          0          0          1
92-93            CIRCULAR     2.00       0          0          0          1
93-94            CIRCULAR     2.00       0          0          0          1
94-96            CIRCULAR     2.00       0          0          0          1
96-97            CIRCULAR     1.25       0          0          0          1
97-98            CIRCULAR     1.25       0          0          0          1
98-99            CIRCULAR     1.25       0          0          0          1
99-100           CIRCULAR     1.25       0          0          0          1
150-103          CIRCULAR     2.50       0          0          0          1
151-150          CIRCULAR     1.50       0          0          0          1
152-151          CIRCULAR     1.50       0          0          0          1
153-152          CIRCULAR     1.50       0          0          0          1
154-153          CIRCULAR     1.50       0          0          0          1
155-154          CIRCULAR     1.50       0          0          0          1
155-169          TRAPEZOIDAL  1.25       5.00       0          0          1
169-170          CIRCULAR     1.25       0          0          0          1
170-71           CIRCULAR     1.50       0          0          0          1
104-134          CIRCULAR     4.00       0          0          0          1
105-104          CIRCULAR     4.00       0          0          0          1
106-105          CIRCULAR     4.00       0          0          0          1
107-106          CIRCULAR     2.00       0          0          0          1
118-106          CIRCULAR     4.00       0          0          0          1
119-118          CIRCULAR     4.00       0          0          0          1
117-118          CIRCULAR     2.00       0          0          0          1
120-119          CIRCULAR     4.00       0          0          0          1
108-107          CIRCULAR     2.00       0          0          0          1
109-108          CIRCULAR     2.00       0          0          0          1
110-109          CIRCULAR     1.50       0          0          0          1
111-110          CIRCULAR     1.50       0          0          0          1
112-2            CIRCULAR     2.00       0          0          0          1
113-112          CIRCULAR     2.00       0          0          0          1
113-114          CIRCULAR     2.00       0          0          0          1
114-156          CIRCULAR     2.00       0          0          0          1
116-117          CIRCULAR     2.00       0          0          0          1
121-120          CIRCULAR     4.00       0          0          0          1
122-121          CIRCULAR     4.00       0          0          0          1
123-122          CIRCULAR     4.00       0          0          0          1
124-123          CIRCULAR     4.00       0          0          0          1
126-125          CIRCULAR     4.00       0          0          0          1
127-126          RECT_CLOSED  3.00       4.00       0          0          1
131-129          CIRCULAR     1.25       0          0          0          1
131-132          CIRCULAR     0.67       0          0          0          1
132-133          CIRCULAR     0.67       0          0          0          1
134-4            CIRCULAR     4.00       0          0          0          1
142-135          CIRCULAR     1.50       0          0          0          1
143-142          CIRCULAR     1.50       0          0          0          1
144-145          CIRCULAR     1.50       0          0          0          1
145-146          CIRCULAR     1.50       0          0          0          1
146-180          TRAPEZOIDAL  1.50       10.00      0          0          1
180-171          TRAPEZOIDAL  5.00       15.00      0          0          1
156-157          CIRCULAR     2.00       0          0          0          1
157-158          CIRCULAR     2.00       0          0          0          1
158-159          CIRCULAR     2.00       0          0          0          1
159-160          CIRCULAR     2.00       0          0          0          1
160-161          CIRCULAR     2.00       0          0          0          1
161-162          CIRCULAR     2.00       0          0          0          1
162-163          CIRCULAR     2.00       0          0          0          1
163-173          CIRCULAR     3.00       0          0          0          1
164-165          CIRCULAR     3.00       0          0          0          1
165-166          CIRCULAR     3.00       0          0          0          1
173-164          CIRCULAR     3.00       0          0          0          1
141-92           CIRCULAR     1.50       0          0          0          1
136-141          CIRCULAR     1.50       0          0          0          1
130-56           CIRCULAR     1.50       0          0          0          1
137-130          CIRCULAR     1.50       0          0          0          1
137-138          CIRCULAR     1.50       0          0          0          1
138-139          CIRCULAR     1.25       0          0          0          1
139-140          CIRCULAR     1.25       0          0          0          1
171-172          RECT_CLOSED  3.00       4.00       0          0          1
172-127          TRAPEZOIDAL  6.00       20.00      0          0          1
176-115          CIRCULAR     2.00       0          0          0          1
178-110          CIRCULAR     1.50       0          0          0          1
175-178          CIRCULAR     0.83       0          0          0          1
177-178          CIRCULAR     0.83       0          0          0          1
143-181          TRAPEZOIDAL  0.50       100.00     0          0          1
181-149a         TRAPEZOIDAL  0.20       100.00     0          0          1
167-174          TRAPEZOIDAL  0.50       50.00      0          0          1
174-177          TRAPEZOIDAL  0.50       50.00      0          0          1
166-182          CIRCULAR     3.00       0          0          0          1
179-180          TRAPEZOIDAL  0.50       25.00      0          0          1
147-148          CIRCULAR     2.50       0          0          0          1
60"RCP           RECT_CLOSED  2.52       0          0          0          
tiffovflw        RECT_OPEN    0          1.50       0          0          
ftnsovflw        RECT_OPEN    0          8.00       0          0          
ftnsweir2        RECT_OPEN    0          6.00       0          0          
tiffpond         RECT_OPEN    0          12.70      0          0          
tiffweir         RECT_OPEN    0          12.70      0          0          
gcweir1          RECT_OPEN    0          4.90       0          0          
ftnsweir         RECT_OPEN    0          8.00       0          0          

[LOSSES]
;;Link           Inlet      Outlet     Average    Flap Gate
;;-------------- ---------- ---------- ---------- ----------
48RCP            0          0          0          NO
4-1              0          0          0          NO
18"rcp           0          0          0          NO
6-5              0          0          0          NO
7-5              0          0          0          NO
8-7              0          0          0          NO
9-8              0          0          0          NO
10-9             0          0          0          NO
11-10            0          0          0          NO
12-10            0          0          0          NO
13-12            0          0          0          NO
14-13            0          0          0          NO
15-14            0          0          0          NO
16-17            0          0          0          NO
17-15            0          0          0          NO
18-17            0          0          0          NO
19-18            0          0          0          NO
5-20             0          0          0          NO
20-21            0          0          0          NO
21-22            0          0          0          NO
22-23            0          0          0          NO
23-24            0          0          0          NO
24-25            0          0          0          NO
25-26            0          0          0          NO
3-26             0          0          0          NO
28-3             0          0          0          NO
27-28            0          0          0          NO
29-27            0          0          0          NO
30-29            0          0          0          NO
31-30            0          0          0          NO
34-31            0          0          0          NO
35-34            0          0          0          NO
32-33            0          0          0          NO
33-3             0          0          0          NO
36-33            0          0          0          NO
37-36            0          0          0          NO
38-37            0          0          0          NO
39-38            0          0          0          NO
40-39            0          0          0          NO
41-40            0          0          0          NO
42-41            0          0          0          NO
43-42            0          0          0          NO
44-43            0          0          0          NO
45-44            0          0          0          NO
46-45            0          0          0          NO
47-46            0          0          0          NO
48-47            0          0          0          NO
49-48            0          0          0          NO
51-50            0          0          0          NO
56-51            0          0          0          NO
52-53            0          0          0          NO
53-54            0          0          0          NO
54-55            0          0          0          NO
55-57            0          0          0          NO
140-57           0          0          0          NO
57-58            0          0          0          NO
58-59            0          0          0          NO
59-60            0          0          0          NO
60-61            0          0          0          NO
61-62            0          0          0          NO
62-64            0          0          0          NO
63-2             0          0          0          NO
65-64            0          0          0          NO
64-2             0          0          0          NO
66-65            0          0          0          NO
67-66            0          0          0          NO
101-67           0          0          0          NO
100-101          0          0          0          NO
68-67            0          0          0          NO
69-68            0          0          0          NO
70-69            0          0          0          NO
71-70            0          0          0          NO
72-71            0          0          0          NO
73-72            0          0          0          NO
74-73            0          0          0          NO
75-74            0          0          0          NO
76-75            0          0          0          NO
77-76            0          0          0          NO
78-77            0          0          0          NO
79-78            0          0          0          NO
80-79            0          0          0          NO
81-80            0          0          0          NO
82-81            0          0          0          NO
84-82            0          0          0          NO
148-84           0          0          0          NO
83-82            0          0          0          NO
85-86            0          0          0          NO
128-86           0          0          0          NO
86-87            0          0          0          NO
87-88            0          0          0          NO
88-89            0          0          0          NO
89-90            0          0          0          NO
90-91            0          0          0          NO
91-92            0          0          0          NO
133-92           0          0          0          NO
92-93            0          0          0          NO
93-94            0          0          0          NO
94-96            0          0          0          NO
96-97            0          0          0          NO
97-98            0          0          0          NO
98-99            0          0          0          NO
99-100           0          0          0          NO
150-103          0          0          0          NO
151-150          0          0          0          NO
152-151          0          0          0          NO
153-152          0          0          0          NO
154-153          0          0          0          NO
155-154          0          0          0          NO
155-169          0          0          0          NO
169-170          0          0          0          NO
170-71           0          0          0          NO
104-134          0          0          0          NO
105-104          0          0          0          NO
106-105          0          0          0          NO
107-106          0          0          0          NO
118-106          0          0          0          NO
119-118          0          0          0          NO
117-118          0          0          0          NO
120-119          0          0          0          NO
108-107          0          0          0          NO
109-108          0          0          0          NO
110-109          0          0          0          NO
111-110          0          0          0          NO
112-2            0          0          0          NO
113-112          0          0          0          NO
113-114          0          0          0          NO
114-156          0          0          0          NO
116-117          0          0          0          NO
121-120          0          0          0          NO
122-121          0          0          0          NO
123-122          0          0          0          NO
124-123          0          0          0          NO
126-125          0          0          0          NO
127-126          0          0          0          NO
131-129          0          0          0          NO
131-132          0          0          0          NO
132-133          0          0          0          NO
134-4            0          0          0          NO
142-135          0          0          0          NO
143-142          0          0          0          NO
144-145          0          0          0          NO
145-146          0          0          0          NO
146-180          0          0          0          NO
180-171          0          0          0          NO
156-157          0          0          0          NO
157-158          0          0          0          NO
158-159          0          0          0          NO
159-160          0          0          0          NO
160-161          0          0          0          NO
161-162          0          0          0          NO
162-163          0          0          0          NO
163-173          0          0          0          NO
164-165          0          0          0          NO
165-166          0          0          0          NO
173-164          0          0          0          NO
141-92           0          0          0          NO
136-141          0          0          0          NO
130-56           0          0          0          NO
137-130          0          0          0          NO
137-138          0          0          0          NO
138-139          0          0          0          NO
139-140          0          0          0          NO
171-172          0          0          0          NO
172-127          0          0          0          NO
176-115          0          0          0          NO
178-110          0          0          0          NO
175-178          0          0          0          NO
177-178          0          0          0          NO
143-181          0          0          0          NO
181-149a         0          0          0          NO
167-174          0          0          0          NO
174-177          0          0          0          NO
166-182          0          0          0          NO
179-180          0          0          0          NO
147-148          0          0          0          NO

[COORDINATES]
;;Node           X-Coord            Y-Coord
;;-------------- ------------------ ------------------
1                -199306.62         2091947.89        
2                -199546.88         2092133.41        
3                -198730.13         2090151.82        
4                -199297.03         2091752.21        
5                -199297.33         2091735.62        
6                -199297.94         2091707.65        
7                -199464.79         2091736.74        
8                -199626.66         2091774.89        
9                -199874.36         2092004.21        
10               -200075.49         2092156.85        
11               -200108.61         2092118.32        
12               -200404.02         2092377.56        
13               -200484.28         2092438.83        
14               -200764.53         2092654.35        
15               -200998.95         2092919.99        
16               -201098.07         2093199.32        
17               -201143.01         2093181.19        
18               -201151.94         2093204.62        
19               -201160.69         2093226.92        
20               -199060.91         2091621.10        
21               -198920.37         2091293.29        
22               -198791.50         2091012.20        
23               -198780.25         2090918.16        
24               -198805.31         2090782.21        
25               -198857.46         2090670.28        
26               -198906.05         2090477.45        
27               -198987.06         2090279.34        
28               -198902.09         2090283.77        
29               -199040.46         2090599.54        
30               -199135.88         2090905.20        
31               -199260.99         2091187.49        
32               -198936.50         2089942.28        
33               -198873.69         2089956.29        
34               -199270.50         2091210.08        
35               -199277.80         2091228.92        
36               -198869.15         2089930.01        
37               -198864.03         2089905.24        
38               -198785.86         2089608.54        
39               -198631.34         2089298.65        
40               -198448.08         2089042.64        
41               -198213.18         2088785.59        
42               -197933.86         2088549.11        
43               -197625.77         2088322.46        
44               -197641.16         2088299.52        
45               -197669.62         2088260.63        
46               -197583.09         2088198.53        
47               -197287.46         2087944.28        
48               -197067.92         2087616.90        
49               -196958.76         2087282.08        
50               -200933.64         2091986.20        
51               -201031.50         2092078.13        
52               -201325.74         2092598.00        
53               -201339.87         2092670.04        
54               -201310.20         2092697.58        
55               -201286.17         2092820.46        
56               -200944.26         2092180.57        
57               -201112.70         2092573.75        
58               -201022.21         2092478.43        
59               -200915.42         2092363.55        
60               -200679.84         2092174.53        
61               -200434.46         2091991.22        
62               -200226.93         2091860.46        
63               -200247.75         2091765.99        
64               -200187.67         2091811.62        
65               -200049.77         2091700.06        
66               -199851.67         2091472.50        
67               -199712.53         2091199.97        
68               -199645.25         2091045.06        
69               -199557.25         2090947.94        
70               -199468.70         2090674.02        
71               -199432.34         2090387.57        
72               -199383.65         2090100.79        
73               -199336.35         2089815.02        
74               -199296.59         2089612.87        
75               -199287.67         2089531.33        
76               -199237.62         2089245.68        
77               -199188.94         2088959.93        
78               -199140.26         2088669.96        
79               -199088.84         2088362.97        
80               -199044.76         2088109.58        
81               -198994.24         2087816.76        
82               -198943.08         2087530.88        
83               -198875.67         2087248.43        
84               -199030.55         2087430.79        
85               -201968.36         2089426.71        
86               -201797.56         2089505.16        
87               -201724.23         2089538.79        
88               -201545.23         2089680.61        
89               -201333.36         2089893.41        
90               -201143.83         2090080.03        
91               -200900.56         2090293.08        
92               -200739.85         2090434.30        
93               -200497.48         2090634.36        
94               -200313.57         2090780.41        
96               -200018.33         2090913.65        
97               -200043.10         2090969.27        
98               -199825.67         2091089.40        
99               -199783.47         2091111.71        
100              -199767.00         2091198.18        
101              -199741.86         2091196.47        
102              -200016.63         2091202.00        
103              -199725.76         2090482.79        
104              -198830.42         2091375.73        
105              -198654.16         2091372.42        
106              -198605.54         2091373.52        
107              -198549.19         2091374.62        
108              -198349.17         2091377.94        
109              -198044.73         2091347.01        
110              -197597.74         2091264.18        
111              -197467.95         2091192.96        
112              -199194.08         2092044.84        
113              -199150.56         2092086.81        
114              -199055.43         2092182.39        
115              -198544.28         2091260.23        
116              -198386.28         2091269.73        
117              -198474.62         2091323.69        
118              -198610.65         2091325.09        
119              -198621.16         2091301.26        
120              -198607.14         2091178.63        
121              -198584.00         2090921.45        
122              -198550.35         2090623.61        
123              -198523.00         2090330.68        
124              -198492.85         2090034.27        
125              -198492.15         2090020.95        
126              -198468.30         2089756.07        
127              -198521.59         2089697.21        
128              -201702.16         2089312.40        
129              -201138.30         2089819.44        
130              -201116.55         2092353.84        
131              -200833.79         2090136.11        
132              -200876.78         2090254.84        
133              -200738.75         2090393.36        
134              -198906.13         2091644.50        
135              -201522.33         2088763.71        
136              -201061.28         2090445.82        
137              -201218.51         2092351.12        
138              -201191.25         2092435.04        
139              -201247.41         2092536.39        
140              -201112.73         2092514.05        
141              -200770.76         2090468.00        
142              -201414.92         2088785.88        
143              -201380.81         2088877.23        
144              -198073.91         2087571.44        
145              -197990.99         2087834.27        
146              -197953.67         2087947.33        
147              -199076.59         2087384.27        
148              -199065.06         2087390.92        
149              -199442.60         2089586.22        
150              -199893.19         2090405.18        
151              -199943.75         2090472.08        
152              -199872.89         2090562.89        
153              -199772.83         2090693.42        
154              -199700.19         2090788.08        
155              -199618.43         2090492.27        
156              -199293.43         2092378.82        
157              -199346.70         2092452.98        
158              -199370.49         2092540.45        
159              -199162.16         2092570.88        
160              -198900.15         2092616.51        
161              -198623.67         2092662.15        
162              -198298.18         2092714.44        
163              -197980.78         2092763.88        
164              -197756.65         2092803.81        
165              -197503.01         2092845.65        
166              -197530.61         2093036.75        
167              -197250.73         2088853.24        
168              -201270.68         2091173.48        
170              -199507.74         2090339.31        
171              -198895.50         2089516.01        
172              -198733.77         2089596.37        
173              -197902.91         2092781.63        
174              -197077.50         2089546.53        
176              -198451.63         2091231.69        
175              -197475.27         2090670.88        
177              -197217.39         2090257.98        
178              -197537.18         2091193.57        
169              -199599.80         2090455.65        
179              -196979.50         2087799.37        
180              -198186.03         2088482.46        
181              -200898.08         2089252.84        
dummy            -198564.80         2091279.79        
dummymh2         -201055.02         2091174.57        
149a             -199468.94         2089579.37        
182              -194478.35         2094340.65        

[MAP]
DIMENSIONS -201968.36 2087248.43 -194478.35 2094340.65
Units      None

[REPORT]
INPUT            YES
SUBCATCHMENTS    ALL
NODES            ALL
LINKS            ALL



