;; SWMM5 .inp converted from XPSWMM .xp file
;; Generated by XPSWMM Card Reader
;; Source format: XP_CARD | Original title: RANGIORA SEWER NETWORK ANALYSIS STAGE III

[TITLE]
;;Project Title/Notes
RANGIORA SEWER NETWORK ANALYSIS STAGE III

[OPTIONS]
FLOW_UNITS           CMS
INFILTRATION         HORTON
FLOW_ROUTING         DYNWAVE
LINK_OFFSETS         DEPTH
MIN_SLOPE            0.0
ALLOW_PONDING        NO
SKIP_STEADY_STATE    NO
ROUTING_STEP         00:00:30
VARIABLE_STEP        0.75
INERTIAL_DAMPING     PARTIAL
NORMAL_FLOW_LIMITED  BOTH
MAX_TRIALS           50
HEAD_TOLERANCE       .001

[JUNCTIONS]
;;Name           Elev       MaxDepth   InitDepth  SurDepth   Aponded
;;-------------- ---------- ---------- ---------- ---------- ----------
0                34.21      0          0          0          0
0                33.55      0          0          0          0
0                32.87      0          0          0          0
0                31.71      0          0          0          0
0                30.97      0          0          0          0
0                30.63      0          0          0          0
0                27.67      0          0          0          0
0                27.15      0          0          0          0
0                25.80      0          0          0          0
0                24.32      0          0          0          0
0                24.16      0          0          0          0
0                21.91      0          0          0          0
0                21.60      0          0          0          0
0                20.00      0          0          0          0
0                20.58      0          0          0          0
0                19.72      0          0          0          0
0                19.13      0          0          0          0
0                18.74      0          0          0          0
0                18.50      0          0          0          0
0                18.25      0          0          0          0
0                18.00      0          0          0          0
0                17.52      0          0          0          0
0                17.05      0          0          0          0
0                19.69      0          0          0          0
0                18.89      0          0          0          0
0                18.61      0          0          0          0
0                20.98      0          0          0          0
0                19.50      0          0          0          0
0                19.53      0          0          0          0
0                20.31      0          0          0          0
0                29.02      0          0          0          0
0                28.36      0          0          0          0
0                27.51      0          0          0          0
0                22.56      0          0          0          0
0                22.03      0          0          0          0
0                26.80      0          0          0          0
0                26.50      0          0          0          0
0                26.06      0          0          0          0
0                25.65      0          0          0          0
0                24.88      0          0          0          0
0                24.45      0          0          0          0
0                23.82      0          0          0          0
0                23.55      0          0          0          0
0                22.76      0          0          0          0
0                32.60      0          0          0          0
0                32.26      0          0          0          0
0                32.10      0          0          0          0
0                31.26      0          0          0          0
0                30.58      0          0          0          0
0                30.20      0          0          0          0
0                29.81      0          0          0          0
0                29.27      0          0          0          0
0                29.10      0          0          0          0
0                23.86      0          0          0          0
0                23.45      0          0          0          0
0                23.14      0          0          0          0
0                22.50      0          0          0          0
0                21.04      0          0          0          0
0                33.40      0          0          0          0
0                33.05      0          0          0          0
0                32.00      0          0          0          0
0                31.77      0          0          0          0
0                30.98      0          0          0          0
0                30.70      0          0          0          0
0                30.34      0          0          0          0
0                35.62      0          0          0          0
0                35.28      0          0          0          0
0                35.14      0          0          0          0
0                34.53      0          0          0          0
0                34.24      0          0          0          0
0                34.81      0          0          0          0
0                34.12      0          0          0          0
0                34.24      0          0          0          0
0                34.07      0          0          0          0
0                32.62      0          0          0          0
0                32.30      0          0          0          0
0                32.77      0          0          0          0
0                30.97      0          0          0          0
0                30.20      0          0          0          0
0                26.25      0          0          0          0
0                36.05      0          0          0          0
0                35.84      0          0          0          0
0                34.98      0          0          0          0
0                34.81      0          0          0          0
0                35.15      0          0          0          0
0                34.70      0          0          0          0
0                32.44      0          0          0          0
0                31.00      0          0          0          0
0                30.42      0          0          0          0
0                34.78      0          0          0          0
0                34.64      0          0          0          0
0                34.49      0          0          0          0
0                32.65      0          0          0          0
0                32.00      0          0          0          0
0                31.35      0          0          0          0
0                31.40      0          0          0          0
0                31.12      0          0          0          0
0                30.03      0          0          0          0
0                29.75      0          0          0          0
0                25.88      0          0          0          0
0                26.10      0          0          0          0
0                28.85      0          0          0          0
0                26.24      0          0          0          0
0                26.47      0          0          0          0
0                30.82      0          0          0          0
0                29.46      0          0          0          0
0                29.86      0          0          0          0
0                27.00      0          0          0          0
0                29.04      0          0          0          0
0                28.37      0          0          0          0
0                28.40      0          0          0          0
0                27.85      0          0          0          0
0                28.50      0          0          0          0
0                28.63      0          0          0          0
0                29.15      0          0          0          0
0                31.40      0          0          0          0
0                31.20      0          0          0          0
0                31.18      0          0          0          0
0                32.36      0          0          0          0
0                33.87      0          0          0          0
0                33.80      0          0          0          0
0                26.18      0          0          0          0
0                25.30      0          0          0          0
0                25.75      0          0          0          0
0                24.59      0          0          0          0
0                24.75      0          0          0          0
0                23.15      0          0          0          0
0                23.08      0          0          0          0
0                22.88      0          0          0          0
0                23.09      0          0          0          0
0                22.80      0          0          0          0
0                22.42      0          0          0          0
0                20.88      0          0          0          0
0                20.15      0          0          0          0
0                22.25      0          0          0          0
0                21.67      0          0          0          0
0                21.00      0          0          0          0
0                20.15      0          0          0          0
0                22.97      0          0          0          0
0                24.79      0          0          0          0
0                24.16      0          0          0          0
0                23.64      0          0          0          0
0                23.65      0          0          0          0
0                24.46      0          0          0          0
0                23.12      0          0          0          0
0                22.50      0          0          0          0
0                23.21      0          0          0          0
0                22.70      0          0          0          0
0                24.15      0          0          0          0
0                24.82      0          0          0          0
0                22.36      0          0          0          0
0                16.40      0          0          0          0
0                16.20      0          0          0          0
0                31.23      0          0          0          0
0                23.44      0          0          0          0
0                38.80      0          0          0          0
0                20.23      0          0          0          0
0                20.44      0          0          0          0
0                32.80      0          0          0          0
0                31.50      0          0          0          0
0                21.00      0          0          0          0
0                37.00      0          0          0          0
0                30.64      0          0          0          0
0                29.22      0          0          0          0
0                29.11      0          0          0          0
0                27.14      0          0          0          0
0                19.00      0          0          0          0
0                35.96      0          0          0          0
0                34.40      0          0          0          0
0                33.22      0          0          0          0
0                18.00      0          0          0          0
0                25.39      0          0          0          0

[CONDUITS]
;;Name           From             To               Length     Roughness  InOffset   OutOffset  InitFlow   MaxFlow
;;-------------- ---------------- ---------------- ---------- ---------- ---------- ---------- ---------- ----------
203              ?                0                176.00     0.0182     32.78      32.23      0          0
205              ?                0                105.00     0.0182     32.23      31.48      0          0
207              ?                0                130.00     0.0173     31.48      30.49      0          0
209              ?                0                119.00     0.0173     30.49      29.65      0          0
211              ?                0                80.00      0.0173     29.65      29.02      0          0
213              ?                0                320.00     0.0173     29.02      26.58      0          0
215              ?                0                106.00     0.0173     26.58      25.65      0          0
217              ?                0                330.00     0.0173     25.65      24.09      0          0
221              ?                0                47.00      0.0182     22.96      22.72      0          0
225              ?                0                77.00      0.0173     19.59      19.35      0          0
229              ?                0                214.00     0.0182     18.57      17.91      0          0
233              ?                0                114.00     0.0140     17.37      17.05      0          0
235              ?                0                109.00     0.0182     17.05      16.45      0          0
237              ?                0                285.00     0.0137     16.45      16.10      0          0
239              ?                0                20.00      0.0137     16.10      16.04      0          0
242              ?                0                74.00      0.0137     16.04      15.95      0          0
244              ?                0                76.00      0.0137     15.95      15.87      0          0
246              ?                0                95.00      0.0137     15.87      15.76      0          0
250              ?                0                205.00     0.0182     17.69      17.08      0          0
251              ?                0                105.00     0.0182     17.08      16.77      0          0
253              ?                0                185.00     0.0182     16.77      15.95      0          0
258              ?                0                125.00     0.0182     18.98      18.57      0          0
285              ?                0                134.00     0.0162     17.79      16.99      0          0
287              ?                0                142.00     0.0173     18.28      17.79      0          0
227              ?                0                282.00     0.0173     19.35      18.28      0          0
290              ?                0                89.00      0.0182     27.05      26.58      0          0
291              ?                0                117.00     0.0173     26.58      25.97      0          0
293              ?                0                75.00      0.0173     25.97      25.65      0          0
219              ?                0                555.00     0.0173     24.09      21.32      0          0
296              ?                0                96.00      0.0162     21.32      20.93      0          0
298              ?                0                205.00     0.0162     20.93      20.00      0          0
301              ?                0                125.00     0.0182     25.93      25.35      0          0
303              ?                0                150.00     0.0173     25.35      24.82      0          0
305              ?                0                75.00      0.0173     24.82      24.45      0          0
307              ?                0                150.00     0.0173     24.45      23.49      0          0
309              ?                0                67.00      0.0173     23.49      23.32      0          0
311              ?                0                93.00      0.0173     23.32      22.72      0          0
313              ?                0                74.00      0.0162     22.72      22.48      0          0
319              ?                0                70.00      0.0162     21.69      21.32      0          0
205              ?                0                195.00     0.0140     32.38      31.38      0          0
322              ?                0                177.00     0.0140     31.38      30.64      0          0
324              ?                0                90.00      0.0140     30.64      30.28      0          0
326              ?                0                136.00     0.0140     30.28      29.65      0          0
330              ?                0                154.00     0.0182     29.18      28.67      0          0
332              ?                0                115.00     0.0182     28.67      27.97      0          0
334              ?                0                59.00      0.0173     27.97      27.77      0          0
336              ?                0                189.00     0.0173     27.77      27.11      0          0
338              ?                0                426.00     0.0182     27.11      23.02      0          0
340              ?                0                122.00     0.0182     23.15      21.94      0          0
342              ?                0                80.00      0.0182     21.94      21.69      0          0
349              ?                0                213.00     0.0173     21.32      20.38      0          0
351              ?                0                70.00      0.0173     20.38      20.10      0          0
354              ?                0                140.00     0.0182     32.13      31.41      0          0
355              ?                0                156.00     0.0182     31.41      30.89      0          0
357              ?                0                107.00     0.0173     30.89      30.39      0          0
359              ?                0                210.00     0.0182     30.39      29.63      0          0
361              ?                0                92.00      0.0173     29.41      29.08      0          0
363              ?                0                106.00     0.0173     29.08      28.66      0          0
365              ?                0                152.00     0.0173     28.66      27.97      0          0
368              ?                0                115.00     0.0140     34.63      34.11      0          0
369              ?                0                102.00     0.0140     34.11      33.66      0          0
371              ?                0                99.00      0.0140     33.66      33.30      0          0
373              ?                0                102.00     0.0182     33.30      32.96      0          0
375              ?                0                40.00      0.0182     32.96      32.78      0          0
378              ?                0                148.00     0.0182     33.61      32.92      0          0
379              ?                0                143.00     0.0182     32.92      32.00      0          0
382              ?                0                106.00     0.0140     33.07      32.75      0          0
383              ?                0                210.00     0.0140     32.75      31.84      0          0
385              ?                0                125.00     0.0140     31.84      31.49      0          0
387              ?                0                129.00     0.0140     31.49      30.83      0          0
390              ?                0                412.00     0.0140     31.37      29.65      0          0
392              ?                0                147.00     0.0140     29.55      28.90      0          0
394              ?                0                418.00     0.0140     28.90      25.38      0          0
396              ?                0                138.00     0.0182     25.38      24.45      0          0
426              ?                0                120.00     0.0182     35.13      34.64      0          0
428              ?                0                195.00     0.0182     34.64      33.30      0          0
432              ?                0                198.00     0.0182     34.15      32.96      0          0
428              ?                0                103.00     0.0182     34.64      34.15      0          0
432              ?                0                110.00     0.0182     34.23      33.57      0          0
436              ?                0                308.00     0.0182     33.57      32.13      0          0
444              ?                0                167.00     0.0182     33.85      33.50      0          0
446              ?                0                325.00     0.0182     33.50      31.41      0          0
473              ?                0                365.00     0.0140     31.26      29.79      0          0
474              ?                0                110.00     0.0182     29.79      29.22      0          0
476              ?                0                40.00      0.0182     29.22      29.08      0          0
481              ?                0                103.00     0.0182     34.12      33.83      0          0
482              ?                0                103.00     0.0182     33.83      33.61      0          0
486              ?                0                245.00     0.0182     33.80      32.37      0          0
491              ?                0                133.00     0.0140     31.78      31.04      0          0
493              ?                0                90.00      0.0140     30.38      30.28      0          0
495              ?                0                143.00     0.0140     30.15      29.65      0          0
497              ?                0                98.00      0.0140     30.43      29.70      0          0
498              ?                0                70.00      0.0182     29.70      29.18      0          0
501              ?                0                135.00     0.0182     28.74      28.17      0          0
502              ?                0                393.00     0.0182     28.17      24.53      0          0
504              ?                0                195.00     0.0182     24.53      22.72      0          0
508              ?                0                163.00     0.0182     24.90      23.59      0          0
511              ?                0                293.00     0.0140     27.64      25.04      0          0
515              ?                0                475.00     0.0140     24.88      20.38      0          0
517              ?                0                278.00     0.0140     29.62      28.26      0          0
518              ?                0                133.00     0.0182     28.26      27.11      0          0
539              ?                0                325.00     0.0140     28.38      25.80      0          0
540              ?                0                60.00      0.0182     25.80      25.38      0          0
543              ?                0                295.00     0.0182     27.95      25.35      0          0
545              ?                0                178.00     0.0140     27.17      25.93      0          0
547              ?                0                138.00     0.0182     27.10      26.60      0          0
548              ?                0                55.00      0.0182     26.60      25.97      0          0
551              ?                0                165.00     0.0173     27.23      26.58      0          0
553              ?                0                180.00     0.0182     27.43      27.23      0          0
555              ?                0                68.00      0.0173     27.30      27.23      0          0
557              ?                0                233.00     0.0140     30.10      29.80      0          0
558              ?                0                75.00      0.0182     29.80      27.25      0          0
562              ?                0                128.00     0.0173     30.77      29.70      0          0
564              ?                0                245.00     0.0173     32.09      30.77      0          0
382              ?                0                125.00     0.0182     32.57      32.09      0          0
567              ?                0                138.00     0.0140     32.49      32.09      0          0
569              ?                0                165.00     0.0182     24.48      23.76      0          0
576              ?                0                210.00     0.0182     24.45      23.76      0          0
570              ?                0                95.00      0.0182     23.76      23.29      0          0
580              ?                0                110.00     0.0182     23.29      22.72      0          0
584              ?                0                140.00     0.0182     23.53      22.79      0          0
585              ?                0                50.00      0.0182     22.79      22.29      0          0
587              ?                0                85.00      0.0192     22.29      21.82      0          0
596              ?                0                90.00      0.0182     22.29      21.82      0          0
593              ?                0                160.00     0.0182     21.82      21.16      0          0
599              ?                0                90.00      0.0182     21.16      20.61      0          0
601              ?                0                190.00     0.0182     20.61      19.52      0          0
603              ?                0                103.00     0.0182     19.52      18.85      0          0
608              ?                0                363.00     0.0182     20.93      18.85      0          0
613              ?                0                93.00      0.0182     20.05      19.79      0          0
615              ?                0                350.00     0.0182     19.79      18.85      0          0
617              ?                0                275.00     0.0182     18.85      17.79      0          0
620              ?                0                148.00     0.0182     21.64      20.61      0          0
623              ?                0                188.00     0.0182     23.49      22.76      0          0
625              ?                0                95.00      0.0182     22.76      22.34      0          0
627              ?                0                225.00     0.0182     22.34      21.45      0          0
629              ?                0                90.00      0.0182     21.45      20.91      0          0
633              ?                0                98.00      0.0173     20.91      20.30      0          0
635              ?                0                110.00     0.0173     20.30      19.59      0          0
639              ?                0                183.00     0.0182     21.87      20.91      0          0
643              ?                0                263.00     0.0182     21.45      20.30      0          0
647              ?                0                75.00      0.0182     22.74      22.34      0          0
652              ?                0                170.00     0.0182     23.53      22.96      0          0
223              ?                0                320.00     0.0173     22.72      20.52      0          0
655              ?                0                188.00     0.0173     20.52      19.59      0          0
248              ?                0                222.00     0.0137     15.76      15.52      0          0
658              ?                0                50.00      0.0137     15.52      14.74      0          0
315              ?                0                120.00     0.0162     22.48      21.69      0          0
328              ?                0                25.00      0.0140     29.65      29.56      0          0
670              ?                0                135.00     0.0182     29.56      29.18      0          0
673              ?                0                65.00      0.0173     22.41      21.94      0          0
340              ?                0                63.00      0.0173     23.02      22.41      0          0
345              ?                0                143.00     0.0173     21.94      21.32      0          0
512              ?                0                220.00     0.0182     25.04      21.94      0          0
679              ?                0                1125.00    0.0182     36.60      32.57      0          0
561              ?                0                250.00     0.0173     29.70      27.25      0          0
700              ?                0                174.00     0.0159     19.40      18.79      0          0
684              ?                0                191.00     0.0159     18.79      17.86      0          0
686              ?                0                441.00     0.0159     17.86      17.21      0          0
207              ?                0                60.00      0.0140     32.00      31.30      0          0
209              ?                0                60.00      0.0140     30.84      30.10      0          0
694              ?                0                200.00     0.0140     30.10      29.55      0          0
692              ?                0                130.00     0.0140     31.30      30.10      0          0
231              0                0                182.00     0.0182     17.91      17.37      0          0
227              ?                0                300.00     0.0140     19.35      18.57      0          0
727              ?                0                601.00     0.0140     30.84      29.12      0          0
711              ?                0                505.00     0.0140     29.12      27.66      0          0
713              ?                0                85.00      0.0140     27.66      27.20      0          0
715              ?                0                415.00     0.0140     27.20      24.91      0          0
717              ?                0                527.00     0.0140     24.91      20.03      0          0
365              ?                0                240.00     0.0140     28.66      27.66      0          0
217              ?                0                400.00     0.0140     25.65      23.89      0          0
722              ?                0                150.00     0.0140     17.21      16.99      0          0
710              ?                0                280.00     0.0140     35.08      33.96      0          0
725              ?                0                400.00     0.0140     33.96      32.36      0          0
726              ?                0                380.00     0.0140     32.36      30.84      0          0
283              ?                0                320.00     0.0137     16.99      16.66      0          0
731              ?                0                200.00     0.0137     16.66      16.45      0          0
735              ?                0                400.00     0.0140     23.89      22.14      0          0
631              ?                0                1745.00    0.0140     22.14      15.95      0          0
605              0                0                160.00     0.0172     18.85      18.28      0          0

[XSECTIONS]
;;Link           Shape        Geom1      Geom2      Geom3      Geom4      Barrels
;;-------------- ------------ ---------- ---------- ---------- ---------- ----------
203              CIRCULAR     0.20       0          0          0          1
205              CIRCULAR     0.20       0          0          0          1
207              CIRCULAR     0.23       0          0          0          1
209              CIRCULAR     0.23       0          0          0          1
211              CIRCULAR     0.23       0          0          0          1
213              CIRCULAR     0.23       0          0          0          1
215              CIRCULAR     0.23       0          0          0          1
217              CIRCULAR     0.20       0          0          0          1
221              CIRCULAR     0.15       0          0          0          1
225              CIRCULAR     0.23       0          0          0          1
229              CIRCULAR     0.23       0          0          0          1
233              CIRCULAR     0.30       0          0          0          1
235              CIRCULAR     0.30       0          0          0          1
237              CIRCULAR     0.60       0          0          0          1
239              CIRCULAR     0.60       0          0          0          1
242              CIRCULAR     0.60       0          0          0          1
244              CIRCULAR     0.60       0          0          0          1
246              CIRCULAR     0.60       0          0          0          1
250              CIRCULAR     0.20       0          0          0          1
251              CIRCULAR     0.20       0          0          0          1
253              CIRCULAR     0.20       0          0          0          1
258              CIRCULAR     0.15       0          0          0          1
285              CIRCULAR     0.23       0          0          0          1
287              CIRCULAR     0.23       0          0          0          1
227              CIRCULAR     0.23       0          0          0          1
290              CIRCULAR     0.15       0          0          0          1
291              CIRCULAR     0.20       0          0          0          1
293              CIRCULAR     0.20       0          0          0          1
219              CIRCULAR     0.20       0          0          0          1
296              CIRCULAR     0.38       0          0          0          1
298              CIRCULAR     0.38       0          0          0          1
301              CIRCULAR     0.15       0          0          0          1
303              CIRCULAR     0.15       0          0          0          1
305              CIRCULAR     0.15       0          0          0          1
307              CIRCULAR     0.23       0          0          0          1
309              CIRCULAR     0.23       0          0          0          1
311              CIRCULAR     0.23       0          0          0          1
313              CIRCULAR     0.23       0          0          0          1
319              CIRCULAR     0.30       0          0          0          1
205              CIRCULAR     0.15       0          0          0          1
322              CIRCULAR     0.15       0          0          0          1
324              CIRCULAR     0.15       0          0          0          1
326              CIRCULAR     0.20       0          0          0          1
330              CIRCULAR     0.20       0          0          0          1
332              CIRCULAR     0.20       0          0          0          1
334              CIRCULAR     0.20       0          0          0          1
336              CIRCULAR     0.20       0          0          0          1
338              CIRCULAR     0.23       0          0          0          1
340              CIRCULAR     0.23       0          0          0          1
342              CIRCULAR     0.23       0          0          0          1
349              CIRCULAR     0.30       0          0          0          1
351              CIRCULAR     0.30       0          0          0          1
354              CIRCULAR     0.23       0          0          0          1
355              CIRCULAR     0.23       0          0          0          1
357              CIRCULAR     0.20       0          0          0          1
359              CIRCULAR     0.20       0          0          0          1
361              CIRCULAR     0.23       0          0          0          1
363              CIRCULAR     0.25       0          0          0          1
365              CIRCULAR     0.20       0          0          0          1
368              CIRCULAR     0.15       0          0          0          1
369              CIRCULAR     0.20       0          0          0          1
371              CIRCULAR     0.20       0          0          0          1
373              CIRCULAR     0.20       0          0          0          1
375              CIRCULAR     0.20       0          0          0          1
378              CIRCULAR     0.15       0          0          0          1
379              CIRCULAR     0.15       0          0          0          1
382              CIRCULAR     0.15       0          0          0          1
383              CIRCULAR     0.23       0          0          0          1
385              CIRCULAR     0.15       0          0          0          1
387              CIRCULAR     0.15       0          0          0          1
390              CIRCULAR     0.20       0          0          0          1
392              CIRCULAR     0.15       0          0          0          1
394              CIRCULAR     0.15       0          0          0          1
396              CIRCULAR     0.15       0          0          0          1
426              CIRCULAR     0.15       0          0          0          1
428              CIRCULAR     0.15       0          0          0          1
432              CIRCULAR     0.15       0          0          0          1
428              CIRCULAR     0.15       0          0          0          1
432              CIRCULAR     0.15       0          0          0          1
436              CIRCULAR     0.15       0          0          0          1
444              CIRCULAR     0.15       0          0          0          1
446              CIRCULAR     0.15       0          0          0          1
473              CIRCULAR     0.15       0          0          0          1
474              CIRCULAR     0.15       0          0          0          1
476              CIRCULAR     0.23       0          0          0          1
481              CIRCULAR     0.13       0          0          0          1
482              CIRCULAR     0.15       0          0          0          1
486              CIRCULAR     0.15       0          0          0          1
491              CIRCULAR     0.15       0          0          0          1
493              CIRCULAR     0.15       0          0          0          1
495              CIRCULAR     0.15       0          0          0          1
497              CIRCULAR     0.15       0          0          0          1
498              CIRCULAR     0.15       0          0          0          1
501              CIRCULAR     0.15       0          0          0          1
502              CIRCULAR     0.15       0          0          0          1
504              CIRCULAR     0.15       0          0          0          1
508              CIRCULAR     0.15       0          0          0          1
511              CIRCULAR     0.15       0          0          0          1
515              CIRCULAR     0.15       0          0          0          1
517              CIRCULAR     0.15       0          0          0          1
518              CIRCULAR     0.15       0          0          0          1
539              CIRCULAR     0.15       0          0          0          1
540              CIRCULAR     0.15       0          0          0          1
543              CIRCULAR     0.15       0          0          0          1
545              CIRCULAR     0.15       0          0          0          1
547              CIRCULAR     0.15       0          0          0          1
548              CIRCULAR     0.15       0          0          0          1
551              CIRCULAR     0.20       0          0          0          1
553              CIRCULAR     0.15       0          0          0          1
555              CIRCULAR     0.20       0          0          0          1
557              CIRCULAR     0.15       0          0          0          1
558              CIRCULAR     0.15       0          0          0          1
562              CIRCULAR     0.15       0          0          0          1
564              CIRCULAR     0.15       0          0          0          1
382              CIRCULAR     0.15       0          0          0          1
567              CIRCULAR     0.15       0          0          0          1
569              CIRCULAR     0.15       0          0          0          1
576              CIRCULAR     0.15       0          0          0          1
570              CIRCULAR     0.15       0          0          0          1
580              CIRCULAR     0.15       0          0          0          1
584              CIRCULAR     0.15       0          0          0          1
585              CIRCULAR     0.15       0          0          0          1
587              CIRCULAR     0.15       0          0          0          1
596              CIRCULAR     0.15       0          0          0          1
593              CIRCULAR     0.15       0          0          0          1
599              CIRCULAR     0.15       0          0          0          1
601              CIRCULAR     0.15       0          0          0          1
603              CIRCULAR     0.15       0          0          0          1
608              CIRCULAR     0.15       0          0          0          1
613              CIRCULAR     0.15       0          0          0          1
615              CIRCULAR     0.15       0          0          0          1
617              CIRCULAR     0.15       0          0          0          1
620              CIRCULAR     0.15       0          0          0          1
623              CIRCULAR     0.15       0          0          0          1
625              CIRCULAR     0.15       0          0          0          1
627              CIRCULAR     0.15       0          0          0          1
629              CIRCULAR     0.20       0          0          0          1
633              CIRCULAR     0.20       0          0          0          1
635              CIRCULAR     0.20       0          0          0          1
639              CIRCULAR     0.15       0          0          0          1
643              CIRCULAR     0.15       0          0          0          1
647              CIRCULAR     0.15       0          0          0          1
652              CIRCULAR     0.15       0          0          0          1
223              CIRCULAR     0.15       0          0          0          1
655              CIRCULAR     0.15       0          0          0          1
248              CIRCULAR     0.60       0          0          0          1
658              CIRCULAR     0.60       0          0          0          1
315              CIRCULAR     0.23       0          0          0          1
328              CIRCULAR     0.20       0          0          0          1
670              CIRCULAR     0.20       0          0          0          1
673              CIRCULAR     0.23       0          0          0          1
340              CIRCULAR     0.23       0          0          0          1
345              CIRCULAR     0.25       0          0          0          1
512              CIRCULAR     0.15       0          0          0          1
679              CIRCULAR     0.15       0          0          0          1
561              CIRCULAR     0.15       0          0          0          1
700              CIRCULAR     0.45       0          0          0          1
684              CIRCULAR     0.53       0          0          0          1
686              CIRCULAR     0.53       0          0          0          1
207              CIRCULAR     0.15       0          0          0          1
209              CIRCULAR     0.15       0          0          0          1
694              CIRCULAR     0.15       0          0          0          1
692              CIRCULAR     0.15       0          0          0          1
231              CIRCULAR     0.23       0          0          0          1
227              CIRCULAR     0.23       0          0          0          1
727              CIRCULAR     0.32       0          0          0          1
711              CIRCULAR     0.30       0          0          0          1
713              CIRCULAR     0.30       0          0          0          1
715              CIRCULAR     0.30       0          0          0          1
717              CIRCULAR     0.30       0          0          0          1
365              CIRCULAR     0.20       0          0          0          1
217              CIRCULAR     0.25       0          0          0          1
722              CIRCULAR     0.53       0          0          0          1
710              CIRCULAR     0.20       0          0          0          1
725              CIRCULAR     0.20       0          0          0          1
726              CIRCULAR     0.25       0          0          0          1
283              CIRCULAR     0.60       0          0          0          1
731              CIRCULAR     0.60       0          0          0          1
735              CIRCULAR     0.25       0          0          0          1
631              CIRCULAR     0.30       0          0          0          1
605              CIRCULAR     0.15       0          0          0          1

[LOSSES]
;;Link           Inlet      Outlet     Average    Flap Gate
;;-------------- ---------- ---------- ---------- ----------
203              0          0          0          NO
205              0          0          0          NO
207              0          0          0          NO
209              0          0          0          NO
211              0          0          0          NO
213              0          0          0          NO
215              0          0          0          NO
217              0          0          0          NO
221              0          0          0          NO
225              0          0          0          NO
229              0          0          0          NO
233              0          0          0          NO
235              0          0          0          NO
237              0          0          0          NO
239              0          0          0          NO
242              0          0          0          NO
244              0          0          0          NO
246              0          0          0          NO
250              0          0          0          NO
251              0          0          0          NO
253              0          0          0          NO
258              0          0          0          NO
285              0          0          0          NO
287              0          0          0          NO
227              0          0          0          NO
290              0          0          0          NO
291              0          0          0          NO
293              0          0          0          NO
219              0          0          0          NO
296              0          0          0          NO
298              0          0          0          NO
301              0          0          0          NO
303              0          0          0          NO
305              0          0          0          NO
307              0          0          0          NO
309              0          0          0          NO
311              0          0          0          NO
313              0          0          0          NO
319              0          0          0          NO
205              0          0          0          NO
322              0          0          0          NO
324              0          0          0          NO
326              0          0          0          NO
330              0          0          0          NO
332              0          0          0          NO
334              0          0          0          NO
336              0          0          0          NO
338              0          0          0          NO
340              0          0          0          NO
342              0          0          0          NO
349              0          0          0          NO
351              0          0          0          NO
354              0          0          0          NO
355              0          0          0          NO
357              0          0          0          NO
359              0          0          0          NO
361              0          0          0          NO
363              0          0          0          NO
365              0          0          0          NO
368              0          0          0          NO
369              0          0          0          NO
371              0          0          0          NO
373              0          0          0          NO
375              0          0          0          NO
378              0          0          0          NO
379              0          0          0          NO
382              0          0          0          NO
383              0          0          0          NO
385              0          0          0          NO
387              0          0          0          NO
390              0          0          0          NO
392              0          0          0          NO
394              0          0          0          NO
396              0          0          0          NO
426              0          0          0          NO
428              0          0          0          NO
432              0          0          0          NO
428              0          0          0          NO
432              0          0          0          NO
436              0          0          0          NO
444              0          0          0          NO
446              0          0          0          NO
473              0          0          0          NO
474              0          0          0          NO
476              0          0          0          NO
481              0          0          0          NO
482              0          0          0          NO
486              0          0          0          NO
491              0          0          0          NO
493              0          0          0          NO
495              0          0          0          NO
497              0          0          0          NO
498              0          0          0          NO
501              0          0          0          NO
502              0          0          0          NO
504              0          0          0          NO
508              0          0          0          NO
511              0          0          0          NO
515              0          0          0          NO
517              0          0          0          NO
518              0          0          0          NO
539              0          0          0          NO
540              0          0          0          NO
543              0          0          0          NO
545              0          0          0          NO
547              0          0          0          NO
548              0          0          0          NO
551              0          0          0          NO
553              0          0          0          NO
555              0          0          0          NO
557              0          0          0          NO
558              0          0          0          NO
562              0          0          0          NO
564              0          0          0          NO
382              0          0          0          NO
567              0          0          0          NO
569              0          0          0          NO
576              0          0          0          NO
570              0          0          0          NO
580              0          0          0          NO
584              0          0          0          NO
585              0          0          0          NO
587              0          0          0          NO
596              0          0          0          NO
593              0          0          0          NO
599              0          0          0          NO
601              0          0          0          NO
603              0          0          0          NO
608              0          0          0          NO
613              0          0          0          NO
615              0          0          0          NO
617              0          0          0          NO
620              0          0          0          NO
623              0          0          0          NO
625              0          0          0          NO
627              0          0          0          NO
629              0          0          0          NO
633              0          0          0          NO
635              0          0          0          NO
639              0          0          0          NO
643              0          0          0          NO
647              0          0          0          NO
652              0          0          0          NO
223              0          0          0          NO
655              0          0          0          NO
248              0          0          0          NO
658              0          0          0          NO
315              0          0          0          NO
328              0          0          0          NO
670              0          0          0          NO
673              0          0          0          NO
340              0          0          0          NO
345              0          0          0          NO
512              0          0          0          NO
679              0          0          0          NO
561              0          0          0          NO
700              0          0          0          NO
684              0          0          0          NO
686              0          0          0          NO
207              0          0          0          NO
209              0          0          0          NO
694              0          0          0          NO
692              0          0          0          NO
231              0          0          0          NO
227              0          0          0          NO
727              0          0          0          NO
711              0          0          0          NO
713              0          0          0          NO
715              0          0          0          NO
717              0          0          0          NO
365              0          0          0          NO
217              0          0          0          NO
722              0          0          0          NO
710              0          0          0          NO
725              0          0          0          NO
726              0          0          0          NO
283              0          0          0          NO
731              0          0          0          NO
735              0          0          0          NO
631              0          0          0          NO
605              0          0          0          NO

[INFLOWS]
;;Node           Constituent  Time Series      Type     Mfactor  Sfactor  Baseline Pattern
;;-------------- ------------ ---------------- -------- -------- -------- -------- --------
0                FLOW         ""               FLOW     1.0      1.0      0.00
0                FLOW         ""               FLOW     1.0      1.0      0.00
0                FLOW         ""               FLOW     1.0      1.0      0.00
0                FLOW         ""               FLOW     1.0      1.0      0.00
0                FLOW         ""               FLOW     1.0      1.0      0.00
0                FLOW         ""               FLOW     1.0      1.0      0.00
0                FLOW         ""               FLOW     1.0      1.0      0.00
0                FLOW         ""               FLOW     1.0      1.0      0.00
0                FLOW         ""               FLOW     1.0      1.0      0.00
0                FLOW         ""               FLOW     1.0      1.0      0.00
0                FLOW         ""               FLOW     1.0      1.0      0.00
0                FLOW         ""               FLOW     1.0      1.0      0.00
0                FLOW         ""               FLOW     1.0      1.0      0.00
0                FLOW         ""               FLOW     1.0      1.0      0.00
0                FLOW         ""               FLOW     1.0      1.0      0.00
0                FLOW         ""               FLOW     1.0      1.0      0.00
0                FLOW         ""               FLOW     1.0      1.0      0.00
0                FLOW         ""               FLOW     1.0      1.0      0.00
0                FLOW         ""               FLOW     1.0      1.0      0.00
0                FLOW         ""               FLOW     1.0      1.0      0.00
0                FLOW         ""               FLOW     1.0      1.0      0.00
0                FLOW         ""               FLOW     1.0      1.0      0.00
0                FLOW         ""               FLOW     1.0      1.0      0.00
0                FLOW         ""               FLOW     1.0      1.0      0.00
0                FLOW         ""               FLOW     1.0      1.0      0.00
0                FLOW         ""               FLOW     1.0      1.0      0.00
0                FLOW         ""               FLOW     1.0      1.0      0.00
0                FLOW         ""               FLOW     1.0      1.0      0.00
0                FLOW         ""               FLOW     1.0      1.0      0.00
0                FLOW         ""               FLOW     1.0      1.0      0.00
0                FLOW         ""               FLOW     1.0      1.0      0.00
0                FLOW         ""               FLOW     1.0      1.0      0.00
0                FLOW         ""               FLOW     1.0      1.0      0.00
0                FLOW         ""               FLOW     1.0      1.0      0.00
0                FLOW         ""               FLOW     1.0      1.0      0.00
0                FLOW         ""               FLOW     1.0      1.0      0.00
0                FLOW         ""               FLOW     1.0      1.0      0.00
0                FLOW         ""               FLOW     1.0      1.0      0.00
0                FLOW         ""               FLOW     1.0      1.0      0.00
0                FLOW         ""               FLOW     1.0      1.0      0.00
0                FLOW         ""               FLOW     1.0      1.0      0.00
0                FLOW         ""               FLOW     1.0      1.0      0.00
0                FLOW         ""               FLOW     1.0      1.0      0.00
0                FLOW         ""               FLOW     1.0      1.0      0.00
0                FLOW         ""               FLOW     1.0      1.0      0.00
0                FLOW         ""               FLOW     1.0      1.0      0.00
0                FLOW         ""               FLOW     1.0      1.0      0.00
0                FLOW         ""               FLOW     1.0      1.0      0.00
0                FLOW         ""               FLOW     1.0      1.0      0.00
0                FLOW         ""               FLOW     1.0      1.0      0.00
0                FLOW         ""               FLOW     1.0      1.0      0.00
0                FLOW         ""               FLOW     1.0      1.0      0.00
0                FLOW         ""               FLOW     1.0      1.0      0.00
0                FLOW         ""               FLOW     1.0      1.0      0.00
0                FLOW         ""               FLOW     1.0      1.0      0.00
0                FLOW         ""               FLOW     1.0      1.0      0.00
0                FLOW         ""               FLOW     1.0      1.0      0.00
0                FLOW         ""               FLOW     1.0      1.0      0.00
0                FLOW         ""               FLOW     1.0      1.0      0.00
0                FLOW         ""               FLOW     1.0      1.0      0.00
0                FLOW         ""               FLOW     1.0      1.0      0.00
0                FLOW         ""               FLOW     1.0      1.0      0.00
0                FLOW         ""               FLOW     1.0      1.0      0.00
0                FLOW         ""               FLOW     1.0      1.0      0.00
0                FLOW         ""               FLOW     1.0      1.0      0.00
0                FLOW         ""               FLOW     1.0      1.0      0.00
0                FLOW         ""               FLOW     1.0      1.0      0.00
0                FLOW         ""               FLOW     1.0      1.0      0.00
0                FLOW         ""               FLOW     1.0      1.0      0.00
0                FLOW         ""               FLOW     1.0      1.0      0.00
0                FLOW         ""               FLOW     1.0      1.0      0.00
0                FLOW         ""               FLOW     1.0      1.0      0.00
0                FLOW         ""               FLOW     1.0      1.0      0.00
0                FLOW         ""               FLOW     1.0      1.0      0.00
0                FLOW         ""               FLOW     1.0      1.0      0.00
0                FLOW         ""               FLOW     1.0      1.0      0.00
0                FLOW         ""               FLOW     1.0      1.0      0.00
0                FLOW         ""               FLOW     1.0      1.0      0.00
0                FLOW         ""               FLOW     1.0      1.0      0.00
0                FLOW         ""               FLOW     1.0      1.0      0.00
0                FLOW         ""               FLOW     1.0      1.0      0.00
0                FLOW         ""               FLOW     1.0      1.0      0.00
0                FLOW         ""               FLOW     1.0      1.0      0.00
0                FLOW         ""               FLOW     1.0      1.0      0.00
0                FLOW         ""               FLOW     1.0      1.0      0.00
0                FLOW         ""               FLOW     1.0      1.0      0.00
0                FLOW         ""               FLOW     1.0      1.0      0.00
0                FLOW         ""               FLOW     1.0      1.0      0.00
0                FLOW         ""               FLOW     1.0      1.0      0.00
0                FLOW         ""               FLOW     1.0      1.0      0.00
0                FLOW         ""               FLOW     1.0      1.0      0.00
0                FLOW         ""               FLOW     1.0      1.0      0.00
0                FLOW         ""               FLOW     1.0      1.0      0.00
0                FLOW         ""               FLOW     1.0      1.0      0.00
0                FLOW         ""               FLOW     1.0      1.0      0.00
0                FLOW         ""               FLOW     1.0      1.0      0.00
0                FLOW         ""               FLOW     1.0      1.0      0.00
0                FLOW         ""               FLOW     1.0      1.0      0.00
0                FLOW         ""               FLOW     1.0      1.0      0.00
0                FLOW         ""               FLOW     1.0      1.0      0.00
0                FLOW         ""               FLOW     1.0      1.0      0.00
0                FLOW         ""               FLOW     1.0      1.0      0.00
0                FLOW         ""               FLOW     1.0      1.0      0.00
0                FLOW         ""               FLOW     1.0      1.0      0.00
0                FLOW         ""               FLOW     1.0      1.0      0.00
0                FLOW         ""               FLOW     1.0      1.0      0.00
0                FLOW         ""               FLOW     1.0      1.0      0.00
0                FLOW         ""               FLOW     1.0      1.0      0.00
0                FLOW         ""               FLOW     1.0      1.0      0.00
0                FLOW         ""               FLOW     1.0      1.0      0.00
0                FLOW         ""               FLOW     1.0      1.0      0.00
0                FLOW         ""               FLOW     1.0      1.0      0.00
0                FLOW         ""               FLOW     1.0      1.0      0.00
0                FLOW         ""               FLOW     1.0      1.0      0.00
0                FLOW         ""               FLOW     1.0      1.0      0.00
0                FLOW         ""               FLOW     1.0      1.0      0.00
0                FLOW         ""               FLOW     1.0      1.0      0.00
0                FLOW         ""               FLOW     1.0      1.0      0.00
0                FLOW         ""               FLOW     1.0      1.0      0.00
0                FLOW         ""               FLOW     1.0      1.0      0.00
0                FLOW         ""               FLOW     1.0      1.0      0.00
0                FLOW         ""               FLOW     1.0      1.0      0.00
0                FLOW         ""               FLOW     1.0      1.0      0.00
0                FLOW         ""               FLOW     1.0      1.0      0.00
0                FLOW         ""               FLOW     1.0      1.0      0.00
0                FLOW         ""               FLOW     1.0      1.0      0.00
0                FLOW         ""               FLOW     1.0      1.0      0.00
0                FLOW         ""               FLOW     1.0      1.0      0.00
0                FLOW         ""               FLOW     1.0      1.0      0.00
0                FLOW         ""               FLOW     1.0      1.0      0.00
0                FLOW         ""               FLOW     1.0      1.0      0.00
0                FLOW         ""               FLOW     1.0      1.0      0.00
0                FLOW         ""               FLOW     1.0      1.0      0.00
0                FLOW         ""               FLOW     1.0      1.0      0.00
0                FLOW         ""               FLOW     1.0      1.0      0.00
0                FLOW         ""               FLOW     1.0      1.0      0.00
0                FLOW         ""               FLOW     1.0      1.0      0.00
0                FLOW         ""               FLOW     1.0      1.0      0.00
0                FLOW         ""               FLOW     1.0      1.0      0.00
0                FLOW         ""               FLOW     1.0      1.0      0.00
0                FLOW         ""               FLOW     1.0      1.0      0.00
0                FLOW         ""               FLOW     1.0      1.0      0.00
0                FLOW         ""               FLOW     1.0      1.0      0.00
0                FLOW         ""               FLOW     1.0      1.0      0.00
0                FLOW         ""               FLOW     1.0      1.0      0.00
0                FLOW         ""               FLOW     1.0      1.0      0.00
0                FLOW         ""               FLOW     1.0      1.0      0.00
0                FLOW         ""               FLOW     1.0      1.0      0.00
0                FLOW         ""               FLOW     1.0      1.0      0.00
0                FLOW         ""               FLOW     1.0      1.0      0.00
0                FLOW         ""               FLOW     1.0      1.0      0.00
0                FLOW         ""               FLOW     1.0      1.0      0.00
0                FLOW         ""               FLOW     1.0      1.0      0.00
0                FLOW         ""               FLOW     1.0      1.0      0.00
0                FLOW         ""               FLOW     1.0      1.0      0.00
0                FLOW         ""               FLOW     1.0      1.0      0.00
0                FLOW         ""               FLOW     1.0      1.0      0.00
0                FLOW         ""               FLOW     1.0      1.0      0.00
0                FLOW         ""               FLOW     1.0      1.0      0.00
0                FLOW         ""               FLOW     1.0      1.0      0.00
0                FLOW         ""               FLOW     1.0      1.0      0.00

[COORDINATES]
;;Node           X-Coord            Y-Coord
;;-------------- ------------------ ------------------
0                -5766627.09        2476309.77        
0                -5766451.89        2476347.43        
0                -5766349.40        2476384.57        
0                -5766215.50        2476409.46        
0                -5766101.09        2476431.24        
0                -5766015.67        2476448.96        
0                -5765691.45        2476509.69        
0                -5765582.98        2476529.94        
0                -5765640.94        2476874.10        
0                -5765402.09        2476963.43        
0                -5765350.53        2476973.30        
0                -5764839.03        2477063.14        
0                -5764853.30        2477143.82        
0                -5764594.06        2477190.43        
0                -5764376.25        2477234.33        
0                -5764410.87        2477422.48        
0                -5764433.29        2477539.65        
0                -5764453.58        2477653.65        
0                -5764173.06        2477711.73        
0                -5764142.56        2477719.32        
0                -5764070.78        2477724.59        
0                -5764004.56        2477736.63        
0                -5764025.47        2477851.47        
0                -5763980.87        2477213.20        
0                -5764017.48        2477425.77        
0                -5764035.78        2477532.06        
0                -5764572.70        2477066.43        
0                -5764958.02        2477730.39        
0                -5764927.72        2477583.33        
0                -5764901.54        2477438.42        
0                -5765524.45        2476224.35        
0                -5765544.77        2476327.32        
0                -5765569.07        2476450.29        
0                -5765741.25        2477454.51        
0                -5765756.11        2477555.35        
0                -5765714.88        2476649.86        
0                -5765736.75        2476779.08        
0                -5765715.23        2476859.19        
0                -5765741.24        2476926.04        
0                -5765768.34        2477081.26        
0                -5765775.63        2477153.83        
0                -5765773.20        2477248.58        
0                -5765792.65        2477329.21        
0                -5765811.22        2477440.25        
0                -5766492.11        2476549.18        
0                -5766530.61        2476729.00        
0                -5766555.57        2476805.54        
0                -5766573.03        2476945.72        
0                -5766613.77        2477100.06        
0                -5766616.09        2477241.99        
0                -5766635.97        2477359.21        
0                -5766586.91        2477387.01        
0                -5766408.60        2477401.90        
0                -5765972.34        2477474.29        
0                -5765892.45        2477425.85        
0                -5765894.10        2477433.15        
0                -5765752.02        2477460.24        
0                -5765789.11        2477682.90        
0                -5766686.62        2476519.91        
0                -5766726.52        2476663.30        
0                -5766764.83        2476825.87        
0                -5766749.31        2476926.45        
0                -5766782.50        2477145.47        
0                -5766806.87        2477236.50        
0                -5766791.54        2477330.20        
0                -5766518.42        2475834.71        
0                -5766541.83        2475959.83        
0                -5766577.89        2476065.55        
0                -5766604.34        2476161.29        
0                -5766619.41        2476268.99        
0                -5766279.74        2475955.85        
0                -5766311.00        2476111.42        
0                -5766124.51        2475857.00        
0                -5766142.68        2475937.89        
0                -5766171.54        2476141.34        
0                -5766194.03        2476274.15        
0                -5766020.05        2476007.70        
0                -5766274.93        2476675.89        
0                -5766212.41        2476751.68        
0                -5765880.18        2476905.64        
0                -5766920.82        2476102.57        
0                -5766806.48        2476125.15        
0                -5766822.81        2476231.30        
0                -5766844.59        2476346.47        
0                -5767024.15        2476430.03        
0                -5767056.94        2476606.18        
0                -5767318.30        2477231.73        
0                -5766948.05        2477299.48        
0                -5766842.31        2477257.06        
0                -5766441.67        2475973.85        
0                -5766381.78        2475937.71        
0                -5766409.00        2476095.80        
0                -5766667.63        2476694.25        
0                -5766634.97        2476825.23        
0                -5766713.92        2476920.08        
0                -5766663.79        2476985.96        
0                -5766678.52        2477084.94        
0                -5766381.78        2477051.07        
0                -5766360.00        2477130.11        
0                -5765970.69        2477215.92        
0                -5765933.19        2477060.21        
0                -5766354.56        2477279.16        
0                -5766065.98        2477337.87        
0                -5766261.99        2477575.00        
0                -5766468.90        2477069.13        
0                -5766517.90        2477355.94        
0                -5766238.30        2476896.84        
0                -5765904.23        2476942.60        
0                -5766040.21        2476721.44        
0                -5765895.55        2476614.36        
0                -5765740.07        2476447.76        
0                -5765621.79        2476442.66        
0                -5765701.91        2476258.03        
0                -5765804.29        2476440.81        
0                -5765650.72        2476200.80        
0                -5765944.51        2476130.64        
0                -5765704.75        2476160.88        
0                -5765773.13        2476064.18        
0                -5765750.88        2475933.09        
0                -5765994.27        2475882.06        
0                -5766013.51        2475737.39        
0                -5765282.70        2476580.11        
0                -5765315.34        2476753.73        
0                -5765526.56        2476713.91        
0                -5765332.23        2476852.57        
0                -5765518.88        2476989.48        
0                -5765486.24        2477132.83        
0                -5765436.31        2477136.02        
0                -5765449.75        2477225.22        
0                -5765541.92        2477207.70        
0                -5765307.66        2477218.85        
0                -5765225.09        2477237.96        
0                -5765036.91        2477301.67        
0                -5765056.11        2477408.40        
0                -5765420.95        2477344.68        
0                -5765656.10        2477452.81        
0                -5765562.41        2477465.24        
0                -5765198.88        2477530.53        
0                -5765198.88        2477089.08        
0                -5765159.79        2476628.16        
0                -5765021.76        2476634.19        
0                -5764929.74        2476660.30        
0                -5764784.45        2476754.72        
0                -5764762.65        2476638.21        
0                -5764800.23        2476848.13        
0                -5764818.39        2476950.07        
0                -5764985.44        2476814.98        
0                -5765083.63        2476901.90        
0                -5764981.42        2476715.59        
0                -5765527.07        2476941.96        
0                -5765026.65        2477028.79        
0                -5763971.94        2477970.87        
0                -5763951.32        2478026.31        
0                -5766576.59        2476973.88        
0                -5765908.76        2477489.78        
0                -5767187.78        2475670.95        
0                -5765614.33        2477814.25        
0                -5765527.03        2477657.31        
0                -5766358.21        2476441.37        
0                -5766227.51        2476474.23        
0                -5765794.38        2477783.20        
0                -5767227.99        2475897.72        
0                -5767365.51        2477474.87        
0                -5766845.96        2477581.19        
0                -5766761.19        2477596.00        
0                -5766337.32        2477677.42        
0                -5765104.17        2477714.20        
0                -5767297.34        2476181.71        
0                -5767421.91        2476604.32        
0                -5767457.13        2476993.79        
0                -5764646.70        2477615.28        
0                -5765136.60        2476401.01        

[MAP]
DIMENSIONS -5767457.13 2475670.95 -5763951.32 2478026.31
Units      None

[REPORT]
INPUT            YES
SUBCATCHMENTS    ALL
NODES            ALL
LINKS            ALL



