;; SWMM5 .inp converted from XPSWMM .xp file
;; Generated by XPSWMM Card Reader
;; Source format: XP_CARD | Original title: Montague System Ultimate Build-out

[TITLE]
;;Project Title/Notes
Montague System Ultimate Build-out

[OPTIONS]
FLOW_UNITS           CFS
INFILTRATION         HORTON
FLOW_ROUTING         DYNWAVE
LINK_OFFSETS         DEPTH
MIN_SLOPE            0.0
ALLOW_PONDING        NO
SKIP_STEADY_STATE    NO
ROUTING_STEP         00:00:10
VARIABLE_STEP        0.75
INERTIAL_DAMPING     PARTIAL
NORMAL_FLOW_LIMITED  BOTH
MAX_TRIALS           50
HEAD_TOLERANCE       0.0033

[JUNCTIONS]
;;Name           Elev       MaxDepth   InitDepth  SurDepth   Aponded
;;-------------- ---------- ---------- ---------- ---------- ----------
10114            23.78      0          0          0          0
10309            17.65      0          0          0          0
10311            18.30      0          0          0          0
10313            21.14      0          0          0          0
10324            29.20      0          0          0          0
10329            29.69      0          0          0          0
10333            31.28      0          0          0          0
11403            30.17      0          0          0          0
11901            27.16      0          0          0          0
11903            25.11      0          0          0          0
11905            25.50      0          0          0          0
11906            24.70      0          0          0          0
12001            27.27      0          0          0          0
12003            25.23      0          0          0          0
12206            25.02      0          0          0          0
12301            23.81      0          0          0          0
12401            25.71      0          0          0          0
12802            17.04      0          0          0          0
12803            18.42      0          0          0          0
12804            17.43      0          0          0          0
12805            17.85      0          0          0          0
12902            17.96      0          0          0          0
12903            18.69      0          0          0          0
13506            17.62      0          0          0          0
13509            20.70      0          0          0          0
13516            25.23      0          0          0          0
13518            23.69      0          0          0          0
13519            24.33      0          0          0          0
13522            28.22      0          0          0          0
13523            29.37      0          0          0          0
13903            23.38      0          0          0          0
14002            18.88      0          0          0          0
14003            19.72      0          0          0          0
14102            17.54      0          0          0          0
14112            20.55      0          0          0          0
14113            20.94      0          0          0          0
14114            22.39      0          0          0          0
14115            21.62      0          0          0          0
14116            25.30      0          0          0          0
14119            27.97      0          0          0          0
14121            25.52      0          0          0          0
14122            25.46      0          0          0          0
14123            26.42      0          0          0          0
14124            27.90      0          0          0          0
14125            29.12      0          0          0          0
14127            31.36      0          0          0          0
14129            32.82      0          0          0          0
10000            25.00      0          0          0          0
10308            17.52      0          0          0          0
10310            17.55      0          0          0          0
10107            19.20      0          0          0          0
10106            18.00      0          0          0          0
10109            18.26      0          0          0          0
10110            19.41      0          0          0          0
10111            20.53      0          0          0          0
10112            23.10      0          0          0          0
10112A           23.50      0          0          0          0
10113            24.51      0          0          0          0
10115            24.90      0          0          0          0
10116            25.07      0          0          0          0
13507            17.98      0          0          0          0
13508            19.43      0          0          0          0
13510            21.00      0          0          0          0
13511            21.80      0          0          0          0
13513            23.30      0          0          0          0
13514            23.07      0          0          0          0
13515            23.95      0          0          0          0
14101            17.57      0          0          0          0
14110            21.00      0          0          0          0
14117            25.93      0          0          0          0
14118            27.05      0          0          0          0
10338            35.27      0          0          0          0
10337            35.33      0          0          0          0
10330            30.75      0          0          0          0
11401            30.24      0          0          0          0
11402            29.94      0          0          0          0
11404            31.79      0          0          0          0
11405            31.80      0          0          0          0
11501            30.55      0          0          0          0
11502            30.51      0          0          0          0
11201            34.30      0          0          0          0
11202            35.30      0          0          0          0
11203            35.94      0          0          0          0
11204            34.86      0          0          0          0
11908            26.48      0          0          0          0
11907            25.05      0          0          0          0
11902            25.60      0          0          0          0
10325            29.55      0          0          0          0
14125A           29.61      0          0          0          0
12901            17.86      0          0          0          0
12303            23.91      0          0          0          0
12302            23.07      0          0          0          0
12205            25.98      0          0          0          0
12204            24.14      0          0          0          0
12203            24.61      0          0          0          0
12202            24.08      0          0          0          0
10317            24.40      0          0          0          0
10319            23.79      0          0          0          0
10318            25.16      0          0          0          0
10316            23.36      0          0          0          0
12401A           26.00      0          0          0          0
10321            25.79      0          0          0          0
10314            22.86      0          0          0          0
12201A           20.92      0          0          0          0
10312            21.00      0          0          0          0
12201            22.00      0          0          0          0
13902            22.84      0          0          0          0
13901            23.96      0          0          0          0
13905            23.64      0          0          0          0
13904            23.24      0          0          0          0
13517            23.11      0          0          0          0
13520            25.36      0          0          0          0
14120            25.90      0          0          0          0
14126            29.24      0          0          0          0
14128            31.15      0          0          0          0
14401            30.84      0          0          0          0
14402            32.52      0          0          0          0
10323            27.97      0          0          0          0
10327            28.50      0          0          0          0
10331            29.61      0          0          0          0
10335            30.73      0          0          0          0
10336            30.33      0          0          0          0
10336A           35.00      0          0          0          0
10332            31.11      0          0          0          0
11701B           30.80      0          0          0          0
11701A           30.14      0          0          0          0
11702            28.28      0          0          0          0
11801            28.52      0          0          0          0
11802            29.62      0          0          0          0
11803            29.60      0          0          0          0
12005            25.53      0          0          0          0
10117            29.47      0          0          0          0
14603            32.91      0          0          0          0
14602            28.28      0          0          0          0
14601            25.80      0          0          0          0
12503            17.63      0          0          0          0
12101            19.59      0          0          0          0
12102            19.83      0          0          0          0
10339            35.00      0          0          0          0
R1               30.00      0          0          0          0
R2               31.00      0          0          0          0
R3               31.00      0          0          0          0
R4               30.00      0          0          0          0
R5               30.00      0          0          0          0
U12305           25.00      0          0          0          0
U12304           25.00      0          0          0          0
U12306           25.00      0          0          0          0
U12307           25.00      0          0          0          0
1000.4           24.00      0          5.60       0          0
midpoint         30.00      0          0          0          0
Pumpout          25.00      0          3.80       0          0

[STORAGE]
;;Name           Elev       MaxDepth   InitDepth  Shape      Curve/Params
;;-------------- ---------- ---------- ---------- ---------- ----------
10101            15.06      -0.11      2.63       FUNCTIONAL 0 0          0
10103            16.49      0          1.54       FUNCTIONAL 0 0          0
10105            16.24      0          0.25       FUNCTIONAL 0 0          0
10301            15.21      0          1.16       FUNCTIONAL 0 0          0
10302            15.70      0          0.48       FUNCTIONAL 0 0          0
10303            15.73      0          0.11       FUNCTIONAL 0 0          0
10304            17.06      0          0          FUNCTIONAL 0 0          0
10305            17.29      -3.31      0          FUNCTIONAL 0 0          0
11701            27.20      0          0          FUNCTIONAL 0 0          0
12801            16.39      -3.70      0          FUNCTIONAL 0 0          0
12904            17.76      -3.41      0          FUNCTIONAL 0 0          0
13202            15.87      0          0          FUNCTIONAL 0 0          0
13204            15.38      -4.50      0          FUNCTIONAL 0 0          0
13205            16.52      0          0          FUNCTIONAL 0 0          0
13501            15.11      -1.94      0          FUNCTIONAL 0 0          0
13504            15.79      0          0          FUNCTIONAL 0 0          0
13505            15.71      0          0          FUNCTIONAL 0 0          0
10102            14.61      -1.95      2.45       FUNCTIONAL 0 0          0
10104            14.88      -3.70      1.02       FUNCTIONAL 0 0          0
13203            16.27      0          0          FUNCTIONAL 0 0          0
13502            15.31      -1.74      0          FUNCTIONAL 0 0          0
13503            16.47      0          0          FUNCTIONAL 0 0          0
10207            15.29      0.42       0          FUNCTIONAL 0 0          0
10206            16.01      0          0          FUNCTIONAL 0 0          0
10205            15.15      0.54       0.02       FUNCTIONAL 0 0          0
10204            15.51      0          0.55       FUNCTIONAL 0 0          0
10203            15.14      0.20       0.71       FUNCTIONAL 0 0          0
10202            15.93      0          1.15       FUNCTIONAL 0 0          0
10201            15.35      0.90       1.42       FUNCTIONAL 0 0          0
13101            15.73      0          0          FUNCTIONAL 0 0          0
13102            17.09      0          0          FUNCTIONAL 0 0          0
12501            15.73      0.75       0          FUNCTIONAL 0 0          0
12502            15.80      0.62       0          FUNCTIONAL 0 0          0
wetwell          17.67      -2.10      12.00      FUNCTIONAL 2045.00 0          0

[CONDUITS]
;;Name           From             To               Length     Roughness  InOffset   OutOffset  InitFlow   MaxFlow
;;-------------- ---------------- ---------------- ---------- ---------- ---------- ---------- ---------- ----------
L13203           13203            13202            278.54     0.0150     7.86       7.25       0          0
L13204           13204            13203            141.60     0.0150     8.18       7.86       0          0
L13205           13205            13204            167.92     0.0150     8.47       8.18       0          0
L13501           13501            10107            163.82     0.0150     7.47       7.31       0          0
L10101           10101            10000            607.13     0.0150     3.37       2.30       0          0
L10103           10103            10102            691.95     0.0150     4.46       3.55       0          0
L10102           10102            10101            99.05      0.0150     3.55       3.37       0          0
L10302           10302            10301            477.75     0.0150     5.52       4.84       0          0
L10303           10303            10302            338.93     0.0150     5.89       5.52       0          0
L10304           10304            10303            542.36     0.0150     6.36       5.89       0          0
L10305           10305            10304            126.96     0.0150     6.78       6.36       0          0
L10308           10308            10305            570.88     0.0150     7.12       6.78       0          0
L10309           10309            10308            271.55     0.0150     7.50       7.12       0          0
L10310           10310            10309            393.68     0.0150     7.68       7.50       0          0
L10311           10311            10310            194.19     0.0150     7.86       7.68       0          0
CHME10313        10313            10312            22.00      0.0150     8.48       8.46       0          0
L10104           10104            10103            86.46      0.0150     4.99       4.46       0          0
L10107           10107            10106            224.00     0.0150     7.30       6.76       0          0
L10105           10105            10104            658.09     0.0150     5.76       4.98       0          0
L10106           10106            10105            415.00     0.0150     6.76       5.76       0          0
L14118           14118            14117            70.28      0.0150     10.51      16.97      0          0
L13514           13514            13513            502.00     0.0150     13.47      12.65      0          0
L13515           13515            13514            42.35      0.0150     8.72       13.47      0          0
L14101           14101            13503            393.54     0.0150     9.93       7.93       0          0
L14102           14102            14101            40.32      0.0150     10.05      9.93       0          0
L14112           14112            14110            405.00     0.0150     13.59      12.86      0          0
L12303           12303            12302            219.13     0.0150     13.48      12.85      0          0
L12302           12302            12301            546.31     0.0150     12.85      11.76      0          0
L12301           12301            12206            480.69     0.0150     11.76      10.80      0          0
L12206           12206            12205            40.40      0.0150     10.80      10.76      0          0
L12205           12205            12204            50.59      0.0150     10.76      10.71      0          0
L12204           12204            12203            123.48     0.0150     10.71      10.59      0          0
L12203           12203            12202            66.13      0.0150     10.59      10.50      0          0
CHME10319        10319            10318            56.91      0.0150     9.66       9.63       0          0
CHME10318        10318            10317            46.71      0.0150     9.63       9.57       0          0
L10317           10317            10316            26.73      0.0150     9.57       9.53       0          0
L12401           12401            12401A           215.13     0.0150     15.63      15.33      0          0
L12401A          ?                ?                259.06     0.0150     15.33      14.57      0          0
L10110           10110            10109            467.73     0.0150     9.35       8.35       0          0
L10111           10111            10110            594.91     0.0150     10.73      9.35       0          0
L10112           10112            10111            593.16     0.0150     12.05      10.73      0          0
L10112A          10112A           10112            68.14      0.0150     12.55      12.05      0          0
L10113           10113            10112            535.07     0.0150     13.41      12.05      0          0
L10114           10114            10113            564.21     0.0150     14.85      13.41      0          0
L10115           10115            10114            501.66     0.0150     16.20      14.85      0          0
L10116           10116            10115            490.17     0.0150     17.15      16.20      0          0
L13502           13502            13501            363.87     0.0150     7.87       7.47       0          0
L13503           13503            13502            68.08      0.0150     7.93       7.87       0          0
L13504           13504            13503            74.63      0.0150     8.01       7.93       0          0
L13505           13505            13504            319.56     0.0150     8.36       8.02       0          0
L13506           13506            13505            408.29     0.0150     8.79       8.36       0          0
L13507           13507            13506            491.07     0.0150     9.31       8.79       0          0
L13508           13508            13507            319.71     0.0150     9.79       9.31       0          0
L13509           13509            13508            384.60     0.0150     10.54      9.97       0          0
L13510           13510            13509            334.53     0.0150     11.05      10.54      0          0
L13511           13511            13510            411.60     0.0150     11.67      11.05      0          0
L12802           12802            12801            363.53     0.0150     8.97       8.49       0          0
L12803           12803            12802            225.35     0.0150     9.19       8.97       0          0
L12804           12804            12803            150.05     0.0150     9.42       9.19       0          0
L12805           12805            12804            368.56     0.0150     10.02      9.42       0          0
L12901           12901            12805            49.22      0.0150     10.07      10.02      0          0
L12902           12902            12901            186.51     0.0150     10.26      10.07      0          0
L12903           12903            12902            356.13     0.0150     10.97      10.26      0          0
L12904           12904            12903            329.29     0.0150     11.60      10.97      0          0
L14113           14113            14112            466.12     0.0150     14.37      13.59      0          0
L14114           14114            14113            281.37     0.0150     14.94      14.37      0          0
L14115           14115            14114            252.08     0.0150     15.39      14.94      0          0
L14116           14116            14115            321.12     0.0150     16.40      15.39      0          0
L14117           14117            14116            167.30     0.0150     16.97      16.40      0          0
L14119           14119            14118            42.61      0.0150     17.43      17.29      0          0
L14002           14002            13508            423.65     0.0150     11.51      10.59      0          0
L14003           14003            14002            329.13     0.0150     12.08      11.51      0          0
L14110           14110            14003            320.00     0.0150     12.66      12.08      0          0
L12801           12801            10309            80.47      0.0150     8.49       8.39       0          0
L12001           12001            10319            465.04     0.0150     15.53      14.29      0          0
L12003           12003            12001            198.22     0.0150     15.93      15.53      0          0
L10323           10323            10321            698.09     0.0150     13.20      9.83       0          0
CHME10321        10321            10319            228.94     0.0150     9.83       9.66       0          0
L10316           10316            10314            382.85     0.0150     9.53       8.75       0          0
L10314           10314            10313            402.63     0.0150     8.75       8.48       0          0
CHME12201A       12201A           10312            58.99      0.0150     9.30       8.95       0          0
L10312           10312            10311            673.37     0.0150     8.46       7.86       0          0
LL14119          14119            13905            195.50     0.0150     17.43      16.97      0          0
L13905           13905            13904            199.30     0.0150     16.97      16.52      0          0
L13904           13904            13903            279.06     0.0150     16.52      15.89      0          0
L13903           13903            13902            274.56     0.0150     15.89      15.76      0          0
L13902           13902            13901            136.41     0.0150     15.26      15.16      0          0
L13901           13901            13516            360.11     0.0150     15.16      14.51      0          0
L13516           13516            13515            61.50      0.0150     14.31      8.72       0          0
L13517           13517            13516            155.38     0.0150     14.67      14.51      0          0
L13518           13518            13517            351.05     0.0150     16.30      15.05      0          0
L13519           13519            13518            307.20     0.0150     17.20      16.30      0          0
L13520           13520            13519            315.98     0.0150     17.99      17.20      0          0
L13523           13523            13522            475.62     0.0150     20.93      20.09      0          0
L14121           14121            14120            346.86     0.0150     18.79      18.19      0          0
L14122           14122            14121            376.78     0.0150     19.39      18.79      0          0
L14123           14123            14122            284.11     0.0150     20.33      19.39      0          0
L14124           14124            14123            298.76     0.0150     21.64      20.83      0          0
L14125           14125            14124            305.28     0.0150     22.86      21.64      0          0
L14126           14126            14125A           196.23     0.0150     23.73      23.05      0          0
L14127           14127            14126            322.80     0.0150     24.66      23.73      0          0
L14401           14401            14127            76.95      0.0150     20.96      24.66      0          0
L14402           14402            14401            329.74     0.0150     26.27      25.31      0          0
L14128           14128            14127            111.71     0.0150     24.87      24.66      0          0
L14129           14129            14128            480.43     0.0150     26.32      24.87      0          0
L10324           10324            10323            342.03     0.0150     14.23      13.20      0          0
L10336           10336            10335            479.61     0.0150     21.49      19.90      0          0
L10336A          10336A           10336            380.00     0.0150     23.20      21.49      0          0
L10338           10338            10337            219.52     0.0150     24.29      23.40      0          0
L10337           10337            10336A           133.62     0.0150     23.40      23.20      0          0
L10331           10331            10330            214.52     0.0150     18.32      17.52      0          0
L11401           11401            10333            43.99      0.0150     19.59      19.42      0          0
L11402           11402            11401            321.25     0.0150     19.98      19.59      0          0
L11403           11403            11402            357.17     0.0150     21.03      19.98      0          0
L11404           11404            11403            336.65     0.0150     21.95      21.03      0          0
L11405           11405            11404            16.13      0.0150     22.01      21.95      0          0
L11501           11501            11405            69.72      0.0150     22.62      22.51      0          0
L11502           11502            11501            368.92     0.0150     23.20      22.62      0          0
L11201           11201            10338            82.56      0.0150     25.68      24.79      0          0
L11202           11202            11201            126.51     0.0150     26.56      25.68      0          0
L11203           11203            11202            242.18     0.0150     26.79      26.56      0          0
L11204           11204            11203            295.23     0.0150     27.08      26.79      0          0
L10327           10327            10325            439.42     0.0150     15.62      14.49      0          0
L10329           10329            10327            486.28     0.0150     16.74      15.62      0          0
L10330           10330            10329            264.16     0.0150     17.52      16.74      0          0
L10333           10333            10332            33.54      0.0150     18.67      18.56      0          0
L12201           12201            12201A           342.98     0.0150     9.31       9.30       0          0
LL12202          12202            12201            490.46     0.0150     10.50      9.31       0          0
L10335           10335            10333            300.67     0.0150     19.90      18.67      0          0
LL13520          13520            11908            28.16      0.0150     13.33      13.26      0          0
L11908           11908            11907            25.38      0.0150     21.02      20.96      0          0
L11907           11907            11906            346.29     0.0150     20.00      19.07      0          0
L11905           11905            11903            309.13     0.0150     17.83      17.06      0          0
L11902           11902            11901            403.01     0.0150     16.97      16.10      0          0
L11901           11901            10325            299.65     0.0150     16.10      15.36      0          0
L10325           10325            10324            102.36     0.0150     14.49      14.23      0          0
L14125A          14125A           14125            102.97     0.0150     23.05      22.86      0          0
L11906           11906            11905            113.78     0.0150     19.07      17.83      0          0
L11903           11903            11902            84.54      0.0150     17.06      16.97      0          0
L10332           10332            10331            146.25     0.0150     18.56      18.32      0          0
L11701B          11701B           10332            155.35     0.0150     19.02      18.56      0          0
L11701A          11701A           11701B           355.64     0.0150     19.59      19.02      0          0
L11701           11701            11701A           377.14     0.0150     20.33      19.59      0          0
L11702           11702            11701            77.09      0.0150     20.48      20.33      0          0
L11801           11801            11702            250.36     0.0150     20.98      20.48      0          0
L11802           11802            11801            346.31     0.0150     21.68      20.98      0          0
L11803           11803            11802            299.20     0.0150     22.29      21.68      0          0
514.1            14120            14119            64.00      0.0150     18.19      17.43      0          0
L13202           13202            10303            99.32      0.0150     7.25       7.03       0          0
L10109           10109            10107            464.40     0.0150     8.35       7.31       0          0
L13513           13513            13511            568.00     0.0150     12.65      11.67      0          0
L10202           10202            10201            105.00     0.0150     4.84       4.58       0          0
L10203           10203            10202            180.00     0.0150     5.29       4.84       0          0
L10204           10204            10203            78.00      0.0150     5.45       5.29       0          0
L10205           10205            10204            262.00     0.0150     5.97       5.45       0          0
L10206           10206            10207            118.00     0.0150     9.02       8.78       0          0
L10207           10207            13205            155.00     0.0150     8.78       8.47       0          0
L10117           10117            10116            535.00     0.0150     18.17      17.10      0          0
L14603           14603            10117            425.00     0.0150     23.71      18.17      0          0
LL14603          14603            14602            620.00     0.0150     22.71      20.23      0          0
L14602           14602            14601            500.00     0.0150     20.23      18.73      0          0
L14601           14601            14119            88.00      0.0150     18.73      18.47      0          0
L13102           13102            13101            350.00     0.0150     8.18       7.27       0          0
L13101           13101            10305            100.00     0.0150     7.27       7.18       0          0
L12503           12503            12502            306.00     0.0150     9.63       8.41       0          0
L12502           12502            12501            172.00     0.0150     8.41       7.72       0          0
L12501           12501            10309            55.00      0.0150     7.72       7.50       0          0
L12101           12101            10313            245.00     0.0150     11.08      9.98       0          0
L12102           12102            12101            474.00     0.0150     13.64      11.08      0          0
LL13516          13516            12005            320.00     0.0150     20.91      18.00      0          0
L12005           12005            12003            352.00     0.0150     18.00      15.93      0          0
L13522           13522            13520            516.58     0.0150     20.09      18.17      0          0
L10339           10339            10338            397.00     0.0150     24.25      24.23      0          0
L10201           10201            10101            85.00      0.1500     4.58       4.37       0          0
LR1              R1               R2               64.00      0          23.90      25.97      0          0
LR2              R2               R3               42.60      0          25.97      25.05      0          0
LR3              R3               R4               70.28      0          25.05      23.93      0          0
LR4              R4               R5               167.00     0          23.93      23.30      0          0
LU12306          U12306           U12305           700.00     0.0150     13.52      13.50      0          0
LU12305          U12305           U12304           700.00     0.0150     13.51      13.49      0          0
LU12304          U12304           12303            600.00     0.0015     13.49      13.48      0          0
LU12307          U12307           U12306           624.00     0.0150     13.51      13.50      0          0
dnpipe           midpoint         Pumpout          140.00     0.0130     20.00      2.80       0          0
L10000.4         1000.4           wetwell          70.00      0.0150     0.40       -0.20      0          0
Rincon           10101            1000.4           420.00     0.0150     3.37       2.40       0          0

[ORIFICES]
;;Name           From             To               Type       Offset     Qcoeff     Gated    CloseTime
;;-------------- ---------------- ---------------- ---------- ---------- ---------- -------- ----------
O1               R1               14120            SIDE       0          0.650      NO       0
O2               R2               14119            SIDE       0          0.650      NO       0
O3               R3               14118            SIDE       0          0.650      NO       0
04               R4               14117            SIDE       0          0.650      NO       0
O5               R5               14116            SIDE       0          0.650      NO       0

[WEIRS]
;;Name           From             To               Type       CrestHt    Qcoeff     Gated    EndCon   EndCoeff   Surcharge
;;-------------- ---------------- ---------------- ---------- ---------- ---------- -------- -------- ---------- ----------
Montague         10301            10103            V-NOTCH    16.20      1.840      NO       0        0          YES

[PUMPS]
;;Name           From             To               PumpCurve  Status   Startup    Shutoff
;;-------------- ---------------- ---------------- ---------- -------- ---------- ----------
PUMP1            wetwell          midpoint         PC_PUMP1   ON       0          0         

[CURVES]
;;Name           Type       X-Value    Y-Value
;;-------------- ---------- ---------- ----------
PC_PUMP1         Pump2      0          0
;

[XSECTIONS]
;;Link           Shape        Geom1      Geom2      Geom3      Geom4      Barrels
;;-------------- ------------ ---------- ---------- ---------- ---------- ----------
L13203           CIRCULAR     2.50       0          0          0          1
L13204           CIRCULAR     2.50       0          0          0          1
L13205           CIRCULAR     2.50       0          0          0          1
L13501           CIRCULAR     5.50       0          0          0          1
L10101           CIRCULAR     8.00       0          0          0          1
L10103           CIRCULAR     8.00       0          0          0          1
L10102           CIRCULAR     8.00       0          0          0          1
L10302           CIRCULAR     7.00       0          0          0          1
L10303           CIRCULAR     7.00       0          0          0          1
L10304           CIRCULAR     7.00       0          0          0          1
L10305           CIRCULAR     7.00       0          0          0          1
L10308           CIRCULAR     7.00       0          0          0          1
L10309           CIRCULAR     7.00       0          0          0          1
L10310           CIRCULAR     7.00       0          0          0          1
L10311           CIRCULAR     7.00       0          0          0          1
CHME10313        CIRCULAR     7.00       0          0          0          1
L10104           CIRCULAR     6.00       0          0          0          1
L10107           CIRCULAR     6.00       0          0          0          1
L10105           CIRCULAR     6.00       0          0          0          1
L10106           CIRCULAR     6.00       0          0          0          1
L14118           CIRCULAR     4.00       0          0          0          1
L13514           CIRCULAR     4.00       0          0          0          1
L13515           CIRCULAR     4.00       0          0          0          1
L14101           CIRCULAR     2.50       0          0          0          1
L14102           CIRCULAR     2.50       0          0          0          1
L14112           CIRCULAR     4.50       0          0          0          1
L12303           CIRCULAR     4.50       0          0          0          1
L12302           CIRCULAR     4.50       0          0          0          1
L12301           CIRCULAR     4.50       0          0          0          1
L12206           CIRCULAR     5.00       0          0          0          1
L12205           CIRCULAR     5.00       0          0          0          1
L12204           CIRCULAR     5.00       0          0          0          1
L12203           CIRCULAR     5.00       0          0          0          1
CHME10319        CIRCULAR     4.50       0          0          0          1
CHME10318        CIRCULAR     4.50       0          0          0          1
L10317           CIRCULAR     4.50       0          0          0          1
L12401           CIRCULAR     3.00       0          0          0          1
L12401A          CIRCULAR     3.00       0          0          0          1
L10110           CIRCULAR     4.50       0          0          0          1
L10111           CIRCULAR     4.50       0          0          0          1
L10112           CIRCULAR     4.00       0          0          0          1
L10112A          CIRCULAR     2.50       0          0          0          1
L10113           CIRCULAR     3.50       0          0          0          1
L10114           CIRCULAR     3.00       0          0          0          1
L10115           CIRCULAR     3.00       0          0          0          1
L10116           CIRCULAR     3.00       0          0          0          1
L13502           CIRCULAR     5.50       0          0          0          1
L13503           CIRCULAR     5.50       0          0          0          1
L13504           CIRCULAR     5.50       0          0          0          1
L13505           CIRCULAR     5.50       0          0          0          1
L13506           CIRCULAR     5.50       0          0          0          1
L13507           CIRCULAR     5.50       0          0          0          1
L13508           CIRCULAR     5.50       0          0          0          1
L13509           CIRCULAR     4.00       0          0          0          1
L13510           CIRCULAR     4.00       0          0          0          1
L13511           CIRCULAR     4.00       0          0          0          1
L12802           CIRCULAR     4.00       0          0          0          1
L12803           CIRCULAR     4.00       0          0          0          1
L12804           CIRCULAR     3.50       0          0          0          1
L12805           CIRCULAR     3.50       0          0          0          1
L12901           CIRCULAR     3.50       0          0          0          1
L12902           CIRCULAR     3.50       0          0          0          1
L12903           CIRCULAR     3.00       0          0          0          1
L12904           CIRCULAR     2.75       0          0          0          1
L14113           CIRCULAR     4.50       0          0          0          1
L14114           CIRCULAR     4.50       0          0          0          1
L14115           CIRCULAR     4.50       0          0          0          1
L14116           CIRCULAR     4.00       0          0          0          1
L14117           CIRCULAR     4.00       0          0          0          1
L14119           CIRCULAR     4.00       0          0          0          1
L14002           CIRCULAR     4.50       0          0          0          1
L14003           CIRCULAR     4.50       0          0          0          1
L14110           CIRCULAR     4.50       0          0          0          1
L12801           CIRCULAR     4.00       0          0          0          1
L12001           CIRCULAR     3.00       0          0          0          1
L12003           CIRCULAR     2.50       0          0          0          1
L10323           CIRCULAR     4.50       0          0          0          1
CHME10321        CIRCULAR     4.50       0          0          0          1
L10316           CIRCULAR     4.50       0          0          0          1
L10314           CIRCULAR     4.50       0          0          0          1
CHME12201A       CIRCULAR     5.00       0          0          0          1
L10312           CIRCULAR     7.00       0          0          0          1
LL14119          CIRCULAR     3.00       0          0          0          1
L13905           CIRCULAR     3.00       0          0          0          1
L13904           CIRCULAR     3.00       0          0          0          1
L13903           CIRCULAR     3.00       0          0          0          1
L13902           CIRCULAR     3.50       0          0          0          1
L13901           CIRCULAR     3.50       0          0          0          1
L13516           CIRCULAR     5.00       0          0          0          1
L13517           CIRCULAR     4.00       0          0          0          1
L13518           CIRCULAR     3.00       0          0          0          1
L13519           CIRCULAR     3.00       0          0          0          1
L13520           CIRCULAR     3.00       0          0          0          1
L13523           CIRCULAR     2.50       0          0          0          1
L14121           CIRCULAR     4.00       0          0          0          1
L14122           CIRCULAR     4.00       0          0          0          1
L14123           CIRCULAR     3.50       0          0          0          1
L14124           CIRCULAR     3.00       0          0          0          1
L14125           CIRCULAR     3.00       0          0          0          1
L14126           CIRCULAR     3.00       0          0          0          1
L14127           CIRCULAR     3.00       0          0          0          1
L14401           CIRCULAR     2.50       0          0          0          1
L14402           CIRCULAR     2.50       0          0          0          1
L14128           CIRCULAR     2.75       0          0          0          1
L14129           CIRCULAR     2.50       0          0          0          1
L10324           CIRCULAR     4.50       0          0          0          1
L10336           CIRCULAR     3.50       0          0          0          1
L10336A          CIRCULAR     3.00       0          0          0          1
L10338           CIRCULAR     3.00       0          0          0          1
L10337           CIRCULAR     3.00       0          0          0          1
L10331           CIRCULAR     4.00       0          0          0          1
L11401           CIRCULAR     3.50       0          0          0          1
L11402           CIRCULAR     3.50       0          0          0          1
L11403           CIRCULAR     3.00       0          0          0          1
L11404           CIRCULAR     3.00       0          0          0          1
L11405           CIRCULAR     3.00       0          0          0          1
L11501           CIRCULAR     2.50       0          0          0          1
L11502           CIRCULAR     2.50       0          0          0          1
L11201           CIRCULAR     2.50       0          0          0          1
L11202           CIRCULAR     2.50       0          0          0          1
L11203           CIRCULAR     2.50       0          0          0          1
L11204           CIRCULAR     2.50       0          0          0          1
L10327           CIRCULAR     4.50       0          0          0          1
L10329           CIRCULAR     4.50       0          0          0          1
L10330           CIRCULAR     4.00       0          0          0          1
L10333           CIRCULAR     4.00       0          0          0          1
L12201           CIRCULAR     5.00       0          0          0          1
LL12202          CIRCULAR     5.00       0          0          0          1
L10335           CIRCULAR     4.00       0          0          0          1
LL13520          CIRCULAR     3.00       0          0          0          1
L11908           CIRCULAR     3.00       0          0          0          1
L11907           CIRCULAR     3.00       0          0          0          1
L11905           CIRCULAR     3.00       0          0          0          1
L11902           CIRCULAR     3.00       0          0          0          1
L11901           CIRCULAR     3.00       0          0          0          1
L10325           CIRCULAR     4.50       0          0          0          1
L14125A          CIRCULAR     3.00       0          0          0          1
L11906           CIRCULAR     3.00       0          0          0          1
L11903           CIRCULAR     3.00       0          0          0          1
L10332           CIRCULAR     4.00       0          0          0          1
L11701B          CIRCULAR     3.50       0          0          0          1
L11701A          CIRCULAR     3.50       0          0          0          1
L11701           CIRCULAR     3.50       0          0          0          1
L11702           CIRCULAR     3.50       0          0          0          1
L11801           CIRCULAR     3.50       0          0          0          1
L11802           CIRCULAR     3.00       0          0          0          1
L11803           CIRCULAR     2.50       0          0          0          1
514.1            CIRCULAR     2.25       0          0          0          1
L13202           CIRCULAR     2.50       0          0          0          1
L10109           CIRCULAR     4.50       0          0          0          1
L13513           CIRCULAR     4.00       0          0          0          1
L10202           CIRCULAR     2.00       0          0          0          1
L10203           CIRCULAR     2.00       0          0          0          1
L10204           CIRCULAR     2.00       0          0          0          1
L10205           CIRCULAR     1.75       0          0          0          1
L10206           CIRCULAR     1.50       0          0          0          1
L10207           CIRCULAR     1.50       0          0          0          1
L10117           CIRCULAR     2.00       0          0          0          1
L14603           CIRCULAR     2.00       0          0          0          1
LL14603          CIRCULAR     1.75       0          0          0          1
L14602           CIRCULAR     2.00       0          0          0          1
L14601           CIRCULAR     2.00       0          0          0          1
L13102           CIRCULAR     2.00       0          0          0          1
L13101           CIRCULAR     2.00       0          0          0          1
L12503           CIRCULAR     2.00       0          0          0          1
L12502           CIRCULAR     2.00       0          0          0          1
L12501           CIRCULAR     2.00       0          0          0          1
L12101           CIRCULAR     2.00       0          0          0          1
L12102           CIRCULAR     1.75       0          0          0          1
LL13516          CIRCULAR     2.00       0          0          0          1
L12005           CIRCULAR     2.25       0          0          0          1
L13522           CIRCULAR     2.50       0          0          0          1
L10339           CIRCULAR     2.25       0          0          0          1
L10201           CIRCULAR     2.00       0          0          0          1
LR1              IRREGULAR    5.00       0          0          0          1
LR2              IRREGULAR    5.00       0          0          0          1
LR3              IRREGULAR    4.50       0          0          0          1
LR4              IRREGULAR    5.00       0          0          0          1
LU12306          CIRCULAR     3.00       0          0          0          1
LU12305          CIRCULAR     4.50       0          0          0          1
LU12304          CIRCULAR     4.50       0          0          0          1
LU12307          CIRCULAR     2.25       0          0          0          1
dnpipe           CIRCULAR     7.00       0          0          0          1
L10000.4         RECT_CLOSED  12.00      12.00      0          0          1
Rincon           CIRCULAR     8.00       0          0          0          1
O1               RECT_CLOSED  0.15       0          0          0          
O2               RECT_CLOSED  0.15       0          0          0          
O3               RECT_CLOSED  0.15       0          0          0          
04               RECT_CLOSED  0.15       0          0          0          
O5               RECT_CLOSED  0.15       0          0          0          
Montague         RECT_OPEN    0          300.00     0          0          

[LOSSES]
;;Link           Inlet      Outlet     Average    Flap Gate
;;-------------- ---------- ---------- ---------- ----------
L13203           0          0          0          NO
L13204           0          0          0          NO
L13205           0          0          0          NO
L13501           0          0          0          NO
L10101           0          0          0          NO
L10103           0          0          0          NO
L10102           0          0          0          NO
L10302           0          0          0          NO
L10303           0          0          0          NO
L10304           0          0          0          NO
L10305           0          0          0          NO
L10308           0          0          0          NO
L10309           0          0          0          NO
L10310           0          0          0          NO
L10311           0          0          0          NO
CHME10313        0          0          0          NO
L10104           0          0          0          NO
L10107           0          0          0          NO
L10105           0          0          0          NO
L10106           0          0          0          NO
L14118           0          0          0          NO
L13514           0          0          0          NO
L13515           0          0          0          NO
L14101           0          0          0          NO
L14102           0          0          0          NO
L14112           0          0          0          NO
L12303           0          0          0          NO
L12302           0          0          0          NO
L12301           0          0          0          NO
L12206           0          0          0          NO
L12205           0          0          0          NO
L12204           0          0          0          NO
L12203           0          0          0          NO
CHME10319        0          0          0          NO
CHME10318        0          0          0          NO
L10317           0          0          0          NO
L12401           0          0          0          NO
L12401A          0          0          0          NO
L10110           0          0          0          NO
L10111           0          0          0          NO
L10112           0          0          0          NO
L10112A          0          0          0          NO
L10113           0          0          0          NO
L10114           0          0          0          NO
L10115           0          0          0          NO
L10116           0          0          0          NO
L13502           0          0          0          NO
L13503           0          0          0          NO
L13504           0          0          0          NO
L13505           0          0          0          NO
L13506           0          0          0          NO
L13507           0          0          0          NO
L13508           0          0          0          NO
L13509           0          0          0          NO
L13510           0          0          0          NO
L13511           0          0          0          NO
L12802           0          0          0          NO
L12803           0          0          0          NO
L12804           0          0          0          NO
L12805           0          0          0          NO
L12901           0          0          0          NO
L12902           0          0          0          NO
L12903           0          0          0          NO
L12904           0          0          0          NO
L14113           0          0          0          NO
L14114           0          0          0          NO
L14115           0          0          0          NO
L14116           0          0          0          NO
L14117           0          0          0          NO
L14119           0          0          0          NO
L14002           0          0          0          NO
L14003           0          0          0          NO
L14110           0          0          0          NO
L12801           0          0          0          NO
L12001           0          0          0          NO
L12003           0          0          0          NO
L10323           0          0          0          NO
CHME10321        0          0          0          NO
L10316           0          0          0          NO
L10314           0          0          0          NO
CHME12201A       0          0          0          NO
L10312           0          0          0          NO
LL14119          0          0          0          NO
L13905           0          0          0          NO
L13904           0          0          0          NO
L13903           0          0          0          NO
L13902           0          0          0          NO
L13901           0          0          0          NO
L13516           0          0          0          NO
L13517           0          0          0          NO
L13518           0          0          0          NO
L13519           0          0          0          NO
L13520           0          0          0          NO
L13523           0          0          0          NO
L14121           0          0          0          NO
L14122           0          0          0          NO
L14123           0          0          0          NO
L14124           0          0          0          NO
L14125           0          0          0          NO
L14126           0          0          0          NO
L14127           0          0          0          NO
L14401           0          0          0          NO
L14402           0          0          0          NO
L14128           0          0          0          NO
L14129           0          0          0          NO
L10324           0          0          0          NO
L10336           0          0          0          NO
L10336A          0          0          0          NO
L10338           0          0          0          NO
L10337           0          0          0          NO
L10331           0          0          0          NO
L11401           0          0          0          NO
L11402           0          0          0          NO
L11403           0          0          0          NO
L11404           0          0          0          NO
L11405           0          0          0          NO
L11501           0          0          0          NO
L11502           0          0          0          NO
L11201           0          0          0          NO
L11202           0          0          0          NO
L11203           0          0          0          NO
L11204           0          0          0          NO
L10327           0          0          0          NO
L10329           0          0          0          NO
L10330           0          0          0          NO
L10333           0          0          0          NO
L12201           0          0          0          NO
LL12202          0          0          0          NO
L10335           0          0          0          NO
LL13520          0          0          0          NO
L11908           0          0          0          NO
L11907           0          0          0          NO
L11905           0          0          0          NO
L11902           0          0          0          NO
L11901           0          0          0          NO
L10325           0          0          0          NO
L14125A          0          0          0          NO
L11906           0          0          0          NO
L11903           0          0          0          NO
L10332           0          0          0          NO
L11701B          0          0          0          NO
L11701A          0          0          0          NO
L11701           0          0          0          NO
L11702           0          0          0          NO
L11801           0          0          0          NO
L11802           0          0          0          NO
L11803           0          0          0          NO
514.1            0          0          0          NO
L13202           0          0          0          NO
L10109           0          0          0          NO
L13513           0          0          0          NO
L10202           0          0          0          NO
L10203           0          0          0          NO
L10204           0          0          0          NO
L10205           0          0          0          NO
L10206           0          0          0          NO
L10207           0          0          0          NO
L10117           0          0          0          NO
L14603           0          0          0          NO
LL14603          0          0          0          NO
L14602           0          0          0          NO
L14601           0          0          0          NO
L13102           0          0          0          NO
L13101           0          0          0          NO
L12503           0          0          0          NO
L12502           0          0          0          NO
L12501           0          0          0          NO
L12101           0          0          0          NO
L12102           0          0          0          NO
LL13516          0          0          0          NO
L12005           0          0          0          NO
L13522           0          0          0          NO
L10339           0          0          0          NO
L10201           0          0          0          NO
LR1              0          0          0          NO
LR2              0          0          0          NO
LR3              0          0          0          NO
LR4              0          0          0          NO
LU12306          0          0          0          NO
LU12305          0          0          0          NO
LU12304          0          0          0          NO
LU12307          0          0          0          NO
dnpipe           0          0          0          NO
L10000.4         0          0          0          NO
Rincon           0          0          0          NO

[COORDINATES]
;;Node           X-Coord            Y-Coord
;;-------------- ------------------ ------------------
10101            -1969623.39        6143752.88        
10103            -1969865.84        6144477.05        
10105            -1970214.42        6145133.16        
10114            -1969311.43        6148228.35        
10301            -1969691.34        6144594.03        
10302            -1969276.97        6144808.22        
10303            -1968972.93        6144963.49        
10304            -1968505.16        6145219.19        
10305            -1968394.87        6145303.76        
10309            -1967654.41        6145713.29        
10311            -1967145.27        6146006.93        
10313            -1966512.43        6146370.94        
10324            -1964624.25        6147466.77        
10329            -1963733.14        6147979.28        
10333            -1963165.03        6148310.21        
11403            -1963463.96        6148962.93        
11701            -1962617.13        6147618.44        
11901            -1964746.65        6147733.16        
11903            -1965097.29        6148073.86        
11905            -1965318.57        6148287.78        
11906            -1965401.41        6148365.78        
12001            -1965949.39        6147236.05        
12003            -1966033.72        6147396.49        
12206            -1965595.10        6146680.86        
12301            -1965360.83        6146261.12        
12401            -1965384.89        6146248.51        
12801            -1967615.78        6145648.46        
12802            -1967441.35        6145325.69        
12803            -1967328.59        6145133.23        
12804            -1967250.96        6145003.29        
12805            -1967034.88        6144704.72        
12902            -1966862.73        6144847.91        
12903            -1966589.75        6145076.63        
12904            -1966298.85        6145230.94        
13202            -1968924.82        6144884.44        
13204            -1968716.63        6144526.22        
13205            -1968622.83        6144391.88        
13501            -1970325.39        6145793.40        
13504            -1969886.69        6146035.04        
13505            -1969609.28        6146192.73        
13506            -1969247.29        6146391.89        
13509            -1968210.01        6146984.55        
13516            -1966521.59        6147876.34        
13518            -1966142.61        6148206.95        
13519            -1965922.33        6148421.08        
13522            -1965282.58        6148950.90        
13523            -1964916.34        6149254.34        
13903            -1967085.79        6148406.58        
14002            -1968825.54        6147085.78        
14003            -1969078.39        6147301.16        
14102            -1970151.84        6146395.56        
14112            -1968795.30        6147853.79        
14113            -1968391.15        6148082.79        
14114            -1968165.12        6148253.59        
14115            -1967992.13        6148436.95        
14116            -1967756.07        6148684.95        
14119            -1967544.74        6148868.09        
14121            -1967218.26        6149147.40        
14122            -1966918.34        6149375.46        
14123            -1966692.39        6149544.46        
14124            -1966454.21        6149728.04        
14125            -1966211.51        6149913.23        
14127            -1965719.63        6150289.40        
14129            -1965305.48        6150709.17        
10000            -1969411.13        6143159.09        
10102            -1969656.03        6143827.34        
10308            -1967885.38        6145575.82        
10310            -1967310.39        6145908.33        
10104            -1969915.90        6144512.69        
10107            -1970473.40        6145723.18        
10106            -1970405.76        6145548.44        
10109            -1970655.56        6146150.46        
10110            -1970764.05        6146605.43        
10111            -1970627.02        6147184.34        
10112            -1970230.18        6147625.20        
10112A           -1969972.12        6147814.40        
10113            -1969771.95        6147909.11        
10115            -1968892.14        6148520.72        
10116            -1968527.32        6148848.09        
13203            -1968788.31        6144648.34        
13502            -1970007.04        6145969.34        
13503            -1969953.36        6146010.29        
13507            -1968818.09        6146630.50        
13508            -1968534.43        6146777.99        
13510            -1967916.14        6147144.40        
13511            -1967550.98        6147333.99        
13513            -1966962.15        6147635.94        
13514            -1966612.75        6147823.60        
13515            -1966572.19        6147835.78        
14101            -1970136.95        6146359.09        
14110            -1969115.91        6147692.47        
14117            -1967625.49        6148789.83        
14118            -1967577.90        6148841.33        
10338            -1961821.75        6149062.86        
10337            -1962015.20        6148970.48        
10330            -1963506.61        6148113.29        
11401            -1963194.66        6148342.72        
11402            -1963347.51        6148625.28        
11404            -1963564.19        6149284.31        
11405            -1963568.23        6149299.93        
11501            -1963500.49        6149316.43        
11502            -1963132.04        6149335.09        
11201            -1961860.60        6149131.07        
11202            -1961761.44        6149155.24        
11203            -1961927.59        6149350.86        
11204            -1962145.16        6149548.54        
11908            -1965669.76        6148621.05        
11907            -1965646.91        6148610.01        
11902            -1965034.81        6148014.91        
10325            -1964536.53        6147519.52        
14125A           -1966129.32        6149975.26        
12901            -1966985.75        6144707.73        
12303            -1964992.09        6145591.80        
12302            -1965095.69        6145784.89        
12205            -1965628.21        6146663.84        
12204            -1965673.99        6146637.61        
12203            -1965730.53        6146747.39        
12202            -1965795.61        6146760.08        
10317            -1965807.11        6146770.67        
10319            -1965722.15        6146830.31        
10318            -1965770.09        6146799.64        
10316            -1965831.86        6146760.80        
12401A           -1965491.33        6146439.21        
10321            -1965525.45        6146947.46        
10314            -1966165.76        6146576.75        
12201A           -1966524.01        6146347.09        
10312            -1966575.54        6146338.59        
12201            -1966217.74        6146510.46        
13902            -1966886.65        6148217.57        
13901            -1966797.60        6148141.25        
13905            -1967290.05        6148605.56        
13904            -1967288.83        6148598.02        
13517            -1966412.71        6147982.72        
13520            -1965692.39        6148633.33        
14120            -1967462.24        6148936.36        
14126            -1965973.30        6150094.28        
14128            -1965627.35        6150357.17        
14401            -1965707.85        6150365.90        
14402            -1965948.79        6150590.75        
10323            -1964920.61        6147296.03        
10327            -1964165.42        6147756.57        
10331            -1963319.66        6148218.49        
10335            -1962904.04        6148476.46        
10336            -1962490.74        6148716.55        
10336A           -1962138.69        6148919.44        
10332            -1963193.89        6148292.96        
11701B           -1963098.90        6148169.64        
11701A           -1962874.45        6147891.54        
11702            -1962563.43        6147564.78        
11801            -1962343.54        6147682.83        
11802            -1961997.24        6147680.62        
11803            -1961732.64        6147820.30        
10207            -1968707.65        6144295.32        
10206            -1968802.38        6144217.00        
10205            -1968957.77        6144087.20        
10204            -1969197.92        6143952.43        
10203            -1969253.08        6143917.27        
10202            -1969406.68        6143836.88        
10201            -1969494.79        6143777.19        
12005            -1966305.19        6147639.96        
13101            -1968457.61        6145455.73        
13102            -1968575.77        6145693.52        
10117            -1968358.45        6149361.14        
14603            -1968488.27        6149756.18        
14602            -1967973.22        6149269.59        
14601            -1967598.64        6148972.13        
12501            -1967676.74        6145816.88        
12502            -1967749.23        6145979.27        
12503            -1967897.77        6146229.46        
12101            -1966601.59        6146581.50        
12102            -1966948.50        6146905.67        
10339            -1961744.91        6149088.13        
R1               -1967519.19        6148970.58        
R2               -1967583.27        6148911.33        
R3               -1967632.69        6148874.06        
R4               -1967689.79        6148835.84        
R5               -1967817.40        6148720.21        
U12305           -1963833.53        6145761.54        
U12304           -1964450.40        6145593.91        
U12306           -1963152.95        6146351.60        
U12307           -1962837.81        6146653.33        
1000.4           -1969636.54        6143575.67        
midpoint         -1969561.96        6143330.93        
wetwell          -1969608.15        6143457.46        
Pumpout          -1969527.46        6143149.76        

[MAP]
DIMENSIONS -1970764.05 6143149.76 -1961732.64 6150709.17
Units      None

[REPORT]
INPUT            YES
SUBCATCHMENTS    ALL
NODES            ALL
LINKS            ALL



