;; SWMM5 .inp converted from XPSWMM .xp file
;; Generated by XPSWMM Card Reader
;; Source format: XP_CARD | Original title: CSO 18' DIAMETER TUNNEL WITH RIVER LEVEL OUTFALL OF 575'

[TITLE]
;;Project Title/Notes
CSO 18' DIAMETER TUNNEL WITH RIVER LEVEL OUTFALL OF 575'

[OPTIONS]
FLOW_UNITS           CFS
INFILTRATION         HORTON
FLOW_ROUTING         DYNWAVE
LINK_OFFSETS         DEPTH
MIN_SLOPE            0.0
ALLOW_PONDING        NO
SKIP_STEADY_STATE    NO
ROUTING_STEP         00:00:05
VARIABLE_STEP        0.75
INERTIAL_DAMPING     PARTIAL
NORMAL_FLOW_LIMITED  BOTH
MAX_TRIALS           200

[JUNCTIONS]
;;Name           Elev       MaxDepth   InitDepth  SurDepth   Aponded
;;-------------- ---------- ---------- ---------- ---------- ----------
401              585.00     0          0          0          0
400              589.00     0          0          0          0
402              588.00     0          0          0          0
403              588.00     0          0          0          0
404              588.00     0          0          0          0
405              593.00     0          0          0          0
406              593.50     0          0          0          0
407              595.00     0          0          0          0
408              593.00     0          0          0          0
409              594.00     0          0          0          0
410              595.00     0          0          0          0
411              596.00     0          0          0          0
412              597.00     0          0          0          0
413              597.00     0          0          0          0
433              592.00     0          0          0          0
434              594.00     0          0          0          0
435              595.00     0          0          0          0
432              590.00     0          0          0          0
431              588.00     0          0          0          0
436              596.00     0          0          0          0
437              601.00     0          0          0          0
438              600.00     0          0          0          0
439              600.00     0          0          0          0
440              599.40     0          0          0          0
441              600.00     0          0          0          0
448              600.00     0          0          0          0
442              598.00     0          0          0          0
443              600.00     0          0          0          0
444              598.00     0          0          0          0
445              596.00     0          0          0          0
446              596.00     0          0          0          0
449              600.00     0          0          0          0
450              600.00     0          0          0          0
451              597.00     0          0          0          0
452              597.00     0          0          0          0
453              597.00     0          0          0          0
447              597.00     0          0          0          0
454              597.00     0          0          0          0
457              605.00     0          0          0          0
456              604.00     0          0          0          0
455              602.00     0          0          0          0
459              600.00     0          0          0          0
458              600.00     0          0          0          0
461              601.00     0          0          0          0
460              600.00     0          0          0          0
462              600.00     0          0          0          0
463              603.00     0          0          0          0
490              600.00     0          0          0          0
495              602.00     0          0          0          0
494              602.00     0          0          0          0
493              602.00     0          0          0          0
492              602.00     0          0          0          0
491              602.00     0          0          0          0
489              602.00     0          0          0          0
464              600.00     0          0          0          0
465              602.00     0          0          0          0
483              603.00     0          0          0          0
468              604.00     0          0          0          0
466              601.00     0          0          0          0
486              600.00     0          0          0          0
485              600.00     0          0          0          0
484              600.00     0          0          0          0
414              598.00     0          0          0          0
427              600.00     0          0          0          0
426              600.00     0          0          0          0
425              600.00     0          0          0          0
430              600.00     0          0          0          0
429              600.00     0          0          0          0
323              605.00     0          0          0          0
322              604.00     0          0          0          0
321              604.00     0          0          0          0
313              600.00     0          0          0          0
314              600.00     0          0          0          0
315              606.50     0          0          0          0
467              603.00     0          0          0          0
488              605.00     0          0          0          0
487              605.00     0          0          0          0
324              604.00     0          0          0          0
472              606.00     0          0          0          0
471              605.00     0          0          0          0
470              605.00     0          0          0          0
469              605.00     0          0          0          0
474              609.00     0          0          0          0
473              607.00     0          0          0          0
477              608.00     0          0          0          0
476              608.00     0          0          0          0
475              608.00     0          0          0          0
481              618.00     0          0          0          0
480              610.00     0          0          0          0
479              608.00     0          0          0          0
478              608.00     0          0          0          0
482              618.00     0          0          0          0
320              612.00     0          0          0          0
311              600.00     0          0          0          0
312              599.50     0          0          0          0
310              600.50     0          0          0          0
308              601.00     0          0          0          0
307              601.00     0          0          0          0
306              597.00     0          0          0          0
305              597.00     0          0          0          0
304              605.00     0          0          0          0
303              605.00     0          0          0          0
302              601.00     0          0          0          0
309              600.50     0          0          0          0
301              593.00     0          0          0          0
300              593.00     0          0          0          0
417              593.00     0          0          0          0
416              592.00     0          0          0          0
415              605.00     0          0          0          0
418              605.00     0          0          0          0
424              604.00     0          0          0          0
423              603.00     0          0          0          0
422              602.00     0          0          0          0
421              603.00     0          0          0          0
420              604.00     0          0          0          0
419              601.00     0          0          0          0
318              600.50     0          0          0          0
317              600.00     0          0          0          0
316              601.50     0          0          0          0
913              603.50     0          0          0          0
319              602.00     0          0          0          0
914              603.00     0          0          0          0
912              600.00     0          0          0          0
911              603.00     0          0          0          0
910              601.50     0          0          0          0
909              602.00     0          0          0          0
915              599.00     0          0          0          0
908              603.50     0          0          0          0
907              605.20     0          0          0          0
906              607.50     0          0          0          0
905              609.00     0          0          0          0
904              608.50     0          0          0          0
903              612.50     0          0          0          0
902              608.00     0          0          0          0
901              608.00     0          0          0          0
900              596.00     0          0          0          0
044              589.00     0          0          0          0
033              593.00     0          0          0          0
031              593.00     0          0          0          0
099              596.00     0          0          0          0
091              596.00     0          0          0          0
497              606.00     0          0          0          0
496              605.00     0          0          0          0
041              589.00     0          0          0          0
042              585.00     0          0          0          0
047              588.00     0          0          0          0
046              588.00     0          0          0          0
032              590.00     0          0          0          0
048              597.00     0          0          0          0
502              592.00     0          0          0          0
501              592.00     0          0          0          0
503              593.00     0          0          0          0
595              593.50     0          0          0          0
504              594.50     0          0          0          0
505              596.00     0          0          0          0
506              598.00     0          0          0          0
507              593.00     0          0          0          0
513              593.50     0          0          0          0
509              594.00     0          0          0          0
518              593.00     0          0          0          0
514              593.00     0          0          0          0
515              595.00     0          0          0          0
517              595.00     0          0          0          0
510              594.00     0          0          0          0
530              591.00     0          0          0          0
531              592.50     0          0          0          0
532              597.00     0          0          0          0
533              596.00     0          0          0          0
534              596.00     0          0          0          0
535              590.50     0          0          0          0
536              592.00     0          0          0          0
537              593.00     0          0          0          0
538              593.00     0          0          0          0
519              589.00     0          0          0          0
520              590.00     0          0          0          0
521              591.00     0          0          0          0
522              590.50     0          0          0          0
523              593.50     0          0          0          0
524              593.00     0          0          0          0
525              593.00     0          0          0          0
526              593.00     0          0          0          0
527              592.50     0          0          0          0
528              591.00     0          0          0          0
529              594.50     0          0          0          0
511              593.00     0          0          0          0
512              595.50     0          0          0          0
500              589.50     0          0          0          0
055              589.00     0          0          0          0
043              589.00     0          0          0          0
RIVER            587.00     0          7.77       0          0
051              589.50     0          0          0          0
045              589.00     0          0          0          0
RIVER            596.00     0          0          0          0
RIVER            582.00     0          0          0          0
RIVER            583.00     0          0          0          0
655              600.00     0          0          0          0
657              600.00     0          0          0          0
658              600.00     0          0          0          0
660              600.00     0          0          0          0
663              600.00     0          0          0          0
TAPIN            592.00     0          0          0          0
OUTFALL          579.00     0          0.90       0          0
TAPIN            590.00     0          0          0          0
1                592.00     0          0          0          0
2                592.00     0          0.90       0          0
3                588.00     0          0.90       0          0
4                584.00     0          0.90       0          0
5                580.00     0          0.90       0          0
6                579.00     0          0.90       0          0
TAPIN            589.00     0          0          0          0

[STORAGE]
;;Name           Elev       MaxDepth   InitDepth  Shape      Curve/Params
;;-------------- ---------- ---------- ---------- ---------- ----------
003              581.00     0          0          FUNCTIONAL 5.00 0          0
002              580.00     0          0          FUNCTIONAL 5.00 0          0
OUTLET           592.00     -1.00      0          FUNCTIONAL 1963.00 0          0
004              591.00     0          0          FUNCTIONAL 5.00 0          0
DROP             594.00     0          0          FUNCTIONAL 63.60 0          0
DROP             581.50     0          0          FUNCTIONAL 63.60 0          0
DROP             581.00     0          0          FUNCTIONAL 19.60 0          0

[CONDUITS]
;;Name           From             To               Length     Roughness  InOffset   OutOffset  InitFlow   MaxFlow
;;-------------- ---------------- ---------------- ---------- ---------- ---------- ---------- ---------- ----------
1400             401              400              864.00     0.0130     568.94     568.47     0          0
1401             402              401              568.00     0.0130     573.28     570.69     0          0
1402             403              047              600.00     0.0130     574.58     574.10     0          0
1403             404              403              600.00     0.0130     575.06     574.58     0          0
1404             405              404              565.00     0.0130     575.50     575.06     0          0
1405             406              405              177.00     0.0130     577.16     576.79     0          0
1406             407              406              245.00     0.0130     577.69     577.16     0          0
1407             408              407              400.00     0.0130     578.54     577.69     0          0
1408             409              408              320.00     0.0130     579.23     578.54     0          0
1409             410              409              265.00     0.0130     579.79     579.23     0          0
1410             411              410              322.00     0.0130     580.48     579.79     0          0
1411             412              411              570.00     0.0130     581.43     580.48     0          0
1412             413              412              150.00     0.0130     581.59     581.43     0          0
1433             434              433              654.00     0.0130     571.59     571.12     0          0
1434             435              434              614.00     0.0130     572.43     572.02     0          0
1432             433              432              604.00     0.0130     571.12     570.80     0          0
1431             432              431              587.00     0.0130     570.80     569.30     0          0
1497             431              401              620.00     0.0130     569.30     568.94     0          0
1435             436              435              611.00     0.0130     572.84     572.43     0          0
1436             437              436              590.00     0.0130     573.27     572.84     0          0
1437             438              437              500.00     0.0130     575.77     575.30     0          0
1438             439              438              500.00     0.0130     576.27     575.77     0          0
1439             440              439              403.00     0.0130     576.68     576.72     0          0
1440             441              440              123.00     0.0130     577.59     577.48     0          0
1448             448              441              70.00      0.0130     582.76     581.50     0          0
1441             442              441              770.00     0.0130     578.36     577.59     0          0
1442             443              442              374.00     0.0130     579.52     579.17     0          0
1443             444              443              270.00     0.0130     580.19     579.92     0          0
1444             445              444              270.00     0.0130     580.46     580.19     0          0
1445             446              445              267.00     0.0130     582.09     581.66     0          0
1449             449              448              325.00     0.0130     583.86     582.76     0          0
1450             450              449              360.00     0.0130     584.58     583.86     0          0
1451             451              443              400.00     0.0130     583.01     582.13     0          0
1452             452              451              400.00     0.0130     583.89     583.01     0          0
1453             453              452              400.00     0.0130     584.61     583.89     0          0
1446             447              446              98.00      0.0130     582.27     582.09     0          0
1454             454              453              387.00     0.0130     585.51     584.81     0          0
1456             457              456              547.00     0.0130     577.10     575.03     0          0
1455             456              455              550.00     0.0130     575.03     574.53     0          0
1496             455              437              540.00     0.0130     574.53     574.08     0          0
1457             458              457              728.00     0.0130     577.33     577.10     0          0
1458             459              458              350.00     0.0130     578.14     577.33     0          0
1460             461              460              593.00     0.0130     579.64     579.01     0          0
1459             460              459              270.00     0.0130     579.01     578.66     0          0
1461             462              461              876.00     0.0130     580.48     579.64     0          0
1462             463              462              995.00     0.0130     581.51     580.48     0          0
1490             490              489              280.00     0.0130     585.29     584.39     0          0
1495             495              494              320.00     0.0130     589.27     588.25     0          0
1494             494              493              245.00     0.0130     587.75     587.16     0          0
1493             493              492              250.00     0.0130     587.16     586.56     0          0
1492             492              491              100.00     0.0130     586.56     586.20     0          0
1491             491              490              115.00     0.0130     586.20     585.79     0          0
1463             464              463              693.00     0.0130     582.18     581.46     0          0
1464             465              464              574.00     0.0130     583.21     582.68     0          0
1467             468              467              545.00     0.0130     584.67     584.16     0          0
1465             466              465              710.00     0.0130     583.96     583.21     0          0
1486             486              485              295.00     0.0130     584.47     584.00     0          0
1485             485              484              300.00     0.0130     584.00     583.53     0          0
1484             484              483              250.00     0.0130     583.27     582.92     0          0
1413             414              413              930.00     0.0130     582.70     581.59     0          0
1427             655              427              540.00     0.0130     587.11     586.13     0          0
1426             427              663              447.00     0.0130     585.73     584.92     0          0
1425             426              425              480.00     0.0130     584.92     584.06     0          0
1414             425              414              535.00     0.0130     584.06     583.10     0          0
1429             430              429              350.00     0.0130     589.24     588.40     0          0
1428             429              314              250.00     0.0130     588.00     587.65     0          0
1323             324              323              436.00     0.0130     586.87     586.57     0          0
1322             323              322              691.00     0.0130     586.57     585.97     0          0
1321             322              321              442.00     0.0130     585.57     585.15     0          0
1313             314              313              130.00     0.0130     582.00     581.87     0          0
1314             315              314              450.00     0.0130     582.59     582.00     0          0
1320             321              320              711.00     0.0130     585.15     584.36     0          0
1466             467              466              200.00     0.0130     584.16     583.96     0          0
1488             488              487              340.00     0.0130     590.19     589.60     0          0
1487             487              467              320.00     0.0130     589.60     588.04     0          0
1399             324              468              20.00      0.0130     586.87     586.30     0          0
1471             472              471              663.00     0.0130     587.11     586.39     0          0
1470             471              470              634.00     0.0130     586.39     585.81     0          0
1469             470              469              165.00     0.0130     585.30     585.15     0          0
1468             469              468              480.00     0.0130     585.15     584.67     0          0
1473             474              473              685.00     0.0130     589.41     588.73     0          0
1472             473              472              730.00     0.0130     588.73     588.10     0          0
1476             477              476              475.00     0.0130     593.86     592.62     0          0
1475             476              475              340.00     0.0130     592.62     591.74     0          0
1474             475              474              510.00     0.0130     591.74     590.41     0          0
1480             481              480              515.00     0.0130     599.75     598.31     0          0
1479             480              479              445.00     0.0130     598.06     596.81     0          0
1478             479              478              445.00     0.0130     596.56     595.31     0          0
1477             478              477              430.00     0.0130     595.31     594.11     0          0
1481             482              481              400.00     0.0130     600.96     600.00     0          0
1319             320              315              562.00     0.0130     584.36     583.79     0          0
1312             313              312              520.00     0.0130     581.87     581.36     0          0
1311             312              311              480.00     0.0130     581.36     580.88     0          0
1310             311              310              703.00     0.0130     580.88     579.83     0          0
1309             310              309              402.00     0.0130     579.83     579.24     0          0
1307             308              307              217.00     0.0130     579.19     578.87     0          0
1306             307              306              910.00     0.0130     578.87     577.54     0          0
1305             306              305              514.00     0.0130     577.54     576.77     0          0
1304             305              304              560.00     0.0130     576.77     575.90     0          0
1303             304              303              93.00      0.0130     573.50     573.33     0          0
1302             303              302              612.00     0.0130     573.33     572.36     0          0
1308             309              308              26.00      0.0130     579.24     579.19     0          0
1301             302              301              760.00     0.0130     572.36     571.13     0          0
1300             301              300              828.00     0.0130     571.13     569.80     0          0
1416             417              416              190.00     0.0130     580.43     580.16     0          0
1498             416              415              635.00     0.0130     579.76     579.00     0          0
1499             415              405              1003.00    0.0130     577.80     576.62     0          0
1415             418              304              370.00     0.0130     580.54     579.86     0          0
1423             424              423              425.00     0.0130     585.90     584.71     0          0
1422             423              422              353.00     0.0130     583.51     583.02     0          0
1421             422              421              350.00     0.0130     583.02     582.53     0          0
1420             421              420              350.00     0.0130     582.53     582.04     0          0
1419             420              419              375.00     0.0130     582.04     581.29     0          0
1418             419              418              375.00     0.0130     581.29     580.54     0          0
1317             318              317              188.00     0.0130     587.07     586.78     0          0
1316             317              316              560.00     0.0130     586.78     585.90     0          0
1315             316              315              834.00     0.0130     585.90     584.59     0          0
1326             913              319              605.00     0.0130     590.66     589.80     0          0
1318             319              318              718.00     0.0130     588.20     587.07     0          0
0913             914              913              412.00     0.0130     591.28     590.66     0          0
0912             913              912              412.00     0.0130     590.66     590.04     0          0
0911             912              911              465.00     0.0130     589.64     588.94     0          0
0910             911              910              465.00     0.0130     588.94     587.72     0          0
0909             910              909              110.00     0.0130     587.72     587.56     0          0
0914             915              914              413.00     0.0130     591.90     591.28     0          0
0908             909              908              135.00     0.0130     587.56     587.36     0          0
0907             908              907              330.00     0.0130     587.36     586.86     0          0
0906             907              906              480.00     0.0130     586.46     585.88     0          0
0905             906              905              470.00     0.0130     585.88     585.32     0          0
0904             905              904              445.00     0.0130     585.08     584.54     0          0
0903             904              903              560.00     0.0130     584.54     583.87     0          0
0902             903              902              629.00     0.0130     583.87     583.12     0          0
0901             902              901              450.00     0.0130     582.72     582.18     0          0
0900             901              900              500.00     0.0130     582.18     581.33     0          0
1397             497              496              340.00     0.0130     590.75     590.14     0          0
1396             496              469              320.00     0.0130     590.14     585.56     0          0
1489             489              463              200.00     0.0130     584.39     583.75     0          0
1483             483              460              275.00     0.0130     582.92     582.00     0          0
0041             400              041              532.00     0.0130     567.69     568.15     0          0
0042             041              042              515.00     0.0130     568.15     568.60     0          0
0047             047              046              600.00     0.0130     574.10     573.62     0          0
0046             046              402              600.00     0.0130     573.62     573.28     0          0
0031             031              032              861.00     0.0130     569.80     570.80     0          0
1417             048              417              1025.00    0.0130     581.59     580.43     0          0
548              ?                ?                20.00      0.0130     579.80     579.80     0          0
1501             502              501              200.00     0.0130     572.70     572.55     0          0
1502             503              502              350.00     0.0130     573.00     572.70     0          0
1503             595              503              90.00      0.0130     573.10     573.00     0          0
1595             504              595              177.00     0.0130     573.30     573.10     0          0
1504             505              504              278.00     0.0130     573.70     573.30     0          0
1505             506              505              295.00     0.0130     574.56     574.20     0          0
1506             507              506              487.00     0.0130     575.05     574.56     0          0
1599             513              507              385.00     0.0130     577.04     576.50     0          0
1508             509              507              185.00     0.0130     576.65     576.50     0          0
1598             518              513              340.00     0.0130     577.37     577.04     0          0
1513             514              513              145.00     0.0130     581.90     579.00     0          0
1514             515              514              155.00     0.0130     583.14     581.90     0          0
1515             517              515              175.00     0.0130     584.54     583.14     0          0
1509             510              509              370.00     0.0130     577.02     576.65     0          0
1596             530              501              430.00     0.0130     573.60     571.45     0          0
1530             531              530              235.00     0.0130     574.38     574.00     0          0
1531             532              531              260.00     0.0130     574.80     574.38     0          0
1532             533              532              400.00     0.0130     575.36     574.80     0          0
1533             534              533              325.00     0.0130     575.72     575.36     0          0
1534             535              534              220.00     0.0130     575.94     575.72     0          0
1535             536              535              270.00     0.0130     576.22     575.94     0          0
1536             537              536              250.00     0.0130     577.92     577.63     0          0
1537             538              537              450.00     0.0130     578.60     577.92     0          0
1518             519              518              300.00     0.0130     577.67     577.37     0          0
1519             520              519              315.00     0.0130     578.00     577.67     0          0
1520             521              520              300.00     0.0130     579.61     579.20     0          0
1521             522              521              290.00     0.0130     580.42     580.01     0          0
1597             523              520              350.00     0.0130     579.24     578.80     0          0
1523             524              523              110.00     0.0130     579.38     579.24     0          0
1524             525              524              26.00      0.0130     579.41     579.38     0          0
1525             526              525              251.00     0.0130     580.36     579.41     0          0
1526             527              526              220.00     0.0130     581.42     580.76     0          0
1527             528              527              340.00     0.0130     583.72     581.82     0          0
1528             529              528              24.00      0.0130     583.83     583.72     0          0
1510             511              510              90.00      0.0130     577.11     577.02     0          0
1511             512              511              319.00     0.0130     578.43     577.98     0          0
1500             501              500              328.00     0.0130     571.05     570.70     0          0
0004             004              003              4485.00    0.0130     426.65     425.98     0          0
0003             003              002              1880.00    0.0130     425.98     425.69     0          0
0002             002              OUTLET           4625.00    0.0130     425.69     425.00     0          0
0043             043              045              90.00      0.0130     568.10     568.00     0          0
DEAIR            DROP             004              140.00     0.0130     426.67     426.65     0          0
DEAIR            DROP             002              90.00      0.0130     425.71     425.69     0          0
0051             051              RIVER            1364.00    0.0130     569.70     567.23     0          0
DEAIR            DROP             003              140.00     0.0130     426.00     425.98     0          0
0091             091              RIVER            50.00      0.0130     581.33     581.27     0          0
0045             045              RIVER            330.00     0.0130     566.23     566.00     0          0
0032             032              RIVER            882.00     0.0130     569.13     568.00     0          0
656              ?                ?                100.00     0.0130     587.65     587.51     0          0
659              ?                ?                600.00     0.0130     593.50     593.20     0          0
661              ?                ?                500.00     0.0130     593.20     592.95     0          0
662              ?                ?                750.00     0.0130     592.45     592.08     0          0
664              ?                ?                60.00      0.0130     584.92     584.86     0          0
665              ?                ?                60.00      0.0130     586.23     586.17     0          0
666              ?                ?                10.00      0.0140     584.92     584.92     0          0
0032A            032              TAPIN            551.00     0.0130     569.13     568.43     0          0
INLET            TAPIN            DROP             90.00      0.0130     568.23     568.05     0          0
INLET            TAPIN            DROP             100.00     0.0130     565.13     564.93     0          0
0051A            051              TAPIN            1164.00    0.0130     569.70     567.59     0          0
INLET            TAPIN            DROP             100.00     0.0130     567.40     567.22     0          0
SCREEN           OUTLET           1                30.00      0.0140     568.00     568.00     0          0
SCREEN           1                2                100.00     0.0140     575.00     574.98     0          0
CHANNEL          2                3                155.00     0.0140     574.00     574.00     0          0
CH-30            3                4                10.00      0.0140     574.00     574.00     0          0
CH-40            4                5                10.00      0.0140     574.00     574.00     0          0
CH-50            5                6                25.00      0.1000     574.00     574.00     0          0
CH-60            6                OUTFALL          50.00      0.1000     574.00     574.00     0          0
0045A            045              TAPIN            140.00     0.0130     566.23     566.13     0          0

[ORIFICES]
;;Name           From             To               Type       Offset     Qcoeff     Gated    CloseTime
;;-------------- ---------------- ---------------- ---------- ---------- ---------- -------- ----------
ORIFICE          400              044              SIDE       0          0.650      NO       0
ORIFICE          300              033              SIDE       0          0.650      NO       0
ORIFICE          900              099              SIDE       0          0.650      NO       0
orif15           500              055              SIDE       570.70     0.650      NO       0

[WEIRS]
;;Name           From             To               Type       CrestHt    Qcoeff     Gated    EndCon   EndCoeff   Surcharge
;;-------------- ---------------- ---------------- ---------- ---------- ---------- -------- -------- ---------- ----------
WEIR 14          042              043              TRANSVERSE 576.71     1.840      NO       0        0          YES
WEIR 13          300              031              TRANSVERSE 571.72     1.840      NO       0        0          YES
WEIR 9           900              091              TRANSVERSE 585.08     1.840      NO       0        0          YES
OLD 5 FT         413              048              TRANSVERSE 584.01     1.840      NO       0        0          YES
WEIR 15          500              051              TRANSVERSE 575.63     1.840      NO       0        0          YES

[XSECTIONS]
;;Link           Shape        Geom1      Geom2      Geom3      Geom4      Barrels
;;-------------- ------------ ---------- ---------- ---------- ---------- ----------
1400             CIRCULAR     11.50      0          0          0          1
1401             CIRCULAR     8.00       0          0          0          1
1402             CIRCULAR     8.00       0          0          0          1
1403             CIRCULAR     8.00       0          0          0          1
1404             CIRCULAR     8.00       0          0          0          1
1405             CIRCULAR     6.00       0          0          0          1
1406             CIRCULAR     6.00       0          0          0          1
1407             CIRCULAR     6.00       0          0          0          1
1408             CIRCULAR     6.00       0          0          0          1
1409             CIRCULAR     6.00       0          0          0          1
1410             CIRCULAR     6.00       0          0          0          1
1411             CIRCULAR     6.00       0          0          0          1
1412             CIRCULAR     6.00       0          0          0          1
1433             CIRCULAR     10.50      0          0          0          1
1434             CIRCULAR     10.00      0          0          0          1
1432             CIRCULAR     10.50      0          0          0          1
1431             CIRCULAR     10.50      0          0          0          1
1497             CIRCULAR     10.50      0          0          0          1
1435             CIRCULAR     10.00      0          0          0          1
1436             CIRCULAR     10.00      0          0          0          1
1437             CIRCULAR     7.50       0          0          0          1
1438             CIRCULAR     7.50       0          0          0          1
1439             CIRCULAR     7.50       0          0          0          1
1440             CIRCULAR     6.50       0          0          0          1
1448             CIRCULAR     2.50       0          0          0          1
1441             CIRCULAR     6.50       0          0          0          1
1442             CIRCULAR     5.50       0          0          0          1
1443             CIRCULAR     5.00       0          0          0          1
1444             CIRCULAR     5.00       0          0          0          1
1445             CIRCULAR     3.50       0          0          0          1
1449             CIRCULAR     2.50       0          0          0          1
1450             CIRCULAR     2.50       0          0          0          1
1451             CIRCULAR     2.50       0          0          0          1
1452             CIRCULAR     2.50       0          0          0          1
1453             CIRCULAR     2.50       0          0          0          1
1446             CIRCULAR     3.50       0          0          0          1
1454             CIRCULAR     2.25       0          0          0          1
1456             CIRCULAR     9.00       0          0          0          1
1455             CIRCULAR     9.00       0          0          0          1
1496             CIRCULAR     9.00       0          0          0          1
1457             CIRCULAR     9.00       0          0          0          1
1458             CIRCULAR     9.00       0          0          0          1
1460             CIRCULAR     8.50       0          0          0          1
1459             CIRCULAR     8.50       0          0          0          1
1461             CIRCULAR     8.50       0          0          0          1
1462             CIRCULAR     8.50       0          0          0          1
1490             CIRCULAR     3.50       0          0          0          1
1495             CIRCULAR     2.50       0          0          0          1
1494             CIRCULAR     3.00       0          0          0          1
1493             CIRCULAR     3.00       0          0          0          1
1492             CIRCULAR     3.00       0          0          0          1
1491             CIRCULAR     3.00       0          0          0          1
1463             CIRCULAR     8.50       0          0          0          1
1464             CIRCULAR     8.00       0          0          0          1
1467             CIRCULAR     8.00       0          0          0          1
1465             CIRCULAR     8.00       0          0          0          1
1486             CIRCULAR     3.00       0          0          0          1
1485             CIRCULAR     3.00       0          0          0          1
1484             CIRCULAR     3.50       0          0          0          1
1413             CIRCULAR     5.00       0          0          0          1
1427             CIRCULAR     4.00       0          0          0          1
1426             CIRCULAR     4.50       0          0          0          1
1425             CIRCULAR     4.50       0          0          0          1
1414             CIRCULAR     4.50       0          0          0          1
1429             CIRCULAR     3.00       0          0          0          1
1428             CIRCULAR     3.50       0          0          0          1
1323             CIRCULAR     6.50       0          0          0          1
1322             CIRCULAR     6.50       0          0          0          1
1321             CIRCULAR     7.00       0          0          0          1
1313             CIRCULAR     8.50       0          0          0          1
1314             CIRCULAR     8.50       0          0          0          1
1320             CIRCULAR     7.00       0          0          0          1
1466             CIRCULAR     8.00       0          0          0          1
1488             CIRCULAR     3.00       0          0          0          1
1487             CIRCULAR     3.00       0          0          0          1
1399             CIRCULAR     6.50       0          0          0          1
1471             CIRCULAR     7.50       0          0          0          1
1470             CIRCULAR     7.50       0          0          0          1
1469             CIRCULAR     8.00       0          0          0          1
1468             CIRCULAR     8.00       0          0          0          1
1473             CIRCULAR     6.50       0          0          0          1
1472             CIRCULAR     6.50       0          0          0          1
1476             CIRCULAR     4.50       0          0          0          1
1475             CIRCULAR     4.50       0          0          0          1
1474             CIRCULAR     4.50       0          0          0          1
1480             CIRCULAR     3.00       0          0          0          1
1479             CIRCULAR     3.50       0          0          0          1
1478             CIRCULAR     4.00       0          0          0          1
1477             CIRCULAR     4.00       0          0          0          1
1481             CIRCULAR     2.50       0          0          0          1
1319             CIRCULAR     7.00       0          0          0          1
1312             CIRCULAR     8.50       0          0          0          1
1311             CIRCULAR     8.50       0          0          0          1
1310             CIRCULAR     8.50       0          0          0          1
1309             CIRCULAR     8.50       0          0          0          1
1307             CIRCULAR     8.50       0          0          0          1
1306             CIRCULAR     8.50       0          0          0          1
1305             CIRCULAR     8.50       0          0          0          1
1304             CIRCULAR     8.50       0          0          0          1
1303             CIRCULAR     11.50      0          0          0          1
1302             CIRCULAR     11.50      0          0          0          1
1308             CIRCULAR     5.67       0          0          0          1
1301             CIRCULAR     11.50      0          0          0          1
1300             CIRCULAR     11.50      0          0          0          1
1416             CIRCULAR     5.00       0          0          0          1
1498             CIRCULAR     5.50       0          0          0          1
1499             CIRCULAR     7.00       0          0          0          1
1415             CIRCULAR     4.50       0          0          0          1
1423             CIRCULAR     3.00       0          0          0          1
1422             CIRCULAR     4.50       0          0          0          1
1421             CIRCULAR     4.50       0          0          0          1
1420             CIRCULAR     4.50       0          0          0          1
1419             CIRCULAR     4.50       0          0          0          1
1418             CIRCULAR     4.50       0          0          0          1
1317             CIRCULAR     6.00       0          0          0          1
1316             CIRCULAR     6.00       0          0          0          1
1315             CIRCULAR     6.00       0          0          0          1
1326             CIRCULAR     4.00       0          0          0          1
1318             CIRCULAR     6.00       0          0          0          1
0913             CIRCULAR     4.00       0          0          0          1
0912             CIRCULAR     4.00       0          0          0          1
0911             CIRCULAR     4.50       0          0          0          1
0910             CIRCULAR     4.50       0          0          0          1
0909             CIRCULAR     5.00       0          0          0          1
0914             CIRCULAR     4.00       0          0          0          1
0908             CIRCULAR     5.00       0          0          0          1
0907             CIRCULAR     5.00       0          0          0          1
0906             CIRCULAR     5.50       0          0          0          1
0905             CIRCULAR     5.50       0          0          0          1
0904             CIRCULAR     5.75       0          0          0          1
0903             CIRCULAR     5.75       0          0          0          1
0902             CIRCULAR     5.75       0          0          0          1
0901             CIRCULAR     6.25       0          0          0          1
0900             CIRCULAR     6.25       0          0          0          1
1397             CIRCULAR     3.00       0          0          0          1
1396             CIRCULAR     3.00       0          0          0          1
1489             CIRCULAR     3.50       0          0          0          1
1483             CIRCULAR     3.50       0          0          0          1
0041             RECT_CLOSED  12.75      10.00      0          0          1
0042             RECT_CLOSED  11.75      10.00      0          0          1
0047             CIRCULAR     8.00       0          0          0          1
0046             CIRCULAR     8.00       0          0          0          1
0031             CIRCULAR     11.50      0          0          0          1
1417             CIRCULAR     5.00       0          0          0          1
548              CIRCULAR     4.50       0          0          0          1
1501             CIRCULAR     6.50       0          0          0          1
1502             CIRCULAR     6.50       0          0          0          1
1503             CIRCULAR     6.50       0          0          0          1
1595             CIRCULAR     6.50       0          0          0          1
1504             CIRCULAR     6.50       0          0          0          1
1505             CIRCULAR     6.00       0          0          0          1
1506             CIRCULAR     6.00       0          0          0          1
1599             CIRCULAR     4.50       0          0          0          1
1508             CIRCULAR     4.50       0          0          0          1
1598             CIRCULAR     4.50       0          0          0          1
1513             CIRCULAR     1.50       0          0          0          1
1514             CIRCULAR     1.50       0          0          0          1
1515             CIRCULAR     1.50       0          0          0          1
1509             CIRCULAR     4.50       0          0          0          1
1596             CIRCULAR     5.00       0          0          0          1
1530             CIRCULAR     4.50       0          0          0          1
1531             CIRCULAR     4.50       0          0          0          1
1532             CIRCULAR     4.50       0          0          0          1
1533             CIRCULAR     4.50       0          0          0          1
1534             CIRCULAR     4.50       0          0          0          1
1535             CIRCULAR     4.50       0          0          0          1
1536             CIRCULAR     2.75       0          0          0          1
1537             CIRCULAR     2.73       0          0          0          1
1518             CIRCULAR     4.50       0          0          0          1
1519             CIRCULAR     4.50       0          0          0          1
1520             CIRCULAR     3.00       0          0          0          1
1521             CIRCULAR     2.50       0          0          0          1
1597             CIRCULAR     4.00       0          0          0          1
1523             CIRCULAR     4.00       0          0          0          1
1524             CIRCULAR     4.00       0          0          0          1
1525             CIRCULAR     3.00       0          0          0          1
1526             CIRCULAR     2.50       0          0          0          1
1527             CIRCULAR     2.00       0          0          0          1
1528             CIRCULAR     2.00       0          0          0          1
1510             CIRCULAR     4.50       0          0          0          1
1511             CIRCULAR     3.50       0          0          0          1
1500             CIRCULAR     8.00       0          0          0          1
0004             CIRCULAR     18.00      0          0          0          1
0003             CIRCULAR     18.00      0          0          0          1
0002             CIRCULAR     18.00      0          0          0          1
0043             RECT_CLOSED  11.50      10.00      0          0          1
DEAIR            CIRCULAR     18.00      0          0          0          1
DEAIR            CIRCULAR     11.00      0          0          0          1
0051             CIRCULAR     9.00       0          0          0          1
DEAIR            CIRCULAR     18.00      0          0          0          1
0091             CIRCULAR     6.25       0          0          0          1
0045             RECT_CLOSED  12.50      13.50      0          0          1
0032             CIRCULAR     12.00      0          0          0          1
656              CIRCULAR     3.50       0          0          0          1
659              CIRCULAR     3.50       0          0          0          1
661              CIRCULAR     3.50       0          0          0          1
662              CIRCULAR     4.00       0          0          0          1
664              CIRCULAR     3.00       0          0          0          1
665              CIRCULAR     3.50       0          0          0          1
666              CIRCULAR     4.50       0          0          0          1
0032A            CIRCULAR     12.00      0          0          0          1
INLET            RECT_CLOSED  8.00       14.00      0          0          1
INLET            RECT_CLOSED  14.00      14.00      0          0          1
0051A            CIRCULAR     9.00       0          0          0          1
INLET            RECT_CLOSED  4.00       11.00      0          0          1
SCREEN           RECT_CLOSED  20.00      15.00      0          0          2
SCREEN           RECT_CLOSED  7.00       10.00      0          0          2
CHANNEL          RECT_CLOSED  5.00       10.00      0          0          2
CH-30            RECT_CLOSED  5.00       15.00      0          0          2
CH-40            RECT_CLOSED  5.00       20.00      0          0          2
CH-50            TRAPEZOIDAL  4.50       50.00      0          0          1
CH-60            TRAPEZOIDAL  4.50       60.00      0          0          1
0045A            RECT_CLOSED  12.50      13.50      0          0          1
ORIFICE          RECT_CLOSED  1.80       0          0          0          
ORIFICE          RECT_CLOSED  1.23       0          0          0          
ORIFICE          RECT_CLOSED  0.68       0          0          0          
orif15           RECT_CLOSED  0.57       0          0          0          
WEIR 14          RECT_OPEN    0          48.00      0          0          
WEIR 13          RECT_OPEN    0          8.00       0          0          
WEIR 9           RECT_OPEN    0          19.00      0          0          
OLD 5 FT         RECT_OPEN    0          5.00       0          0          
WEIR 15          RECT_OPEN    0          25.00      0          0          

[LOSSES]
;;Link           Inlet      Outlet     Average    Flap Gate
;;-------------- ---------- ---------- ---------- ----------
1400             0          0          0          NO
1401             0          0          0          NO
1402             0          0          0          NO
1403             0          0          0          NO
1404             0          0          0          NO
1405             0          0          0          NO
1406             0          0          0          NO
1407             0          0          0          NO
1408             0          0          0          NO
1409             0          0          0          NO
1410             0          0          0          NO
1411             0          0          0          NO
1412             0          0          0          NO
1433             0          0          0          NO
1434             0          0          0          NO
1432             0          0          0          NO
1431             0          0          0          NO
1497             0          0          0          NO
1435             0          0          0          NO
1436             0          0          0          NO
1437             0          0          0          NO
1438             0          0          0          NO
1439             0          0          0          NO
1440             0          0          0          NO
1448             0          0          0          NO
1441             0          0          0          NO
1442             0          0          0          NO
1443             0          0          0          NO
1444             0          0          0          NO
1445             0          0          0          NO
1449             0          0          0          NO
1450             0          0          0          NO
1451             0          0          0          NO
1452             0          0          0          NO
1453             0          0          0          NO
1446             0          0          0          NO
1454             0          0          0          NO
1456             0          0          0          NO
1455             0          0          0          NO
1496             0          0          0          NO
1457             0          0          0          NO
1458             0          0          0          NO
1460             0          0          0          NO
1459             0          0          0          NO
1461             0          0          0          NO
1462             0          0          0          NO
1490             0          0          0          NO
1495             0          0          0          NO
1494             0          0          0          NO
1493             0          0          0          NO
1492             0          0          0          NO
1491             0          0          0          NO
1463             0          0          0          NO
1464             0          0          0          NO
1467             0          0          0          NO
1465             0          0          0          NO
1486             0          0          0          NO
1485             0          0          0          NO
1484             0          0          0          NO
1413             0          0          0          NO
1427             0          0          0          NO
1426             0          0          0          NO
1425             0          0          0          NO
1414             0          0          0          NO
1429             0          0          0          NO
1428             0          0          0          NO
1323             0          0          0          NO
1322             0          0          0          NO
1321             0          0          0          NO
1313             0          0          0          NO
1314             0          0          0          NO
1320             0          0          0          NO
1466             0          0          0          NO
1488             0          0          0          NO
1487             0          0          0          NO
1399             0          0          0          NO
1471             0          0          0          NO
1470             0          0          0          NO
1469             0          0          0          NO
1468             0          0          0          NO
1473             0          0          0          NO
1472             0          0          0          NO
1476             0          0          0          NO
1475             0          0          0          NO
1474             0          0          0          NO
1480             0          0          0          NO
1479             0          0          0          NO
1478             0          0          0          NO
1477             0          0          0          NO
1481             0          0          0          NO
1319             0          0          0          NO
1312             0          0          0          NO
1311             0          0          0          NO
1310             0          0          0          NO
1309             0          0          0          NO
1307             0          0          0          NO
1306             0          0          0          NO
1305             0          0          0          NO
1304             0          0          0          NO
1303             0          0          0          NO
1302             0          0          0          NO
1308             0          0          0          NO
1301             0          0          0          NO
1300             0          0          0          NO
1416             0          0          0          NO
1498             0          0          0          NO
1499             0          0          0          NO
1415             0          0          0          NO
1423             0          0          0          NO
1422             0          0          0          NO
1421             0          0          0          NO
1420             0          0          0          NO
1419             0          0          0          NO
1418             0          0          0          NO
1317             0          0          0          NO
1316             0          0          0          NO
1315             0          0          0          NO
1326             0          0          0          NO
1318             0          0          0          NO
0913             0          0          0          NO
0912             0          0          0          NO
0911             0          0          0          NO
0910             0          0          0          NO
0909             0          0          0          NO
0914             0          0          0          NO
0908             0          0          0          NO
0907             0          0          0          NO
0906             0          0          0          NO
0905             0          0          0          NO
0904             0          0          0          NO
0903             0          0          0          NO
0902             0          0          0          NO
0901             0          0          0          NO
0900             0          0          0          NO
1397             0          0          0          NO
1396             0          0          0          NO
1489             0          0          0          NO
1483             0          0          0          NO
0041             0          0          0          NO
0042             0          0          0          NO
0047             0          0          0          NO
0046             0          0          0          NO
0031             0          0          0          NO
1417             0          0          0          NO
548              0          0          0          NO
1501             0          0          0          NO
1502             0          0          0          NO
1503             0          0          0          NO
1595             0          0          0          NO
1504             0          0          0          NO
1505             0          0          0          NO
1506             0          0          0          NO
1599             0          0          0          NO
1508             0          0          0          NO
1598             0          0          0          NO
1513             0          0          0          NO
1514             0          0          0          NO
1515             0          0          0          NO
1509             0          0          0          NO
1596             0          0          0          NO
1530             0          0          0          NO
1531             0          0          0          NO
1532             0          0          0          NO
1533             0          0          0          NO
1534             0          0          0          NO
1535             0          0          0          NO
1536             0          0          0          NO
1537             0          0          0          NO
1518             0          0          0          NO
1519             0          0          0          NO
1520             0          0          0          NO
1521             0          0          0          NO
1597             0          0          0          NO
1523             0          0          0          NO
1524             0          0          0          NO
1525             0          0          0          NO
1526             0          0          0          NO
1527             0          0          0          NO
1528             0          0          0          NO
1510             0          0          0          NO
1511             0          0          0          NO
1500             0          0          0          NO
0004             0          0          0          NO
0003             0          0          0          NO
0002             0          0          0          NO
0043             0          0          0          NO
DEAIR            0          0          0          NO
DEAIR            0          0          0          NO
0051             0          0          0          NO
DEAIR            0          0          0          NO
0091             0          0          0          NO
0045             0          0          0          NO
0032             0          0          0          NO
656              0          0          0          NO
659              0          0          0          NO
661              0          0          0          NO
662              0          0          0          NO
664              0          0          0          NO
665              0          0          0          NO
666              0          0          0          NO
0032A            0          0          0          NO
INLET            0          0          0          NO
INLET            0          0          0          NO
0051A            0          0          0          NO
INLET            0          0          0          NO
SCREEN           0          0          0          NO
SCREEN           0          0          0          NO
CHANNEL          0          0          0          NO
CH-30            0          0          0          NO
CH-40            0          0          0          NO
CH-50            0          0          0          NO
CH-60            0          0          0          NO
0045A            0          0          0          NO

[COORDINATES]
;;Node           X-Coord            Y-Coord
;;-------------- ------------------ ------------------
401              230.50             -80.50            
400              -232.50            179.50            
402              261.50             -712.50           
403              883.50             -1639.50          
404              1031.50            -1851.50          
405              1224.50            -2136.50          
406              1364.50            -2219.50          
407              1558.50            -2416.50          
408              1401.50            -2709.50          
409              1642.50            -2905.50          
410              1920.50            -3087.50          
411              2182.50            -3271.50          
412              2268.50            -3566.50          
413              2473.50            -3884.50          
433              1198.50            -605.50           
434              1678.50            -804.50           
435              2378.50            -1122.50          
432              979.50             -416.50           
431              669.50             -170.50           
436              3011.50            -1390.50          
437              3520.50            -1593.50          
438              3802.50            -1754.50          
439              4006.50            -1840.50          
440              4257.50            -1989.50          
441              4479.50            -1665.50          
448              4807.50            -1970.50          
442              4706.50            -1375.50          
443              4912.50            -1100.50          
444              5078.50            -888.50           
445              5201.50            -739.50           
446              5328.50            -593.50           
449              5086.50            -2236.50          
450              5402.50            -2536.50          
451              5157.50            -1320.50          
452              5399.50            -1532.50          
453              5650.50            -1767.50          
447              5437.50            -448.50           
454              5849.50            -1971.50          
457              3000.50            -2597.50          
456              3173.50            -2261.50          
455              3332.50            -1946.50          
459              3801.50            -3047.50          
458              3325.50            -2764.50          
461              3579.50            -3972.50          
460              3559.50            -3518.50          
462              3579.50            -4478.50          
463              3581.50            -5306.50          
490              3910.50            -5549.50          
495              5096.50            -5543.50          
494              4769.50            -5543.50          
493              4549.50            -5549.50          
492              4336.50            -5549.50          
491              4123.50            -5549.50          
489              3752.50            -5438.50          
464              3376.50            -5785.50          
465              3611.50            -5955.50          
483              3758.50            -3653.50          
468              3610.50            -7040.50          
466              3610.50            -6486.50          
486              4630.50            -3775.50          
485              4319.50            -3786.50          
484              3986.50            -3786.50          
414              2687.50            -4395.50          
427              2048.50            -5486.50          
426              2278.50            -5033.50          
425              2453.50            -4750.50          
430              1742.50            -6028.50          
429              1809.50            -5923.50          
323              3156.50            -7049.50          
322              2747.50            -6726.50          
321              2474.50            -6288.50          
313              1650.50            -5582.50          
314              1887.50            -5789.50          
315              2062.50            -5929.50          
467              3611.50            -6748.50          
488              4320.50            -6754.50          
487              3979.50            -6754.50          
324              3483.50            -7048.50          
472              3626.50            -8204.50          
471              3626.50            -7916.50          
470              3615.50            -7562.50          
469              3625.50            -7256.50          
474              3619.50            -8811.50          
473              3619.50            -8469.50          
477              4414.50            -8817.50          
476              4158.50            -8811.50          
475              3888.50            -8811.50          
481              4442.50            -10189.50         
480              4435.50            -9854.50          
479              4435.50            -9524.50          
478              4428.50            -9158.50          
482              4449.50            -10483.50         
320              2263.50            -6118.50          
311              2032.50            -4969.50          
312              1868.50            -5278.50          
310              1679.50            -4510.50          
308              1380.50            -4210.50          
307              1217.50            -4038.50          
306              1516.50            -3621.50          
305              1480.50            -3255.50          
304              920.50             -2841.50          
303              629.50             -2614.50          
302              330.50             -2360.50          
309              1519.50            -4350.50          
301              76.50              -2129.50          
300              -225.50            -1929.50          
417              1563.50            -3198.50          
416              1521.50            -3015.50          
415              1013.50            -2662.50          
418              775.50             -3092.50          
424              -296.50            -4965.50          
423              -147.50            -4647.50          
422              -5.50              -4387.50          
421              164.50             -4093.50          
420              349.50             -3757.50          
419              569.50             -3404.50          
318              1749.50            -6746.50          
317              1608.50            -6640.50          
316              1827.50            -6298.50          
913              1075.50            -7736.50          
319              1479.50            -7093.50          
914              1330.50            -7464.50          
912              918.50             -7912.50          
911              684.50             -8166.50          
910              436.50             -8420.50          
909              194.50             -8649.50          
915              1657.50            -7117.50          
908              361.50             -8898.50          
907              -46.50             -8933.50          
906              -439.50            -9029.50          
905              -884.50            -9062.50          
904              -1281.50           -9085.50          
903              -1395.50           -8514.50          
902              -1516.50           -7955.50          
901              -1956.50           -8055.50          
900              -2432.50           -8161.50          
044              146.50             1125.50           
003              -1440.50           1393.50           
033              -827.50            -2701.50          
031              -732.50            -1619.50          
099              -3268.50           -7063.50          
091              -3348.50           -8390.50          
497              4351.50            -7257.50          
496              3993.50            -7256.50          
041              -448.50            316.50            
042              -663.50            400.50            
047              650.50             -1336.50          
046              461.50             -1044.50          
032              -995.50            -1421.50          
048              2114.50            -3671.50          
502              -134.50            3869.50           
501              -132.50            3666.50           
503              -135.50            4256.50           
595              -134.50            4408.50           
504              -139.50            4518.50           
505              -139.50            4803.50           
506              -352.50            4791.50           
507              -594.50            4978.50           
513              -767.50            4847.50           
509              -508.50            5067.50           
518              -980.50            4978.50           
514              -891.50            4754.50           
515              -969.50            4645.50           
517              -990.50            4500.50           
510              -508.50            5250.50           
530              -460.50            3667.50           
531              -693.50            3677.50           
532              -892.50            3623.50           
533              -1029.50           3573.50           
534              -1252.50           3505.50           
535              -1437.50           3465.50           
536              -1641.50           3451.50           
537              -1692.50           3715.50           
538              -1637.50           3994.50           
519              -1120.50           5093.50           
520              -1361.50           5093.50           
521              -1377.50           4782.50           
522              -1427.50           4622.50           
523              -1347.50           5204.50           
524              -1369.50           5291.50           
525              -1369.50           5408.50           
526              -1516.50           5405.50           
527              -1647.50           5403.50           
528              -1772.50           5405.50           
529              -1829.50           5354.50           
511              -501.50            5347.50           
512              -499.50            5515.50           
500              -131.50            3374.50           
002              654.50             3059.50           
055              -435.50            3220.50           
OUTLET           1541.50            5227.50           
043              -868.50            490.50            
004              -1877.50           -425.50           
RIVER            -163.50            2120.50           
051              -131.50            3036.50           
045              -1061.50           535.50            
RIVER            -3799.50           -8513.50          
RIVER            -1691.50           930.50            
RIVER            -2295.50           -1428.50          
655              1949.50            -5658.50          
657              656.50             -5750.50          
658              1324.50            -6251.50          
660              1756.50            -6145.50          
663              2253.50            -5087.50          
TAPIN            -1470.50           -1205.50          
DROP             -1724.50           -833.50           
DROP             -1546.50           309.50            
OUTFALL          3562.50            4276.50           
TAPIN            -57.50             2728.50           
DROP             303.50             2968.50           
1                1735.50            5593.50           
2                1930.50            5904.50           
3                2239.50            5606.50           
4                2492.50            5378.50           
5                2790.50            5113.50           
6                3126.50            4736.50           
TAPIN            -1260.50           426.50            

[MAP]
DIMENSIONS -3799.50 -10483.50 5849.50 5904.50
Units      None

[REPORT]
INPUT            YES
SUBCATCHMENTS    ALL
NODES            ALL
LINKS            ALL



