;; SWMM5 .inp converted from XPSWMM .xp file
;; Generated by XPSWMM Card Reader
;; Source format: XP_CARD | Original title: (none)

[TITLE]
;;Project Title/Notes
Converted from XPSWMM .xp file

[OPTIONS]
FLOW_UNITS           CFS
INFILTRATION         HORTON
FLOW_ROUTING         DYNWAVE
LINK_OFFSETS         DEPTH
MIN_SLOPE            0.0
ALLOW_PONDING        NO
SKIP_STEADY_STATE    NO
INERTIAL_DAMPING     PARTIAL
NORMAL_FLOW_LIMITED  BOTH

[JUNCTIONS]
;;Name           Elev       MaxDepth   InitDepth  SurDepth   Aponded
;;-------------- ---------- ---------- ---------- ---------- ----------
1939             0          0          0          0          0
1940             0          0          0          0          0
1959             0          0          0          0          0
1960             0          0          0          0          0
1961             0          0          0          0          0
1962             0          0          0          0          0
1963             0          0          0          0          0
1964             0          0          0          0          0
568              0          0          0          0          0
569              0          0          0          0          0
570              0          0          0          0          0
571              0          0          0          0          0
572              0          0          0          0          0
573              0          0          0          0          0
574              0          0          0          0          0
1965             0          0          0          0          0
1966             0          0          0          0          0
1958             0          0          0          0          0
1970             0          0          0          0          0
222              0          0          0          0          0
221Node          0          0          0          0          0
1967             0          0          0          0          0
1968             0          0          0          0          0
1969             0          0          0          0          0
575              0          0          0          0          0
578              0          0          0          0          0
576              0          0          0          0          0
577              0          0          0          0          0
579              0          0          0          0          0
580              0          0          0          0          0
581              0          0          0          0          0
582              0          0          0          0          0
591              0          0          0          0          0
583              0          0          0          0          0
584              0          0          0          0          0
585              0          0          0          0          0
592              0          0          0          0          0
586              0          0          0          0          0
593              0          0          0          0          0
587              0          0          0          0          0
594              0          0          0          0          0
588              0          0          0          0          0
596              0          0          0          0          0
595              0          0          0          0          0
589              0          0          0          0          0
597              0          0          0          0          0
590              0          0          0          0          0
598              0          0          0          0          0
599              0          0          0          0          0
1941             0          0          0          0          0
1942             0          0          0          0          0
1943             0          0          0          0          0
1944             0          0          0          0          0
1945             0          0          0          0          0
1947             0          0          0          0          0
1946             0          0          0          0          0
926              0          0          0          0          0
927              0          0          0          0          0
928              0          0          0          0          0
929              0          0          0          0          0
930              0          0          0          0          0
933              0          0          0          0          0
934              0          0          0          0          0
935              0          0          0          0          0
978              0          0          0          0          0
979              0          0          0          0          0
987              0          0          0          0          0
988              0          0          0          0          0
989              0          0          0          0          0
1948             0          0          0          0          0
1952             0          0          0          0          0
1949             0          0          0          0          0
1950             0          0          0          0          0
1953             0          0          0          0          0
1954             0          0          0          0          0
1955             0          0          0          0          0
941              0          0          0          0          0
942              0          0          0          0          0
943              0          0          0          0          0
944              0          0          0          0          0
945              0          0          0          0          0
958              0          0          0          0          0
959              0          0          0          0          0
939              0          0          0          0          0
940              0          0          0          0          0
953              0          0          0          0          0
954              0          0          0          0          0
955              0          0          0          0          0
956              0          0          0          0          0
957              0          0          0          0          0
1971             0          0          0          0          0
951              0          0          0          0          0
952              0          0          0          0          0
960              0          0          0          0          0
961              0          0          0          0          0
962              0          0          0          0          0
963              0          0          0          0          0
964              0          0          0          0          0
965              0          0          0          0          0
973              0          0          0          0          0
966              0          0          0          0          0
967              0          0          0          0          0
968              0          0          0          0          0
969              0          0          0          0          0
974              0          0          0          0          0
975              0          0          0          0          0
976              0          0          0          0          0
977              0          0          0          0          0
990              0          0          0          0          0
980              0          0          0          0          0
991              0          0          0          0          0
992              0          0          0          0          0
993              0          0          0          0          0
994              0          0          0          0          0
1972             0          0          0          0          0
1973             0          0          0          0          0
1975             0          0          0          0          0
1978             0          0          0          0          0
1979             0          0          0          0          0
1980             0          0          0          0          0
1988             0          0          0          0          0
1989             0          0          0          0          0
235Node          0          0          0          0          0
245Node          0          0          0          0          0
383              0          0          0          0          0
384              0          0          0          0          0
385              0          0          0          0          0
388Node          0          0          0          0          0
247Node          0          0          0          0          0
248Node          0          0          0          0          0
249Node          0          0          0          0          0
251Node          0          0          0          0          0
252Node          0          0          0          0          0
253Node          0          0          0          0          0
254Node          0          0          0          0          0
255              0          0          0          0          0
262Node          0          0          0          0          0
263Node          0          0          0          0          0
264NMode         0          0          0          0          0
265Node          0          0          0          0          0
266Node          0          0          0          0          0
268Node          0          0          0          0          0
269Node          0          0          0          0          0
270Node          0          0          0          0          0
556              0          0          0          0          0
557              0          0          0          0          0
558              0          0          0          0          0
559              0          0          0          0          0
560              0          0          0          0          0
561              0          0          0          0          0
562              0          0          0          0          0
563              0          0          0          0          0
511              0          0          0          0          0

[CONDUITS]
;;Name           From             To               Length     Roughness  InOffset   OutOffset  InitFlow   MaxFlow
;;-------------- ---------------- ---------------- ---------- ---------- ---------- ---------- ---------- ----------
296              1939             1940             0          0          0          0          0          0
295              1959             1940             0          0          0          0          0          0
260              1960             1959             0          0          0          0          0          0
258              1961             1960             0          0          0          0          0          0
257              1962             1961             0          0          0          0          0          0
252A             1963             1962             0          0          0          0          0          0
252              1964             1963             0          0          0          0          0          0
249              568              1964             0          0          0          0          0          0
248              568              569              0          0          0          0          0          0
247              569              570              0          0          0          0          0          0
246              571              570              0          0          0          0          0          0
245              572              571              0          0          0          0          0          0
244A             573              572              0          0          0          0          0          0
243              574              573              0          0          0          0          0          0
250              1965             1964             0          0          0          0          0          0
221              1966             1965             0          0          0          0          0          0
1235             ?                ?                0          0          0          0          0          0
219              1970             1966             0          0          0          0          0          0
218              1970             1958             0          0          0          0          0          0
220              222              1966             0          0          0          0          0          0
220A             222              221Node          0          0          0          0          0          0
235              221Node          1967             0          0          0          0          0          0
234              1967             1968             0          0          0          0          0          0
233              1968             1969             0          0          0          0          0          0
232              575              1969             0          0          0          0          0          0
231              578              575              0          0          0          0          0          0
230Link          576              578              0          0          0          0          0          0
229              577              576              0          0          0          0          0          0
228              579              578              0          0          0          0          0          0
227              580              579              0          0          0          0          0          0
226              581              580              0          0          0          0          0          0
225              582              581              0          0          0          0          0          0
157              591              582              0          0          0          0          0          0
156              583              591              0          0          0          0          0          0
155              584              583              0          0          0          0          0          0
154              585              584              0          0          0          0          0          0
152              592              591              0          0          0          0          0          0
153              586              591              0          0          0          0          0          0
150              593              592              0          0          0          0          0          0
151              587              586              0          0          0          0          0          0
149              594              593              0          0          0          0          0          0
146              588              587              0          0          0          0          0          0
148              595              594              0          0          0          0          0          0
147              596              595              0          0          0          0          0          0
145              589              588              0          0          0          0          0          0
143              597              596              0          0          0          0          0          0
144              590              589              0          0          0          0          0          0
141              598              597              0          0          0          0          0          0
142              598              590              0          0          0          0          0          0
140              599              598              0          0          0          0          0          0
272              1942             1941             0          0          0          0          0          0
271              1943             1942             0          0          0          0          0          0
270              1944             1943             0          0          0          0          0          0
268              1945             1944             0          0          0          0          0          0
267              1947             1945             0          0          0          0          0          0
269              1946             1944             0          0          0          0          0          0
266              1947             1946             0          0          0          0          0          0
195              926              1947             0          0          0          0          0          0
193              927              926              0          0          0          0          0          0
192              928              927              0          0          0          0          0          0
190              929              928              0          0          0          0          0          0
188              930              929              0          0          0          0          0          0
189              933              928              0          0          0          0          0          0
186              934              933              0          0          0          0          0          0
185              935              934              0          0          0          0          0          0
6                978              935              0          0          0          0          0          0
5                979              978              0          0          0          0          0          0
4                987              979              0          0          0          0          0          0
3                988              987              0          0          0          0          0          0
2                989              988              0          0          0          0          0          0
265              1948             1947             0          0          0          0          0          0
264              1952             1948             0          0          0          0          0          0
263              1949             1952             0          0          0          0          0          0
262              1950             1949             0          0          0          0          0          0
253              1953             1952             0          0          0          0          0          0
251              1954             1953             0          0          0          0          0          0
204              1955             1954             0          0          0          0          0          0
203              941              1955             0          0          0          0          0          0
201              942              941              0          0          0          0          0          0
202              943              942              0          0          0          0          0          0
200              944              943              0          0          0          0          0          0
124              945              944              0          0          0          0          0          0
123              958              945              0          0          0          0          0          0
122              959              958              0          0          0          0          0          0
211              939              1955             0          0          0          0          0          0
210              940              939              0          0          0          0          0          0
206              953              940              0          0          0          0          0          0
205              954              953              0          0          0          0          0          0
119              955              954              0          0          0          0          0          0
118              956              955              0          0          0          0          0          0
117              957              956              0          0          0          0          0          0
217              1971             1970             0          0          0          0          0          0
216              951              1971             0          0          0          0          0          0
181              952              951              0          0          0          0          0          0
180              960              952              0          0          0          0          0          0
133E             961              960              0          0          0          0          0          0
133D             962              961              0          0          0          0          0          0
133C             963              962              0          0          0          0          0          0
133A             964              963              0          0          0          0          0          0
133              965              964              0          0          0          0          0          0
132              973              965              0          0          0          0          0          0
19               966              973              0          0          0          0          0          0
18               967              966              0          0          0          0          0          0
17               968              967              0          0          0          0          0          0
16               969              968              0          0          0          0          0          0
131              974              973              0          0          0          0          0          0
130              975              974              0          0          0          0          0          0
129              976              975              0          0          0          0          0          0
128              977              976              0          0          0          0          0          0
127              990              977              0          0          0          0          0          0
126              980              990              0          0          0          0          0          0
126Con           987              980              0          0          0          0          0          0
1b               991              990              0          0          0          0          0          0
1A               992              991              0          0          0          0          0          0
1                993              992              0          0          0          0          0          0
23               994              993              0          0          0          0          0          0
183              1972             951              0          0          0          0          0          0
182              1973             1972             0          0          0          0          0          0
166              1975             1973             0          0          0          0          0          0
163              1978             1975             0          0          0          0          0          0
162              1979             1978             0          0          0          0          0          0
113              1980             1979             0          0          0          0          0          0
111              1988             1980             0          0          0          0          0          0
110              1989             1988             0          0          0          0          0          0
102A             235Node          1978             0          0          0          0          0          0
102              245Node          235Node          0          0          0          0          0          0
91               383              245Node          0          0          0          0          0          0
90               384              383              0          0          0          0          0          0
89               385              384              0          0          0          0          0          0
86               388Node          385              0          0          0          0          0          0
93A              247Node          245Node          0          0          0          0          0          0
93               248Node          247Node          0          0          0          0          0          0
114A             249Node          248Node          0          0          0          0          0          0
68               251Node          249Node          0          0          0          0          0          0
67               252Node          251Node          0          0          0          0          0          0
66               253Node          252Node          0          0          0          0          0          0
65               254Node          253Node          0          0          0          0          0          0
64               255              254Node          0          0          0          0          0          0
62               262Node          255              0          0          0          0          0          0
59               263Node          262Node          0          0          0          0          0          0
58               264NMode         263Node          0          0          0          0          0          0
57               265Node          264NMode         0          0          0          0          0          0
56               266Node          265Node          0          0          0          0          0          0
55               268Node          266Node          0          0          0          0          0          0
52               269Node          268Node          0          0          0          0          0          0
51               270Node          269Node          0          0          0          0          0          0
294              556              1959             0          0          0          0          0          0
293              557              556              0          0          0          0          0          0
292              558              557              0          0          0          0          0          0
289              559              558              0          0          0          0          0          0
288              560              559              0          0          0          0          0          0
287              561              560              0          0          0          0          0          0
286              562              561              0          0          0          0          0          0
285              563              562              0          0          0          0          0          0

[WEIRS]
;;Name           From             To               Type       CrestHt    Qcoeff     Gated    EndCon   EndCoeff   Surcharge
;;-------------- ---------------- ---------------- ---------- ---------- ---------- -------- -------- ---------- ----------
512              ?                ?                TRANSVERSE 0          1.840      NO       0        0          YES

[XSECTIONS]
;;Link           Shape        Geom1      Geom2      Geom3      Geom4      Barrels
;;-------------- ------------ ---------- ---------- ---------- ---------- ----------
296              CIRCULAR     0          0          0          0          1
295              CIRCULAR     0          0          0          0          1
260              CIRCULAR     0          0          0          0          1
258              CIRCULAR     0          0          0          0          1
257              CIRCULAR     0          0          0          0          1
252A             CIRCULAR     0          0          0          0          1
252              CIRCULAR     0          0          0          0          1
249              CIRCULAR     0          0          0          0          1
248              CIRCULAR     0          0          0          0          1
247              CIRCULAR     0          0          0          0          1
246              CIRCULAR     0          0          0          0          1
245              CIRCULAR     0          0          0          0          1
244A             CIRCULAR     0          0          0          0          1
243              CIRCULAR     0          0          0          0          1
250              CIRCULAR     0          0          0          0          1
221              CIRCULAR     0          0          0          0          1
1235             CIRCULAR     0          0          0          0          1
219              CIRCULAR     0          0          0          0          1
218              CIRCULAR     0          0          0          0          1
220              CIRCULAR     0          0          0          0          1
220A             CIRCULAR     0          0          0          0          1
235              CIRCULAR     0          0          0          0          1
234              CIRCULAR     0          0          0          0          1
233              CIRCULAR     0          0          0          0          1
232              CIRCULAR     0          0          0          0          1
231              CIRCULAR     0          0          0          0          1
230Link          CIRCULAR     0          0          0          0          1
229              CIRCULAR     0          0          0          0          1
228              CIRCULAR     0          0          0          0          1
227              CIRCULAR     0          0          0          0          1
226              CIRCULAR     0          0          0          0          1
225              CIRCULAR     0          0          0          0          1
157              CIRCULAR     0          0          0          0          1
156              CIRCULAR     0          0          0          0          1
155              CIRCULAR     0          0          0          0          1
154              CIRCULAR     0          0          0          0          1
152              CIRCULAR     0          0          0          0          1
153              CIRCULAR     0          0          0          0          1
150              CIRCULAR     0          0          0          0          1
151              CIRCULAR     0          0          0          0          1
149              CIRCULAR     0          0          0          0          1
146              CIRCULAR     0          0          0          0          1
148              CIRCULAR     0          0          0          0          1
147              CIRCULAR     0          0          0          0          1
145              CIRCULAR     0          0          0          0          1
143              CIRCULAR     0          0          0          0          1
144              CIRCULAR     0          0          0          0          1
141              CIRCULAR     0          0          0          0          1
142              CIRCULAR     0          0          0          0          1
140              CIRCULAR     0          0          0          0          1
272              CIRCULAR     0          0          0          0          1
271              CIRCULAR     0          0          0          0          1
270              CIRCULAR     0          0          0          0          1
268              CIRCULAR     0          0          0          0          1
267              CIRCULAR     0          0          0          0          1
269              CIRCULAR     0          0          0          0          1
266              CIRCULAR     0          0          0          0          1
195              CIRCULAR     0          0          0          0          1
193              CIRCULAR     0          0          0          0          1
192              CIRCULAR     0          0          0          0          1
190              CIRCULAR     0          0          0          0          1
188              CIRCULAR     0          0          0          0          1
189              CIRCULAR     0          0          0          0          1
186              CIRCULAR     0          0          0          0          1
185              CIRCULAR     0          0          0          0          1
6                CIRCULAR     0          0          0          0          1
5                CIRCULAR     0          0          0          0          1
4                CIRCULAR     0          0          0          0          1
3                CIRCULAR     0          0          0          0          1
2                CIRCULAR     0          0          0          0          1
265              CIRCULAR     0          0          0          0          1
264              CIRCULAR     0          0          0          0          1
263              CIRCULAR     0          0          0          0          1
262              CIRCULAR     0          0          0          0          1
253              CIRCULAR     0          0          0          0          1
251              CIRCULAR     0          0          0          0          1
204              CIRCULAR     0          0          0          0          1
203              CIRCULAR     0          0          0          0          1
201              CIRCULAR     0          0          0          0          1
202              CIRCULAR     0          0          0          0          1
200              CIRCULAR     0          0          0          0          1
124              CIRCULAR     0          0          0          0          1
123              CIRCULAR     0          0          0          0          1
122              CIRCULAR     0          0          0          0          1
211              CIRCULAR     0          0          0          0          1
210              CIRCULAR     0          0          0          0          1
206              CIRCULAR     0          0          0          0          1
205              CIRCULAR     0          0          0          0          1
119              CIRCULAR     0          0          0          0          1
118              CIRCULAR     0          0          0          0          1
117              CIRCULAR     0          0          0          0          1
217              CIRCULAR     0          0          0          0          1
216              CIRCULAR     0          0          0          0          1
181              CIRCULAR     0          0          0          0          1
180              CIRCULAR     0          0          0          0          1
133E             CIRCULAR     0          0          0          0          1
133D             CIRCULAR     0          0          0          0          1
133C             CIRCULAR     0          0          0          0          1
133A             CIRCULAR     0          0          0          0          1
133              CIRCULAR     0          0          0          0          1
132              CIRCULAR     0          0          0          0          1
19               CIRCULAR     0          0          0          0          1
18               CIRCULAR     0          0          0          0          1
17               CIRCULAR     0          0          0          0          1
16               CIRCULAR     0          0          0          0          1
131              CIRCULAR     0          0          0          0          1
130              CIRCULAR     0          0          0          0          1
129              CIRCULAR     0          0          0          0          1
128              CIRCULAR     0          0          0          0          1
127              CIRCULAR     0          0          0          0          1
126              CIRCULAR     0          0          0          0          1
126Con           CIRCULAR     0          0          0          0          1
1b               CIRCULAR     0          0          0          0          1
1A               CIRCULAR     0          0          0          0          1
1                CIRCULAR     0          0          0          0          1
23               CIRCULAR     0          0          0          0          1
183              CIRCULAR     0          0          0          0          1
182              CIRCULAR     0          0          0          0          1
166              CIRCULAR     0          0          0          0          1
163              CIRCULAR     0          0          0          0          1
162              CIRCULAR     0          0          0          0          1
113              CIRCULAR     0          0          0          0          1
111              CIRCULAR     0          0          0          0          1
110              CIRCULAR     0          0          0          0          1
102A             CIRCULAR     0          0          0          0          1
102              CIRCULAR     0          0          0          0          1
91               CIRCULAR     0          0          0          0          1
90               CIRCULAR     0          0          0          0          1
89               CIRCULAR     0          0          0          0          1
86               CIRCULAR     0          0          0          0          1
93A              CIRCULAR     0          0          0          0          1
93               CIRCULAR     0          0          0          0          1
114A             CIRCULAR     0          0          0          0          1
68               CIRCULAR     0          0          0          0          1
67               CIRCULAR     0          0          0          0          1
66               CIRCULAR     0          0          0          0          1
65               CIRCULAR     0          0          0          0          1
64               CIRCULAR     0          0          0          0          1
62               CIRCULAR     0          0          0          0          1
59               CIRCULAR     0          0          0          0          1
58               CIRCULAR     0          0          0          0          1
57               CIRCULAR     0          0          0          0          1
56               CIRCULAR     0          0          0          0          1
55               CIRCULAR     0          0          0          0          1
52               CIRCULAR     0          0          0          0          1
51               CIRCULAR     0          0          0          0          1
294              CIRCULAR     0          0          0          0          1
293              CIRCULAR     0          0          0          0          1
292              CIRCULAR     0          0          0          0          1
289              CIRCULAR     0          0          0          0          1
288              CIRCULAR     0          0          0          0          1
287              CIRCULAR     0          0          0          0          1
286              CIRCULAR     0          0          0          0          1
285              CIRCULAR     0          0          0          0          1
512              RECT_OPEN    0          0          0          0          

[LOSSES]
;;Link           Inlet      Outlet     Average    Flap Gate
;;-------------- ---------- ---------- ---------- ----------
296              0          0          0          NO
295              0          0          0          NO
260              0          0          0          NO
258              0          0          0          NO
257              0          0          0          NO
252A             0          0          0          NO
252              0          0          0          NO
249              0          0          0          NO
248              0          0          0          NO
247              0          0          0          NO
246              0          0          0          NO
245              0          0          0          NO
244A             0          0          0          NO
243              0          0          0          NO
250              0          0          0          NO
221              0          0          0          NO
1235             0          0          0          NO
219              0          0          0          NO
218              0          0          0          NO
220              0          0          0          NO
220A             0          0          0          NO
235              0          0          0          NO
234              0          0          0          NO
233              0          0          0          NO
232              0          0          0          NO
231              0          0          0          NO
230Link          0          0          0          NO
229              0          0          0          NO
228              0          0          0          NO
227              0          0          0          NO
226              0          0          0          NO
225              0          0          0          NO
157              0          0          0          NO
156              0          0          0          NO
155              0          0          0          NO
154              0          0          0          NO
152              0          0          0          NO
153              0          0          0          NO
150              0          0          0          NO
151              0          0          0          NO
149              0          0          0          NO
146              0          0          0          NO
148              0          0          0          NO
147              0          0          0          NO
145              0          0          0          NO
143              0          0          0          NO
144              0          0          0          NO
141              0          0          0          NO
142              0          0          0          NO
140              0          0          0          NO
272              0          0          0          NO
271              0          0          0          NO
270              0          0          0          NO
268              0          0          0          NO
267              0          0          0          NO
269              0          0          0          NO
266              0          0          0          NO
195              0          0          0          NO
193              0          0          0          NO
192              0          0          0          NO
190              0          0          0          NO
188              0          0          0          NO
189              0          0          0          NO
186              0          0          0          NO
185              0          0          0          NO
6                0          0          0          NO
5                0          0          0          NO
4                0          0          0          NO
3                0          0          0          NO
2                0          0          0          NO
265              0          0          0          NO
264              0          0          0          NO
263              0          0          0          NO
262              0          0          0          NO
253              0          0          0          NO
251              0          0          0          NO
204              0          0          0          NO
203              0          0          0          NO
201              0          0          0          NO
202              0          0          0          NO
200              0          0          0          NO
124              0          0          0          NO
123              0          0          0          NO
122              0          0          0          NO
211              0          0          0          NO
210              0          0          0          NO
206              0          0          0          NO
205              0          0          0          NO
119              0          0          0          NO
118              0          0          0          NO
117              0          0          0          NO
217              0          0          0          NO
216              0          0          0          NO
181              0          0          0          NO
180              0          0          0          NO
133E             0          0          0          NO
133D             0          0          0          NO
133C             0          0          0          NO
133A             0          0          0          NO
133              0          0          0          NO
132              0          0          0          NO
19               0          0          0          NO
18               0          0          0          NO
17               0          0          0          NO
16               0          0          0          NO
131              0          0          0          NO
130              0          0          0          NO
129              0          0          0          NO
128              0          0          0          NO
127              0          0          0          NO
126              0          0          0          NO
126Con           0          0          0          NO
1b               0          0          0          NO
1A               0          0          0          NO
1                0          0          0          NO
23               0          0          0          NO
183              0          0          0          NO
182              0          0          0          NO
166              0          0          0          NO
163              0          0          0          NO
162              0          0          0          NO
113              0          0          0          NO
111              0          0          0          NO
110              0          0          0          NO
102A             0          0          0          NO
102              0          0          0          NO
91               0          0          0          NO
90               0          0          0          NO
89               0          0          0          NO
86               0          0          0          NO
93A              0          0          0          NO
93               0          0          0          NO
114A             0          0          0          NO
68               0          0          0          NO
67               0          0          0          NO
66               0          0          0          NO
65               0          0          0          NO
64               0          0          0          NO
62               0          0          0          NO
59               0          0          0          NO
58               0          0          0          NO
57               0          0          0          NO
56               0          0          0          NO
55               0          0          0          NO
52               0          0          0          NO
51               0          0          0          NO
294              0          0          0          NO
293              0          0          0          NO
292              0          0          0          NO
289              0          0          0          NO
288              0          0          0          NO
287              0          0          0          NO
286              0          0          0          NO
285              0          0          0          NO

[COORDINATES]
;;Node           X-Coord            Y-Coord
;;-------------- ------------------ ------------------
1939             77.64              17.64             
1940             77.64              57.64             
1959             77.64              97.64             
1960             37.64              97.64             
1961             -2.36              97.64             
1962             -22.36             97.64             
1963             -42.36             97.64             
1964             -82.36             97.64             
568              -82.36             137.64            
569              -102.36            157.64            
570              -122.36            157.64            
571              -122.36            197.64            
572              -122.36            237.64            
573              -162.36            237.64            
574              -162.36            277.64            
1965             -102.36            87.64             
1966             -122.36            57.64             
1958             -122.36            37.64             
1970             -142.36            57.64             
222              -122.36            77.64             
221Node          -122.36            97.64             
1967             -122.36            117.64            
1968             -122.36            127.64            
1969             -122.36            137.64            
575              -142.36            137.64            
578              -162.36            137.64            
576              -162.36            117.64            
577              -172.36            117.64            
579              -162.36            157.64            
580              -162.36            177.64            
581              -162.36            197.64            
582              -172.36            207.64            
591              -182.36            217.64            
583              -182.36            237.64            
584              -202.36            237.64            
585              -212.36            237.64            
592              -202.36            217.64            
586              -202.36            207.64            
593              -222.36            217.64            
587              -222.36            207.64            
594              -242.36            217.64            
588              -262.36            207.64            
596              -262.36            217.64            
595              -252.36            217.64            
589              -282.36            207.64            
597              -292.36            217.64            
590              -292.36            207.64            
598              -322.36            217.64            
599              -342.36            217.64            
1941             47.64              17.64             
1942             47.64              47.64             
1943             47.64              67.64             
1944             47.64              77.64             
1945             27.64              77.64             
1947             -22.36             -72.36            
1946             27.64              67.64             
926              -32.36             -92.36            
927              -52.36             -92.36            
928              -72.36             -92.36            
929              -62.36             37.64             
930              -72.36             37.64             
933              -122.36            -102.36           
934              -132.36            -102.36           
935              -142.36            -102.36           
978              -152.36            -102.36           
979              -162.36            -102.36           
987              -172.36            -102.36           
988              -182.36            -102.36           
989              -192.36            -102.36           
1948             -2.36              57.64             
1952             -2.36              67.64             
1949             -2.36              77.64             
1950             -2.36              87.64             
1953             -12.36             67.64             
1954             -22.36             67.64             
1955             -32.36             67.64             
941              -32.36             57.64             
942              -42.36             57.64             
943              -52.36             57.64             
944              -62.36             57.64             
945              -72.36             57.64             
958              -82.36             57.64             
959              -92.36             57.64             
939              -42.36             67.64             
940              -52.36             67.64             
953              -62.36             67.64             
954              -72.36             67.64             
955              -82.36             67.64             
956              -92.36             67.64             
957              -102.36            67.64             
1971             -152.36            57.64             
951              -162.36            57.64             
952              -162.36            47.64             
960              -162.36            37.64             
961              -162.36            27.64             
962              -162.36            17.64             
963              -162.36            -2.36             
964              -162.36            -12.36            
965              -162.36            -22.36            
973              -162.36            -32.36            
966              -172.36            -32.36            
967              -182.36            -32.36            
968              -192.36            -32.36            
969              -202.36            -32.36            
974              -162.36            -52.36            
975              -162.36            -62.36            
976              -162.36            -72.36            
977              -162.36            -82.36            
990              -172.36            -82.36            
980              -172.36            -92.36            
991              -182.36            -82.36            
992              -192.36            -82.36            
993              -202.36            -82.36            
994              -212.36            -82.36            
1972             -172.36            57.64             
1973             -182.36            57.64             
1975             -192.36            57.64             
1978             -202.36            57.64             
1979             -202.36            47.64             
1980             -202.36            37.64             
1988             -202.36            27.64             
1989             -212.36            27.64             
235Node          -212.36            57.64             
245Node          -222.36            57.64             
383              -232.36            57.64             
384              -242.36            57.64             
385              -252.36            57.64             
388Node          -262.36            57.64             
247Node          -222.36            47.64             
248Node          -222.36            37.64             
249Node          -222.36            27.64             
251Node          -222.36            17.64             
252Node          -222.36            7.64              
253Node          -222.36            -2.36             
254Node          -222.36            -12.36            
255              -232.36            -12.36            
262Node          -242.36            -12.36            
263Node          -242.36            -22.36            
264NMode         -242.36            -32.36            
265Node          -242.36            -42.36            
266Node          -242.36            -52.36            
268Node          -242.36            -62.36            
269Node          -252.36            -62.36            
270Node          -262.36            -62.36            
556              77.64              117.64            
557              77.64              137.64            
558              77.64              157.64            
559              77.64              177.64            
560              77.64              197.64            
561              77.64              217.64            
562              77.64              237.64            
563              77.64              257.64            
511              -292.36            97.64             

[MAP]
DIMENSIONS -342.36 -102.36 77.64 277.64
Units      None

[REPORT]
INPUT            YES
SUBCATCHMENTS    ALL
NODES            ALL
LINKS            ALL



