;; SWMM5 .inp converted from XPSWMM .xp file
;; Generated by XPSWMM Card Reader
;; Source format: XP_CARD | Original title: (none)

[TITLE]
;;Project Title/Notes
Converted from XPSWMM .xp file

[OPTIONS]
FLOW_UNITS           CMS
INFILTRATION         HORTON
FLOW_ROUTING         DYNWAVE
LINK_OFFSETS         DEPTH
MIN_SLOPE            0.0
ALLOW_PONDING        NO
SKIP_STEADY_STATE    NO
ROUTING_STEP         00:00:60
VARIABLE_STEP        0.75
INERTIAL_DAMPING     PARTIAL
NORMAL_FLOW_LIMITED  BOTH
MAX_TRIALS           100

[JUNCTIONS]
;;Name           Elev       MaxDepth   InitDepth  SurDepth   Aponded
;;-------------- ---------- ---------- ---------- ---------- ----------
wx01200          65.41      0          0          0          0
wx6              61.75      0          0          0          0
gc00900          67.33      0          0          0          0
wn05200          56.48      0          0          0          0
pc00200          64.93      0          0          0          0
pc01700          67.36      0          0          0          0
wn04100          64.62      0          0          0          0
wc02600          74.49      0          0          0          0
wc05500          86.29      0          0          0          0
wn02100          61.79      0          0          0          0
cc03100          66.32      0          0          0          0
cc005200         75.18      0          0          0          0
mb-overf         65.99      0          0          0          0
mb02400          65.99      0          0          0          0
cc85             62.09      0          0          0          0
sc00100          63.00      0          0          0          0
SCOT-REG         63.00      0          0          0          0
cc01600          56.85      0          0          0          0
MBAY             65.99      0          0          0          0
SC-MERT          62.09      0          0          0          0
901              62.09      0          0          0          0
wn00600          54.92      0          0          0          0
pr00300          57.67      0          0          0          0
bo00400          59.07      0          0          0          0
pr00100          59.07      0          0          0          0
pr00200          57.49      0          0          0          0
mb04200          71.81      0          0          0          0
bs00100          86.05      0          0          0          0
ic5              57.00      0          0          0          0
ic4              66.05      0          0          0          0
ic3              71.93      0          0          0          0
LL-BOOTH         57.00      0          0          0          0
KENT             39.47      0          0          0          0
knreg            65.84      0          0          0          0
RCANAL           46.80      0          0          0          0
rnreg            66.22      0          0          0          0
CATHCART         39.62      0          0          0          0
catreg           57.00      0          0          0          0
KEEFER           40.23      0          0          0          0
rrreg            55.47      0          0          0          0
rr00800          56.47      0          0          0          0
rr02800          57.13      0          0          0          0
ri00300          57.38      0          0          0          0
rr04000          58.21      0          0          0          0
os2              59.13      0          0          0          0
cc00500          55.23      0          0          0          0
icchbr           59.74      0          0          0          0
ic1b             60.40      0          0          0          0
cc97             57.42      0          0          0          0
903              57.00      0          0          0          0
bolloyd          60.00      0          0          0          0
rr40             63.95      0          0          0          0
rr07500          75.93      0          0          0          0
hl12             61.72      0          0          0          0
HEM3             58.77      0          0          0          0
rm22             58.77      0          0          0          0
HEM2             46.02      0          0          0          0
HEM1             46.67      0          0          0          0
hra              46.67      0          0          0          0
xxb              46.02      0          0          0          0
os3              68.58      0          0          0          0
os4              83.82      0          0          0          0
bd3              62.36      0          0          0          0
ah1              61.66      0          0          0          0
ah4              62.30      0          0          0          0
ah1a             62.42      0          0          0          0
aw8              64.22      0          0          0          0
457              61.66      0          0          0          0
HEM4             61.66      0          0          0          0
os5              65.64      0          0          0          0
os6              56.39      0          0          0          0
grit             52.54      0          0          0          0
ROPEC-OUT        52.42      0          0          0          0
ROPEC-BY         52.00      0          0          0          0
cc02200          63.74      0          0          0          0
os1              55.47      0          0          0          0
162              59.74      0          0          0          0
gc02000          79.61      0          0          0          0
pc03800          68.52      0          0          0          0
bl01500          91.59      0          0          0          0
icchbr           59.74      0          0          0          0
pr12             57.49      0          0          0          0
bo7b             72.00      0          0          0          0
BOOTH-REG        60.00      0          0          0          0
pr13             57.67      0          0          0          0
cc95a            55.23      0          0          0          0
PREST-REG        57.42      0          0          0          0
ic1b             60.40      0          0          0          0
ic3              71.93      0          0          0          0
ic4              66.05      0          0          0          0
ic5              57.00      0          0          0          0
rr43             75.93      0          0          0          0
rr40             63.95      0          0          0          0
rr10             58.21      0          0          0          0
ri0400           57.42      0          0          0          0
rr02800          57.13      0          0          0          0
rrr              56.47      0          0          0          0
os1              55.47      0          0          0          0
rm22             58.77      0          0          0          0
xxb              46.02      0          0          0          0
hl12             61.72      0          0          0          0
os2              59.13      0          0          0          0
bd3              62.36      0          0          0          0
ah1              61.66      0          0          0          0
aw8              64.22      0          0          0          0
ah1a             62.42      0          0          0          0
ah4              62.30      0          0          0          0
os3              68.58      0          0          0          0
os4              83.82      0          0          0          0
os5              65.64      0          0          0          0
os6              56.39      0          0          0          0
gnshft1          59.13      0          0          0          0
ROPEC-OUT        52.42      0          0          0          0
903              57.00      0          0          0          0
LL/BO-OUT        57.00      0          0          0          0
KENT-REG         65.84      0          0          0          0
rating           65.84      0          0          0          0
RCAN-REG         66.22      0          0          0          0
RAN-RT           66.22      0          0          0          0
CATH-REG         57.00      0          0          0          0
CAT              57.00      0          0          0          0
RRIVER-REG       55.47      0          0          0          0
RRIVER           55.47      0          0          0          0
hra              46.67      0          0          0          0
HEM1             46.67      0          0          0          0
HEM2             46.02      0          0          0          0
457              61.66      0          0          0          0
HEM4             61.66      0          0          0          0
HEM3             58.77      0          0          0          0
grit             52.54      0          0          0          0
ROPEC-BY         52.00      0          0          0          0
ss15             57.03      0          0          0          0
ss14             57.24      0          0          0          0
ss10             57.98      0          0          0          0
ss5              57.41      0          0          0          0
qe7              68.14      0          0          0          0
cl3              65.10      0          0          0          0
cl11             66.19      0          0          0          0
rr1              60.00      0          0          0          0
ocr21            68.54      0          0          0          0
ocr3             68.25      0          0          0          0
ocr7             68.55      0          0          0          0
ar19             67.18      0          0          0          0
ar25             68.89      0          0          0          0
ar33             69.49      0          0          0          0
ar1              69.71      0          0          0          0
ar5              68.52      0          0          0          0
ar11             66.97      0          0          0          0
ar15             68.89      0          0          0          0
ar16             68.58      0          0          0          0
ml1              68.35      0          0          0          0
lyn3             67.04      0          0          0          0
cs1              67.82      0          0          0          0
cs3              66.73      0          0          0          0
ly6              68.86      0          0          0          0
ly1              69.30      0          0          0          0
hw6              65.23      0          0          0          0
hw1              68.52      0          0          0          0
ocr1             67.67      0          0          0          0
fl1              71.06      0          0          0          0
wa1              71.39      0          0          0          0
wa6              68.95      0          0          0          0
bk1              67.13      0          0          0          0
bk4              67.74      0          0          0          0
pr5              67.00      0          0          0          0
pr17             62.42      0          0          0          0
pr22             60.60      0          0          0          0
pr1a             65.08      0          0          0          0
mid              68.89      0          0          0          0
qe-ic            68.14      0          0          0          0
qe7a             68.14      0          0          0          0
ar5-11           68.52      0          0          0          0
ar11-15          66.97      0          0          0          0
ar15-16          68.89      0          0          0          0
639              68.89      0          0          0          0
645              68.25      0          0          0          0
prmid1           57.43      0          0          0          0
652              59.07      0          0          0          0
prmid2           59.07      0          0          0          0
rr1out           57.16      0          0          0          0
ri0500           57.39      0          0          0          0
tu1              57.13      0          0          0          0
oc-relief1       65.10      0          0          0          0
oc-relief2       68.52      0          0          0          0
oc-relief3       67.18      0          0          0          0
oc-relief4       68.00      0          0          0          0
oc-end           68.00      0          0          0          0
ri0300           57.39      0          0          0          0
ri0200           57.90      0          0          0          0
cl3a             65.23      0          0          0          0
719              68.50      0          0          0          0
729              72.00      0          0          0          0
737              65.00      0          0          0          0
739              68.00      0          0          0          0
754              78.50      0          0          0          0
756              73.50      0          0          0          0
772              72.00      0          0          0          0
787              60.00      0          0          0          0
KENT-OUT         65.84      0          0          0          0
RCAN-OUT         66.22      0          0          0          0
CATH-OUT         57.00      0          0          0          0
808              68.14      0          0          0          0
RRIVER-OUT       55.47      0          0          0          0
819              57.13      0          0          0          0
WN/CC            57.68      0          0          0          0
NEW-BO           59.74      0          0          0          0
gnshft5          66.32      0          0          0          0
shaft            52.54      0          0          0          0
ri00600          60.00      0          0          0          0
470              0          0          0          0          0
472              0          0          0          0          0
474              0          0          0          0          0

[STORAGE]
;;Name           Elev       MaxDepth   InitDepth  Shape      Curve/Params
;;-------------- ---------- ---------- ---------- ---------- ----------
lfhem            46.72      0          0          FUNCTIONAL 9.35 0          0
oschbr           52.42      0          0          FUNCTIONAL 41.11 0          0
lfhem            46.72      0          0          FUNCTIONAL 9.35 0          0
oschbr           52.42      0          0          FUNCTIONAL 34.74 0          0
cs6              68.19      -3.19      0          FUNCTIONAL 2000.00 0          0

[CONDUITS]
;;Name           From             To               Length     Roughness  InOffset   OutOffset  InitFlow   MaxFlow
;;-------------- ---------------- ---------------- ---------- ---------- ---------- ---------- ---------- ----------
Link_212         ?                ?                1667.60    0.0130     69.32      62.64      0          0
Link_245         ?                ?                1496.00    0.0130     34.90      32.93      0          0
Link_254         ?                ?                460.30     0.0130     59.13      56.21      0          0
Link_262         ?                ?                431.90     0.0130     34.90      34.50      0          0
Link_263         ?                ?                398.70     0.0130     36.49      34.90      0          0
Link_271         ?                ?                2099.50    0.0130     37.16      35.27      0          0
Link_272         ?                ?                1529.50    0.0130     38.55      37.16      0          0
wn83             wx01200          wx6              672.20     0.0150     56.28      55.64      0          0
gc8              gc00900          wx6              1131.24    0.0150     60.02      57.70      0          0
wn80             wx6              wn05200          3473.10    0.0150     55.64      52.36      0          0
pc2              pc00200          wn05200          260.10     0.0150     58.93      53.22      0          0
pc17             pc01700          pc00200          1302.30    0.0150     60.83      58.93      0          0
wn52             wn05200          wn04100          1474.50    0.0150     52.36      51.27      0          0
wn41             wn04100          wn02100          3037.60    0.0150     51.27      49.63      0          0
wc26             wc02600          wn04100          1574.70    0.0150     70.22      59.70      0          0
wc55             wc05500          wc02600          2313.80    0.0150     72.73      70.22      0          0
wn21             wn02100          wn00600          2110.10    0.0150     49.51      47.88      0          0
cc51+            cc005200         cc03100          1667.56    0.0150     69.32      62.64      0          0
ca8              cc03100          cc02200          999.60     0.0150     62.64      57.36      0          0
cc81+            cc02200          cc85             130.70     0.0150     57.36      54.12      0          0
902              mb-overf         MBAY             1000.00    0.0150     63.50      60.00      0          0
MOONEY           mb-overf         mb02400          250.00     0.0150     63.00      62.00      0          0
mb42             mb04200          mb02400          3001.90    0.0150     66.41      59.33      0          0
mb11             mb02400          cc01600          1225.90    0.0150     59.33      49.83      0          0
cc85+            cc85             cc01600          89.41      0.0150     54.12      54.00      0          0
SC-IN            sc00100          SCOT-REG         100.00     0.0150     54.75      54.50      0          0
SC-THR           SCOT-REG         cc01600          25.00      0.0150     54.50      54.00      0          0
9001             901              SC-MERT          500.00     0.0150     53.50      51.00      0          0
cc17             cc01600          cc00500          1239.00    0.0150     54.00      50.47      0          0
wn6              wn00600          WN/CC            700.40     0.0150     47.88      47.08      0          0
pl1              pr00200          bo00400          794.90     0.0150     54.74      49.93      0          0
pr1              pr00100          cc00500          499.90     0.0150     53.25      50.29      0          0
bo5              bo00400          bolloyd          804.70     0.0150     49.57      46.43      0          0
pr2              pr00200          pr00100          325.80     0.0150     53.83      53.25      0          0
pr3              pr00300          pr00200          49.00      0.0150     53.98      53.88      0          0
ps1              pr00100          bo00400          6.20       0.0150     53.48      49.57      0          0
mb81             bs00100          mb04200          3084.40    0.0150     80.80      66.41      0          0
os9              ic5              os1              756.90     0.0150     40.77      39.85      0          0
os10             ic4              ic5              1270.10    0.0150     41.80      40.77      0          0
os11             ic3              ic4              970.50     0.0150     42.88      41.80      0          0
os15             ic1b             ic3              1050.20    0.0150     43.93      42.88      0          0
9003             903              LL-BOOTH         500.00     0.0150     45.00      42.50      0          0
cc4              cc00500          WN/CC            108.10     0.0150     50.29      49.74      0          0
9004             knreg            KENT             50.00      0.0150     62.18      38.25      0          0
RKENT            knreg            ic3              188.60     0.0150     61.57      43.79      0          0
9005             rnreg            RCANAL           453.00     0.0150     49.52      30.94      0          0
RCAN             rnreg            ic4              4.00       0.0150     48.32      47.45      0          0
9006             catreg           CATHCART         657.00     0.0150     50.35      30.50      0          0
CATH             catreg           ic5              4.80       0.0150     49.21      48.08      0          0
9007             rrreg            KEEFER           933.00     0.0150     47.54      30.48      0          0
KEEF             rrreg            os1              100.00     0.0150     46.47      40.56      0          0
rr7              rr00800          rrreg            526.70     0.0150     48.98      47.62      0          0
rr26             rr02800          rr00800          1697.20    0.0150     51.66      48.98      0          0
ri3              ri00300          rr02800          1824.00    0.0150     53.92      51.66      0          0
rr36             rr04000          rr02800          1421.00    0.0150     52.53      52.15      0          0
rr67             rr40             rr04000          3681.40    0.0150     54.32      52.53      0          0
os7              os1              os2              1468.10    0.0150     39.85      38.55      0          0
os6#             os2              os3              1529.49    0.0150     38.55      37.16      0          0
os16             icchbr           ic1b             90.20      0.0150     44.81      43.93      0          0
cc2              cc97             ic1b             72.20      0.0150     49.74      44.30      0          0
bo2              bolloyd          ic1b             49.20      0.0150     46.22      44.30      0          0
BOOTH            bolloyd          903              250.00     0.0150     46.63      45.00      0          0
PRESTN           cc97             903              250.00     0.0150     50.64      45.00      0          0
rr70             rr07500          rr40             259.10     0.0150     56.39      55.60      0          0
hl12#            hl12             os2              460.35     0.0150     59.13      56.21      0          0
rm-ovf           rm22             HEM3             100.00     0.0150     54.44      51.94      0          0
hl38             rm22             xxb              908.70     0.0150     54.10      44.13      0          0
xxb-ovf          xxb              HEM2             100.00     0.0150     44.23      43.73      0          0
hra-ovf          hra              HEM1             100.00     0.0150     45.05      44.55      0          0
hl26             xxb              lfhem            9.70       0.0150     43.92      43.88      0          0
hraa             hra              lfhem            10.00      0.0150     44.74      44.73      0          0
ah8              ah4              os3              517.80     0.0150     58.39      57.49      0          0
os5#             os3              os4              2099.46    0.0150     37.16      35.27      0          0
os4#             os4              os5              398.68     0.0150     35.27      34.90      0          0
bd2              bd3              ah1              117.00     0.0150     59.26      58.98      0          0
458              ah1              457              100.00     0.0150     59.13      58.38      0          0
ah11             ah1              ah4              129.00     0.0150     58.75      58.54      0          0
aw1              ah1a             ah4              54.30      0.0150     60.07      59.75      0          0
aw2              aw8              ah1a             205.70     0.0150     61.88      60.30      0          0
459              ah1a             457              100.00     0.0150     60.30      58.63      0          0
ah-ovf           457              HEM4             100.00     0.0150     58.63      58.13      0          0
os3#             os5              os6              431.90     0.0150     34.90      34.50      0          0
os2#             os6              oschbr           1495.96    0.0150     34.50      32.93      0          0
outfall          grit             ROPEC-OUT        500.00     0.0150     46.54      37.00      0          0
BY-ROPEC         oschbr           ROPEC-BY         200.00     0.0150     45.11      44.11      0          0
165              162              icchbr           90.00      0.0150     47.08      46.73      0          0
167              gc02000          gc00900          944.88     0.0130     70.90      60.08      0          0
169              pc03800          pc01700          1538.03    0.0130     62.77      60.83      0          0
171              bl01500          wc05500          1375.25    0.0130     87.49      76.10      0          0
bthofg           icchbr           903              128.12     0.0150     47.19      46.51      0          0
Link_397         ?                ?                460.30     0.0130     59.13      56.21      0          0
Link_398         ?                ?                1496.00    0.0130     34.90      32.93      0          0
Link_404         ?                ?                431.90     0.0130     34.90      34.50      0          0
Link_405         ?                ?                398.70     0.0130     36.49      34.90      0          0
Link_406         ?                ?                2099.50    0.0130     37.16      35.27      0          0
Link_407         ?                ?                1529.50    0.0130     38.55      37.16      0          0
os16             icchbr           ic1b             90.20      0.0150     44.81      43.93      0          0
bo5              bo7b             BOOTH-REG        804.70     0.0150     49.57      46.43      0          0
pr3              pr13             pr12             49.00      0.0150     53.98      53.88      0          0
cc4              cc95a            PREST-REG        108.10     0.0150     50.29      49.74      0          0
os15             ic1b             ic3              1050.20    0.0150     43.93      42.88      0          0
os11             ic3              ic4              970.50     0.0150     42.88      41.80      0          0
os10             ic4              ic5              1270.10    0.0150     41.80      40.77      0          0
os9              ic5              os1              756.90     0.0150     40.77      39.85      0          0
rr70             rr43             rr40             259.10     0.0150     56.39      55.60      0          0
rr67             rr40             rr10             3681.40    0.0150     54.32      52.53      0          0
rr36             rr10             rr02800          1421.00    0.0150     52.53      52.15      0          0
os7              os1              os2              1468.10    0.0150     39.85      38.55      0          0
hl38             rm22             xxb              908.70     0.0150     54.10      44.13      0          0
hl26             xxb              lfhem            9.70       0.0150     43.92      43.88      0          0
hl12+            hl12             os2              460.35     0.0150     59.13      56.21      0          0
os6+             os2              os3              1529.49    0.0150     38.55      37.16      0          0
bd2              bd3              ah1              117.00     0.0150     59.26      58.98      0          0
ah11             ah1              ah4              129.00     0.0150     58.75      58.54      0          0
aw2              aw8              ah1a             205.70     0.0150     61.88      60.30      0          0
aw1              ah1a             ah4              54.30      0.0150     60.07      59.75      0          0
ah8              ah4              os3              517.80     0.0150     58.39      57.49      0          0
os5+             os3              os4              2099.46    0.0150     37.16      35.27      0          0
os4+             os4              os5              398.68     0.0150     35.27      34.90      0          0
os3+             os5              os6              431.90     0.0150     34.90      34.50      0          0
os2+             os6              oschbr           1495.96    0.0150     34.50      32.93      0          0
gn8              gnshft5          gnshft1          3375.20    0.0150     56.00      52.45      0          0
PRESTN           PREST-REG        903              250.00     0.0150     50.64      45.00      0          0
LL/BO-OV         903              LL/BO-OUT        500.00     0.0150     45.00      42.50      0          0
BOOTH-TH         BOOTH-REG        ic1b             49.20      0.0150     46.22      44.30      0          0
PREST-TH         PREST-REG        ic1b             72.20      0.0150     49.74      44.30      0          0
KENTth           KENT-REG         ic3              188.60     0.0150     61.57      43.79      0          0
RCANth           RCAN-REG         ic4              4.00       0.0150     48.32      47.45      0          0
CATHth           CATH-REG         ic5              4.80       0.0150     49.21      48.08      0          0
rr7              rrr              RRIVER-REG       526.70     0.0150     48.98      47.62      0          0
KEEFth           RRIVER-REG       os1              100.00     0.0150     46.47      40.56      0          0
hra-ovf          hra              HEM1             100.00     0.0150     45.05      44.55      0          0
hraa             hra              lfhem            10.00      0.0150     44.74      44.73      0          0
xxb-ovf          xxb              HEM2             100.00     0.0150     44.23      43.73      0          0
458              ah1              457              100.00     0.0150     59.13      58.38      0          0
459              ah1a             457              100.00     0.0150     60.30      58.63      0          0
ah-ovf           457              HEM4             100.00     0.0150     58.63      58.13      0          0
rm-ovf           rm22             HEM3             100.00     0.0150     54.44      51.94      0          0
sh-gr            shaft            grit             200.00     0.0150     48.50      48.40      0          0
gn3+             gnshft1          grit             1160.10    0.0150     52.45      46.54      0          0
outfall          grit             ROPEC-OUT        500.00     0.0150     46.54      37.00      0          0
BY-ROPEC         oschbr           ROPEC-BY         200.00     0.0150     45.11      44.11      0          0
493              ss15             rr02800          129.60     0.0140     52.01      51.69      0          0
496              ss5              ss10             421.20     0.0140     53.71      52.81      0          0
497              ss10             ss14             313.32     0.0140     52.81      52.19      0          0
498              ss14             ss15             88.39      0.0140     52.19      52.01      0          0
502              cl3              cl11             536.76     0.0140     60.33      58.96      0          0
504              cl11             rr1              341.07     0.0140     58.96      55.94      0          0
507              ocr21            cl3              356.22     0.0140     61.94      60.38      0          0
513              ocr7             ar19             206.66     0.0140     61.86      61.57      0          0
515              ar19             ar25             534.33     0.0140     61.57      60.57      0          0
518              ar33             qe7              203.61     0.0140     58.95      58.64      0          0
521              ar1              ar5              451.72     0.0140     65.10      64.20      0          0
528              ar16             ar19             261.53     0.0140     62.14      61.57      0          0
530              cs6              qe7              1092.72    0.0140     58.47      55.58      0          0
536              ml1              lyn3             696.54     0.0140     63.91      61.16      0          0
538              lyn3             cs1              85.04      0.0140     61.16      60.59      0          0
540              cs1              cs3              302.67     0.0140     60.14      59.60      0          0
541              cs3              cs6              292.91     0.0140     59.60      58.47      0          0
544              ly6              cs1              246.59     0.0140     62.75      60.14      0          0
546              ly1              ly6              340.47     0.0140     64.44      62.75      0          0
551              hw1              hw6              422.51     0.0140     63.58      62.46      0          0
555              ocr1             ocr3             279.50     0.0140     62.99      62.48      0          0
558              fl1              wa1              550.77     0.0140     68.42      66.09      0          0
560              wa1              wa6              694.66     0.0140     66.09      64.38      0          0
561              wa6              ar33             317.61     0.0140     64.77      60.54      0          0
564              bk1              bk4              228.44     0.0140     62.80      62.28      0          0
565              bk4              ar16             121.16     0.0140     62.28      62.18      0          0
568              pr5              pr17             1048.00    0.0140     60.75      58.71      0          0
570              pr17             pr22             500.00     0.0140     58.71      56.93      0          0
577              pr1a             pr5              399.29     0.0140     61.54      60.75      0          0
589              mid              ar33             500.00     0.0140     60.00      58.95      0          0
599              wa6              mid              76.11      0.0140     64.05      63.36      0          0
600              pr22             pr13             577.39     0.0140     56.93      53.98      0          0
602              qe7              qe-ic            200.00     0.0140     55.58      55.01      0          0
607              qe7a             ss5              497.69     0.0140     58.64      53.71      0          0
619              ar5-11           ar11             524.26     0.0140     64.19      63.15      0          0
630              ar11-15          ar15             422.15     0.0140     63.14      62.34      0          0
638              ar15-16          ar16             73.15      0.0140     62.34      62.14      0          0
641              639              mid              773.91     0.0140     60.57      60.00      0          0
647              645              ocr7             377.03     0.0140     62.33      61.86      0          0
657              prmid2           cc95a            499.90     0.0150     53.25      50.29      0          0
664              ri0500           ri0400           648.55     0.0140     54.47      54.10      0          0
665              rr1              ri0500           10.00      0.0140     55.94      54.47      0          0
672              oc-relief1       oc-relief2       230.00     0.0140     61.20      60.83      0          0
674              oc-relief2       oc-relief3       370.00     0.0140     60.83      60.24      0          0
684              oc-relief3       oc-relief4       200.00     0.0140     60.24      59.92      0          0
686              oc-relief4       oc-end           100.00     0.0140     59.92      59.80      0          0
689              ri00600          ri0500           1400.00    0.0140     55.59      54.47      0          0
691              ri0400           ri0300           168.00     0.0140     54.10      53.92      0          0
693              ri0300           ri0200           1276.80    0.0140     53.92      52.41      0          0
696              ri0200           ss15             417.60     0.0140     52.41      51.99      0          0
698              hw6              cl3a             200.00     0.0140     62.46      61.20      0          0
699              cl3a             cl3              85.00      0.0140     61.20      60.65      0          0
701              ocr3             ocr7             377.03     0.0140     62.33      61.86      0          0
ktreg            KENT-REG         rating           10.00      0.0150     61.57      61.56      0          0
rcanrg           RCAN-REG         RAN-RT           453.00     0.0150     49.52      48.32      0          0
CATHOvV          CATH-REG         CAT              10.00      0.0150     50.35      49.22      0          0
RRVER            RRIVER-REG       RRIVER           933.00     0.0150     47.54      46.57      0          0
730              729              719              400.00     0.0140     28.00      25.50      0          0
736              qe-ic            719              100.00     0.0140     55.52      25.50      0          0
738              oc-end           737              100.00     0.0140     59.80      56.00      0          0
740              737              739              200.00     0.0140     56.00      52.00      0          0
742              ar15             737              200.00     0.0140     62.34      56.00      0          0
744              739              729              100.00     0.0140     52.00      28.00      0          0
757              754              756              125.00     0.0140     29.20      28.70      0          0
758              756              729              165.00     0.0140     28.70      28.00      0          0
765              719              tu1              590.00     0.0140     25.50      20.00      0          0
771              wa1              739              100.00     0.0140     66.80      52.00      0          0
776              652              772              394.90     0.0150     54.74      52.35      0          0
777              772              bo7b             400.00     0.0150     52.35      49.93      0          0
781              772              754              550.00     0.0140     32.00      29.20      0          0
782              prmid1           prmid2           325.80     0.0150     53.83      53.25      0          0
788              BOOTH-REG        787              250.00     0.0150     46.63      45.00      0          0
BOOT             787              903              250.00     0.0150     46.63      45.00      0          0
KENT-OV          rating           KENT-OUT         50.00      0.0150     61.56      38.25      0          0
RCAN-OV          RAN-RT           RCAN-OUT         453.00     0.0150     48.32      30.94      0          0
CATH-OV          CAT              CATH-OUT         657.00     0.0150     49.21      30.50      0          0
rc-int           qe-ic            808              10.00      0.0140     55.01      55.00      0          0
734.1            808              RCAN-REG         1250.00    0.0140     55.00      48.32      0          0
RRIVER-OV        RRIVER           RRIVER-OUT       933.00     0.0150     46.47      30.48      0          0
rr-int           rr02800          819              10.00      0.0150     51.69      51.66      0          0
726.1            819              rrr              1697.20    0.0150     51.66      48.98      0          0
WN-2             CC-5             NEW-BO           300.00     0.0140     47.42      47.08      0          0
THRU             NEW-BO           ic1b             100.00     0.0140     44.81      43.93      0          0
PR-1             prmid2           cc00500          499.90     0.0140     53.25      50.28      0          0
843              WN/CC            772              400.00     0.0140     47.34      45.34      0          0
471              470              os4              10.00      0.0140     60.00      59.90      0          0
rcafov           470              472              10.00      0.0140     60.00      59.90      0          0
475              lfhem            474              10.00      0.0140     43.88      43.78      0          0

[ORIFICES]
;;Name           From             To               Type       Offset     Qcoeff     Gated    CloseTime
;;-------------- ---------------- ---------------- ---------- ---------- ---------- -------- ----------
ocr3-21          ocr3             ocr21            SIDE       62.71      0.650      NO       0
AR-5-11          ar5              ar5-11           SIDE       64.20      0.650      NO       0
arlint           ar11             ar11-15          SIDE       63.15      0.650      NO       0
ar11lyn3         ar11             lyn3             SIDE       64.21      0.650      NO       0
635              ar5              ml1              SIDE       0          0.650      NO       0
637              ar15             ar15-16          SIDE       0          0.650      NO       0
640              ar25             639              SIDE       0          0.650      NO       0
ocr3-21          ocr3             645              SIDE       62.71      0.650      NO       0
pr-tem           pr12             prmid1           SIDE       53.88      0.650      NO       0

[WEIRS]
;;Name           From             To               Type       CrestHt    Qcoeff     Gated    EndCon   EndCoeff   Surcharge
;;-------------- ---------------- ---------------- ---------- ---------- ---------- -------- -------- ---------- ----------
SC-OVR           SCOT-REG         901              V-NOTCH    54.65      1.840      NO       0        0          YES
Mert-o           cc85             901              V-NOTCH    54.32      1.840      NO       0        0          YES
ar15cs3          ar15             cs3              TRANSVERSE 62.64      1.840      NO       0        0          YES
ar25cs6          ar25             cs6              TRANSVERSE 60.87      1.840      NO       0        0          YES
TEM1             pr12             652              TRANSVERSE 54.74      1.840      NO       0        0          YES
662.1            rr1              rr1out           TRANSVERSE 56.24      1.840      NO       0        0          YES
668              ss15             tu1              TRANSVERSE 53.01      1.840      NO       0        0          YES
oc2-div          ocr7             oc-relief3       V-NOTCH    62.80      1.840      NO       0        0          YES
cl-div1          cl3a             oc-relief1       TRANSVERSE 61.40      1.840      NO       0        0          YES
oc1-div          ocr3             oc-relief2       V-NOTCH    63.10      1.840      NO       0        0          YES

[PUMPS]
;;Name           From             To               PumpCurve  Status   Startup    Shutoff
;;-------------- ---------------- ---------------- ---------- -------- ---------- ----------
hl25             lfhem            hl12             *          ON       0          0         
pump             oschbr           grit             *          ON       0          0         
hl25             lfhem            hl12             *          ON       0          0         
pump             oschbr           grit             *          ON       0          0         

[XSECTIONS]
;;Link           Shape        Geom1      Geom2      Geom3      Geom4      Barrels
;;-------------- ------------ ---------- ---------- ---------- ---------- ----------
Link_212         CIRCULAR     0.76       0          0          0          1
Link_245         CIRCULAR     2.44       0          0          0          1
Link_254         CIRCULAR     0.38       0          0          0          1
Link_262         CIRCULAR     2.44       0          0          0          1
Link_263         CIRCULAR     2.44       0          0          0          1
Link_271         CIRCULAR     2.44       0          0          0          1
Link_272         CIRCULAR     2.44       0          0          0          1
wn83             CIRCULAR     0.91       0          0          0          1
gc8              CIRCULAR     1.22       0          0          0          1
wn80             CIRCULAR     1.07       0          0          0          1
pc2              CIRCULAR     0.91       0          0          0          1
pc17             CIRCULAR     0.91       0          0          0          1
wn52             CIRCULAR     1.37       0          0          0          1
wn41             CIRCULAR     1.52       0          0          0          1
wc26             CIRCULAR     0.91       0          0          0          1
wc55             CIRCULAR     0.91       0          0          0          1
wn21             CIRCULAR     1.68       0          0          0          1
cc51+            CIRCULAR     0.76       0          0          0          1
ca8              CIRCULAR     1.52       0          0          0          1
cc81+            CIRCULAR     1.83       0          0          0          1
902              CIRCULAR     1.50       0          0          0          1
MOONEY           CIRCULAR     0.70       0          0          0          1
mb42             CIRCULAR     1.07       0          0          0          1
mb11             CIRCULAR     1.07       0          0          0          1
cc85+            CIRCULAR     1.07       0          0          0          1
SC-IN            CIRCULAR     1.80       0          0          0          1
SC-THR           CIRCULAR     0.30       0          0          0          1
9001             CIRCULAR     1.80       0          0          0          1
cc17             CIRCULAR     1.07       0          0          0          1
wn6              CIRCULAR     1.68       0          0          0          1
pl1              CIRCULAR     1.52       0          0          0          1
pr1              CIRCULAR     1.52       0          0          0          1
bo5              CIRCULAR     1.83       0          0          0          1
pr2              CIRCULAR     1.52       0          0          0          1
pr3              CIRCULAR     1.52       0          0          0          1
ps1              CIRCULAR     1.29       0          0          0          1
mb81             CIRCULAR     0.91       0          0          0          1
os9              CIRCULAR     2.13       0          0          0          1
os10             CIRCULAR     2.13       0          0          0          1
os11             CIRCULAR     1.83       0          0          0          1
os15             CIRCULAR     1.83       0          0          0          1
9003             CIRCULAR     1.83       0          0          0          1
cc4              CIRCULAR     1.52       0          0          0          1
9004             CIRCULAR     1.22       0          0          0          1
RKENT            CIRCULAR     0.25       0.45       0          0          1
9005             CIRCULAR     2.40       0          0          0          1
RCAN             RECT_CLOSED  0.27       0.43       0          0          1
9006             CIRCULAR     1.98       0          0          0          1
CATH             RECT_CLOSED  0.30       0.35       0          0          1
9007             CIRCULAR     2.15       0          0          0          1
KEEF             RECT_CLOSED  0.50       0.52       0          0          1
rr7              CIRCULAR     2.13       0          0          0          1
rr26             CIRCULAR     1.98       0          0          0          1
ri3              CIRCULAR     1.52       0          0          0          1
rr36             CIRCULAR     1.52       0          0          0          1
rr67             CIRCULAR     1.37       0          0          0          1
os7              CIRCULAR     2.44       0          0          0          1
os6#             CIRCULAR     2.44       0          0          0          1
os16             CIRCULAR     1.83       0          0          0          1
cc2              RECT_CLOSED  0.53       0.54       0          0          1
bo2              RECT_CLOSED  0.65       0.29       0          0          1
BOOTH            CIRCULAR     1.80       0          0          0          1
PRESTN           CIRCULAR     1.80       0          0          0          1
rr70             CIRCULAR     1.37       0          0          0          1
hl12#            CIRCULAR     0.38       0          0          0          1
rm-ovf           CIRCULAR     1.20       1.20       0          0          1
hl38             CIRCULAR     0.30       0          0          0          1
xxb-ovf          CIRCULAR     0.75       0          0          0          1
hra-ovf          CIRCULAR     0.75       0.75       0          0          1
hl26             CIRCULAR     0.30       0          0          0          1
hraa             CIRCULAR     0.25       0          0          0          1
ah8              CIRCULAR     0.36       0          0          0          1
os5#             CIRCULAR     2.44       0          0          0          1
os4#             CIRCULAR     2.44       0          0          0          1
bd2              CIRCULAR     0.53       0          0          0          1
458              CIRCULAR     0.75       0.75       0          0          1
ah11             CIRCULAR     0.30       0          0          0          1
aw1              CIRCULAR     0.23       0          0          0          1
aw2              CIRCULAR     0.91       0          0          0          1
459              CIRCULAR     0.75       0          0          0          1
ah-ovf           CIRCULAR     1.00       1.00       0          0          1
os3#             CIRCULAR     2.44       0          0          0          1
os2#             CIRCULAR     2.44       0          0          0          1
outfall          CIRCULAR     3.05       0          0          0          1
BY-ROPEC         CIRCULAR     2.00       0          0          0          1
165              CIRCULAR     1.83       0          0          0          1
167              CIRCULAR     0.53       0          0          0          1
169              CIRCULAR     0.91       0          0          0          1
171              CIRCULAR     0.69       0          0          0          1
bthofg           CIRCULAR     1.83       0          0          0          1
Link_397         CIRCULAR     0.38       0          0          0          1
Link_398         CIRCULAR     2.44       0          0          0          1
Link_404         CIRCULAR     2.44       0          0          0          1
Link_405         CIRCULAR     2.44       0          0          0          1
Link_406         CIRCULAR     2.44       0          0          0          1
Link_407         CIRCULAR     2.44       0          0          0          1
os16             CIRCULAR     1.83       0          0          0          1
bo5              CIRCULAR     1.83       0          0          0          1
pr3              CIRCULAR     1.52       0          0          0          3
cc4              CIRCULAR     1.52       0          0          0          1
os15             CIRCULAR     1.83       0          0          0          1
os11             CIRCULAR     1.83       0          0          0          1
os10             CIRCULAR     2.13       0          0          0          1
os9              CIRCULAR     2.13       0          0          0          1
rr70             CIRCULAR     1.37       0          0          0          1
rr67             CIRCULAR     1.37       0          0          0          1
rr36             CIRCULAR     1.52       0          0          0          1
os7              CIRCULAR     2.44       0          0          0          1
hl38             CIRCULAR     0.30       0          0          0          1
hl26             CIRCULAR     0.30       0          0          0          1
hl12+            CIRCULAR     0.38       0          0          0          1
os6+             CIRCULAR     2.44       0          0          0          1
bd2              CIRCULAR     0.53       0          0          0          1
ah11             CIRCULAR     0.30       0          0          0          1
aw2              CIRCULAR     0.91       0          0          0          1
aw1              CIRCULAR     0.23       0          0          0          1
ah8              CIRCULAR     0.36       0          0          0          1
os5+             CIRCULAR     2.44       0          0          0          1
os4+             CIRCULAR     2.44       0          0          0          1
os3+             CIRCULAR     2.44       0          0          0          1
os2+             CIRCULAR     2.44       0          0          0          1
gn8              CIRCULAR     1.68       0          0          0          1
PRESTN           CIRCULAR     1.80       0          0          0          1
LL/BO-OV         CIRCULAR     1.83       0          0          0          1
BOOTH-TH         RECT_CLOSED  0.65       0.28       0          0          1
PREST-TH         RECT_CLOSED  0.53       1.11       0          0          1
KENTth           RECT_CLOSED  0.22       0.45       0          0          1
RCANth           RECT_CLOSED  0.27       0.31       0          0          1
CATHth           RECT_CLOSED  0.30       0.35       0          0          1
rr7              CIRCULAR     2.13       0          0          0          1
KEEFth           RECT_CLOSED  0.50       0.50       0          0          1
hra-ovf          CIRCULAR     0.75       0.75       0          0          1
hraa             CIRCULAR     0.25       0          0          0          1
xxb-ovf          CIRCULAR     0.75       0          0          0          1
458              CIRCULAR     0.75       0.75       0          0          1
459              CIRCULAR     0.75       0          0          0          1
ah-ovf           CIRCULAR     1.00       1.00       0          0          1
rm-ovf           CIRCULAR     1.20       1.20       0          0          1
sh-gr            CIRCULAR     1.80       3.60       0          0          1
gn3+             CIRCULAR     1.68       0          0          0          1
outfall          CIRCULAR     3.05       0          0          0          1
BY-ROPEC         CIRCULAR     2.00       0          0          0          1
493              CIRCULAR     1.52       0          0          0          2
496              CIRCULAR     1.83       0          0          0          1
497              CIRCULAR     1.83       0          0          0          1
498              CIRCULAR     1.83       0          0          0          1
502              CIRCULAR     1.07       0          0          0          1
504              CIRCULAR     1.07       0          0          0          1
507              CIRCULAR     0.91       0          0          0          1
513              CIRCULAR     1.07       0          0          0          1
515              CIRCULAR     1.52       0          0          0          1
518              CIRCULAR     1.83       0          0          0          1
521              CIRCULAR     0.75       0          0          0          1
528              CIRCULAR     1.52       0          0          0          1
530              CIRCULAR     2.21       0          0          0          1
536              CIRCULAR     1.07       0          0          0          1
538              CIRCULAR     1.37       0          0          0          1
540              CIRCULAR     1.83       0          0          0          1
541              CIRCULAR     1.83       0          0          0          1
544              CIRCULAR     1.22       0          0          0          1
546              CIRCULAR     1.12       0          0          0          1
551              CIRCULAR     0.69       0          0          0          1
555              CIRCULAR     1.22       0          0          0          1
558              CIRCULAR     0.90       0          0          0          1
560              CIRCULAR     1.07       0          0          0          1
561              CIRCULAR     1.07       0          0          0          1
564              CIRCULAR     1.12       0          0          0          1
565              CIRCULAR     1.12       0          0          0          1
568              CIRCULAR     1.22       0          0          0          3
570              CIRCULAR     1.22       0          0          0          3
577              CIRCULAR     0.91       0          0          0          3
589              CIRCULAR     1.52       0          0          0          1
599              CIRCULAR     1.20       0          0          0          1
600              CIRCULAR     1.52       0          0          0          3
602              CIRCULAR     2.29       0          0          0          1
607              CIRCULAR     1.83       0          0          0          1
619              CIRCULAR     1.22       0          0          0          1
630              CIRCULAR     1.22       0          0          0          1
638              CIRCULAR     1.52       0          0          0          1
641              CIRCULAR     1.52       0          0          0          1
647              CIRCULAR     1.07       0          0          0          1
657              CIRCULAR     1.52       0          0          0          1
664              CIRCULAR     1.37       0          0          0          1
665              CIRCULAR     0.92       0          0          0          1
672              CIRCULAR     1.20       0          0          0          1
674              CIRCULAR     1.20       0          0          0          1
684              CIRCULAR     1.20       0          0          0          1
686              CIRCULAR     1.20       0          0          0          1
689              CIRCULAR     1.20       0          0          0          1
691              CIRCULAR     1.37       0          0          0          1
693              CIRCULAR     1.37       0          0          0          1
696              CIRCULAR     1.37       0          0          0          1
698              CIRCULAR     0.68       0          0          0          1
699              CIRCULAR     0.68       0          0          0          1
701              CIRCULAR     1.07       0          0          0          1
ktreg            CIRCULAR     1.22       0          0          0          1
rcanrg           CIRCULAR     2.40       0          0          0          1
CATHOvV          CIRCULAR     1.98       0          0          0          1
RRVER            CIRCULAR     2.15       0          0          0          1
730              CIRCULAR     8.00       0          0          0          1
736              CIRCULAR     2.29       0          0          0          1
738              CIRCULAR     1.80       0          0          0          1
740              CIRCULAR     1.80       0          0          0          1
742              CIRCULAR     2.00       0          0          0          1
744              CIRCULAR     1.80       0          0          0          1
757              CIRCULAR     8.00       0          0          0          1
758              CIRCULAR     8.00       0          0          0          1
765              CIRCULAR     8.00       0          0          0          1
771              CIRCULAR     1.00       0          0          0          1
776              CIRCULAR     1.52       0          0          0          3
777              CIRCULAR     1.52       0          0          0          3
781              CIRCULAR     8.00       0          0          0          1
782              CIRCULAR     1.52       0          0          0          1
788              CIRCULAR     1.80       0          0          0          1
BOOT             CIRCULAR     1.80       0          0          0          1
KENT-OV          CIRCULAR     1.22       0          0          0          1
RCAN-OV          CIRCULAR     2.40       0          0          0          1
CATH-OV          CIRCULAR     1.98       0          0          0          1
rc-int           CIRCULAR     2.29       0          0          0          1
734.1            CIRCULAR     2.29       0          0          0          1
RRIVER-OV        CIRCULAR     2.15       0          0          0          1
rr-int           CIRCULAR     1.98       0          0          0          1
726.1            CIRCULAR     1.98       0          0          0          1
WN-2             CIRCULAR     1.80       0          0          0          1
THRU             CIRCULAR     1.35       0          0          0          1
PR-1             CIRCULAR     1.52       0          0          0          1
843              CIRCULAR     4.00       0          0          0          1
471              CIRCULAR     0.35       0          0          0          1
rcafov           CIRCULAR     1.20       0          0          0          1
475              CIRCULAR     1.20       0          0          0          1
ocr3-21          RECT_CLOSED  0.30       0          0          0          
AR-5-11          RECT_CLOSED  0.75       0          0          0          
arlint           RECT_CLOSED  1.22       0          0          0          
ar11lyn3         RECT_CLOSED  0.08       0          0          0          
635              RECT_CLOSED  0          0          0          0          
637              RECT_CLOSED  0          0          0          0          
640              RECT_CLOSED  0          0          0          0          
ocr3-21          RECT_CLOSED  0.30       0          0          0          
pr-tem           RECT_CLOSED  1.52       0          0          0          
SC-OVR           RECT_OPEN    0          1.05       0          0          
Mert-o           RECT_OPEN    0          1.80       0          0          
ar15cs3          RECT_OPEN    0          1.83       0          0          
ar25cs6          RECT_OPEN    0          1.83       0          0          
TEM1             RECT_OPEN    0          1.52       0          0          
662.1            RECT_OPEN    0          0.92       0          0          
668              RECT_OPEN    0          4.00       0          0          
oc2-div          RECT_OPEN    0          5.00       0          0          
cl-div1          RECT_OPEN    0          5.00       0          0          
oc1-div          RECT_OPEN    0          5.00       0          0          

[LOSSES]
;;Link           Inlet      Outlet     Average    Flap Gate
;;-------------- ---------- ---------- ---------- ----------
Link_212         0          0          0          NO
Link_245         0          0          0          NO
Link_254         0          0          0          NO
Link_262         0          0          0          NO
Link_263         0          0          0          NO
Link_271         0          0          0          NO
Link_272         0          0          0          NO
wn83             0          0          0          NO
gc8              0          0          0          NO
wn80             0          0          0          NO
pc2              0          0          0          NO
pc17             0          0          0          NO
wn52             0          0          0          NO
wn41             0          0          0          NO
wc26             0          0          0          NO
wc55             0          0          0          NO
wn21             0          0          0          NO
cc51+            0          0          0          NO
ca8              0          0          0          NO
cc81+            0          0          0          NO
902              0          0          0          NO
MOONEY           0          0          0          NO
mb42             0          0          0          NO
mb11             0          0          0          NO
cc85+            0          0          0          NO
SC-IN            0          0          0          NO
SC-THR           0          0          0          NO
9001             0          0          0          NO
cc17             0          0          0          NO
wn6              0          0          0          NO
pl1              0          0          0          NO
pr1              0          0          0          NO
bo5              0          0          0          NO
pr2              0          0          0          NO
pr3              0          0          0          NO
ps1              0          0          0          NO
mb81             0          0          0          NO
os9              0          0          0          NO
os10             0          0          0          NO
os11             0          0          0          NO
os15             0          0          0          NO
9003             0          0          0          NO
cc4              0          0          0          NO
9004             0          0          0          NO
RKENT            0          0          0          NO
9005             0          0          0          NO
RCAN             0          0          0          NO
9006             0          0          0          NO
CATH             0          0          0          NO
9007             0          0          0          NO
KEEF             0          0          0          NO
rr7              0          0          0          NO
rr26             0          0          0          NO
ri3              0          0          0          NO
rr36             0          0          0          NO
rr67             0          0          0          NO
os7              0          0          0          NO
os6#             0          0          0          NO
os16             0          0          0          NO
cc2              0          0          0          NO
bo2              0          0          0          NO
BOOTH            0          0          0          NO
PRESTN           0          0          0          NO
rr70             0          0          0          NO
hl12#            0          0          0          NO
rm-ovf           0          0          0          NO
hl38             0          0          0          NO
xxb-ovf          0          0          0          NO
hra-ovf          0          0          0          NO
hl26             0          0          0          NO
hraa             0          0          0          NO
ah8              0          0          0          NO
os5#             0          0          0          NO
os4#             0          0          0          NO
bd2              0          0          0          NO
458              0          0          0          NO
ah11             0          0          0          NO
aw1              0          0          0          NO
aw2              0          0          0          NO
459              0          0          0          NO
ah-ovf           0          0          0          NO
os3#             0          0          0          NO
os2#             0          0          0          NO
outfall          0          0          0          NO
BY-ROPEC         0          0          0          NO
165              0          0          0          NO
167              0          0          0          NO
169              0          0          0          NO
171              0          0          0          NO
bthofg           0          0          0          NO
Link_397         0          0          0          NO
Link_398         0          0          0          NO
Link_404         0          0          0          NO
Link_405         0          0          0          NO
Link_406         0          0          0          NO
Link_407         0          0          0          NO
os16             0          0          0          NO
bo5              0          0          0          NO
pr3              0          0          0          NO
cc4              0          0          0          NO
os15             0          0          0          NO
os11             0          0          0          NO
os10             0          0          0          NO
os9              0          0          0          NO
rr70             0          0          0          NO
rr67             0          0          0          NO
rr36             0          0          0          NO
os7              0          0          0          NO
hl38             0          0          0          NO
hl26             0          0          0          NO
hl12+            0          0          0          NO
os6+             0          0          0          NO
bd2              0          0          0          NO
ah11             0          0          0          NO
aw2              0          0          0          NO
aw1              0          0          0          NO
ah8              0          0          0          NO
os5+             0          0          0          NO
os4+             0          0          0          NO
os3+             0          0          0          NO
os2+             0          0          0          NO
gn8              0          0          0          NO
PRESTN           0          0          0          NO
LL/BO-OV         0          0          0          NO
BOOTH-TH         0          0          0          NO
PREST-TH         0          0          0          NO
KENTth           0          0          0          NO
RCANth           0          0          0          NO
CATHth           0          0          0          NO
rr7              0          0          0          NO
KEEFth           0          0          0          NO
hra-ovf          0          0          0          NO
hraa             0          0          0          NO
xxb-ovf          0          0          0          NO
458              0          0          0          NO
459              0          0          0          NO
ah-ovf           0          0          0          NO
rm-ovf           0          0          0          NO
sh-gr            0          0          0          NO
gn3+             0          0          0          NO
outfall          0          0          0          NO
BY-ROPEC         0          0          0          NO
493              0          0          0          NO
496              0          0          0          NO
497              0          0          0          NO
498              0          0          0          NO
502              0          0          0          NO
504              0          0          0          NO
507              0          0          0          NO
513              0          0          0          NO
515              0          0          0          NO
518              0          0          0          NO
521              0          0          0          NO
528              0          0          0          NO
530              0          0          0          NO
536              0          0          0          NO
538              0          0          0          NO
540              0          0          0          NO
541              0          0          0          NO
544              0          0          0          NO
546              0          0          0          NO
551              0          0          0          NO
555              0          0          0          NO
558              0          0          0          NO
560              0          0          0          NO
561              0          0          0          NO
564              0          0          0          NO
565              0          0          0          NO
568              0          0          0          NO
570              0          0          0          NO
577              0          0          0          NO
589              0          0          0          NO
599              0          0          0          NO
600              0          0          0          NO
602              0          0          0          NO
607              0          0          0          NO
619              0          0          0          NO
630              0          0          0          NO
638              0          0          0          NO
641              0          0          0          NO
647              0          0          0          NO
657              0          0          0          NO
664              0          0          0          NO
665              0          0          0          NO
672              0          0          0          NO
674              0          0          0          NO
684              0          0          0          NO
686              0          0          0          NO
689              0          0          0          NO
691              0          0          0          NO
693              0          0          0          NO
696              0          0          0          NO
698              0          0          0          NO
699              0          0          0          NO
701              0          0          0          NO
ktreg            0          0          0          NO
rcanrg           0          0          0          NO
CATHOvV          0          0          0          NO
RRVER            0          0          0          NO
730              0          0          0          NO
736              0          0          0          NO
738              0          0          0          NO
740              0          0          0          NO
742              0          0          0          NO
744              0          0          0          NO
757              0          0          0          NO
758              0          0          0          NO
765              0          0          0          NO
771              0          0          0          NO
776              0          0          0          NO
777              0          0          0          NO
781              0          0          0          NO
782              0          0          0          NO
788              0          0          0          NO
BOOT             0          0          0          NO
KENT-OV          0          0          0          NO
RCAN-OV          0          0          0          NO
CATH-OV          0          0          0          NO
rc-int           0          0          0          NO
734.1            0          0          0          NO
RRIVER-OV        0          0          0          NO
rr-int           0          0          0          NO
726.1            0          0          0          NO
WN-2             0          0          0          NO
THRU             0          0          0          NO
PR-1             0          0          0          NO
843              0          0          0          NO
471              0          0          0          NO
rcafov           0          0          0          NO
475              0          0          0          NO

[INFLOWS]
;;Node           Constituent  Time Series      Type     Mfactor  Sfactor  Baseline Pattern
;;-------------- ------------ ---------------- -------- -------- -------- -------- --------
wx01200          FLOW         ""               FLOW     1.0      1.0      0.06
gc00900          FLOW         ""               FLOW     1.0      1.0      0.08
wn05200          FLOW         ""               FLOW     1.0      1.0      0.07
pc00200          FLOW         ""               FLOW     1.0      1.0      0.03
pc01700          FLOW         ""               FLOW     1.0      1.0      0.10
wn04100          FLOW         ""               FLOW     1.0      1.0      0.05
wc02600          FLOW         ""               FLOW     1.0      1.0      0.04
wc05500          FLOW         ""               FLOW     1.0      1.0      0.05
wn02100          FLOW         ""               FLOW     1.0      1.0      0.12
cc03100          FLOW         ""               FLOW     1.0      1.0      0.02
cc005200         FLOW         ""               FLOW     1.0      1.0      0.17
mb-overf         FLOW         ""               FLOW     1.0      1.0      0.04
sc00100          FLOW         ""               FLOW     1.0      1.0      0.03
cc01600          FLOW         ""               FLOW     1.0      1.0      0.01
pr00300          FLOW         ""               FLOW     1.0      1.0      0.06
bo00400          FLOW         ""               FLOW     1.0      1.0      0.00
mb04200          FLOW         ""               FLOW     1.0      1.0      0.05
bs00100          FLOW         ""               FLOW     1.0      1.0      0.05
knreg            FLOW         ""               FLOW     1.0      1.0      0.02
rnreg            FLOW         ""               FLOW     1.0      1.0      0.12
catreg           FLOW         ""               FLOW     1.0      1.0      0.06
rr00800          FLOW         ""               FLOW     1.0      1.0      0.13
rr02800          FLOW         ""               FLOW     1.0      1.0      0.15
ri00300          FLOW         ""               FLOW     1.0      1.0      0.08
rr04000          FLOW         ""               FLOW     1.0      1.0      0.13
cc00500          FLOW         ""               FLOW     1.0      1.0      0.05
rr07500          FLOW         ""               FLOW     1.0      1.0      0.11
rm22             FLOW         ""               FLOW     1.0      1.0      0.01
hra              FLOW         ""               FLOW     1.0      1.0      0.01
xxb              FLOW         ""               FLOW     1.0      1.0      0.00
os4              FLOW         ""               FLOW     1.0      1.0      0.01
bd3              FLOW         ""               FLOW     1.0      1.0      0.02
aw8              FLOW         ""               FLOW     1.0      1.0      0.01
os6              FLOW         ""               FLOW     1.0      1.0      0.01
cc02200          FLOW         ""               FLOW     1.0      1.0      0.02
os1              FLOW         ""               FLOW     1.0      1.0      0.04
bo7b             FLOW         ""               FLOW     1.0      1.0      0.00
pr13             FLOW         ""               FLOW     1.0      1.0      0.03
cc95a            FLOW         ""               FLOW     1.0      1.0      0.02
rr43             FLOW         ""               FLOW     1.0      1.0      0.11
rr10             FLOW         ""               FLOW     1.0      1.0      0.13
ri0400           FLOW         ""               FLOW     1.0      1.0      0.08
rr02800          FLOW         ""               FLOW     1.0      1.0      0.12
rrr              FLOW         ""               FLOW     1.0      1.0      0.13
os1              FLOW         ""               FLOW     1.0      1.0      0.04
rm22             FLOW         ""               FLOW     1.0      1.0      0.01
xxb              FLOW         ""               FLOW     1.0      1.0      0.00
bd3              FLOW         ""               FLOW     1.0      1.0      0.02
aw8              FLOW         ""               FLOW     1.0      1.0      0.01
os4              FLOW         ""               FLOW     1.0      1.0      0.01
os6              FLOW         ""               FLOW     1.0      1.0      0.01
gnshft1          FLOW         ""               FLOW     1.0      1.0      0.03
KENT-REG         FLOW         ""               FLOW     1.0      1.0      0.02
CATH-REG         FLOW         ""               FLOW     1.0      1.0      0.06
hra              FLOW         ""               FLOW     1.0      1.0      0.01
ss15             FLOW         ""               FLOW     1.0      1.0      0.00
ss14             FLOW         ""               FLOW     1.0      1.0      0.01
ss10             FLOW         ""               FLOW     1.0      1.0      0.01
ss5              FLOW         ""               FLOW     1.0      1.0      0.01
qe7              FLOW         ""               FLOW     1.0      1.0      0.02
cl3              FLOW         ""               FLOW     1.0      1.0      0.01
cl11             FLOW         ""               FLOW     1.0      1.0      0.01
ocr3             FLOW         ""               FLOW     1.0      1.0      0.00
ocr7             FLOW         ""               FLOW     1.0      1.0      0.01
ar19             FLOW         ""               FLOW     1.0      1.0      0.01
ar25             FLOW         ""               FLOW     1.0      1.0      0.00
ar33             FLOW         ""               FLOW     1.0      1.0      0.00
ar5              FLOW         ""               FLOW     1.0      1.0      0.01
ar11             FLOW         ""               FLOW     1.0      1.0      0.01
ar15             FLOW         ""               FLOW     1.0      1.0      0.00
ar16             FLOW         ""               FLOW     1.0      1.0      0.00
cs6              FLOW         ""               FLOW     1.0      1.0      0.00
lyn3             FLOW         ""               FLOW     1.0      1.0      0.00
cs1              FLOW         ""               FLOW     1.0      1.0      0.01
cs3              FLOW         ""               FLOW     1.0      1.0      0.00
ly6              FLOW         ""               FLOW     1.0      1.0      0.01
hw6              FLOW         ""               FLOW     1.0      1.0      0.01
wa1              FLOW         ""               FLOW     1.0      1.0      0.01
wa6              FLOW         ""               FLOW     1.0      1.0      0.01
bk4              FLOW         ""               FLOW     1.0      1.0      0.00
pr5              FLOW         ""               FLOW     1.0      1.0      0.01
pr17             FLOW         ""               FLOW     1.0      1.0      0.01
pr22             FLOW         ""               FLOW     1.0      1.0      0.01
gnshft5          FLOW         ""               FLOW     1.0      1.0      0.03
ri00600          FLOW         ""               FLOW     1.0      1.0      0.06

[COORDINATES]
;;Node           X-Coord            Y-Coord
;;-------------- ------------------ ------------------
wx01200          -5022612.47        357810.79         
wx6              -5022929.21        358392.79         
gc00900          -5022025.47        358961.79         
wn05200          -5025418.47        360781.79         
pc00200          -5025198.89        360914.55         
pc01700          -5023939.47        360938.55         
wn04100          -5026399.47        361836.79         
wc02600          -5025161.47        361874.79         
wc05500          -5023093.47        362495.79         
wn02100          -5028445.47        363861.86         
cc03100          -5028275.47        365054.79         
cc005200         -5026993.47        364823.79         
mb-overf         -5028623.66        366123.16         
mb02400          -5028692.71        366328.29         
cc85             -5029308.67        365058.62         
sc00100          -5028859.51        365060.81         
SCOT-REG         -5029074.62        365123.57         
cc01600          -5029362.78        365418.09         
MBAY             -5029731.71        365359.29         
SC-MERT          -5029571.71        364925.99         
901              -5029246.21        364945.76         
wn00600          -5029506.71        365718.36         
pr00300          -5029152.97        366402.29         
bo00400          -5029495.97        366249.29         
pr00100          -5029407.56        366249.64         
pr00200          -5029179.71        366384.29         
mb04200          -5026274.35        367236.70         
bs00100          -5023415.47        367039.79         
ic5              -5032403.21        367897.79         
ic4              -5031272.21        367693.79         
ic3              -5030874.05        367037.79         
LL-BOOTH         -5030262.75        366302.38         
KENT             -5031520.71        366967.29         
knreg            -5031339.97        366958.29         
RCANAL           -5031689.71        367336.20         
rnreg            -5031491.62        367647.20         
CATHCART         -5032745.68        367330.99         
catreg           -5032519.00        367674.14         
KEEFER           -5033697.71        367646.29         
rrreg            -5033276.60        368412.79         
rr00800          -5032837.47        368877.79         
rr02800          -5031593.47        369693.79         
ri00300          -5030070.47        369589.79         
rr04000          -5030520.47        370370.79         
os2              -5033559.08        369706.55         
cc00500          -5029816.29        371393.06         
icchbr           -5029970.85        366386.25         
ic1b             -5030046.34        366436.65         
cc97             -5030066.96        366420.04         
903              -5030066.97        366412.94         
bolloyd          -5030058.96        366425.04         
rr40             -5027021.05        369392.24         
rr07500          -5026940.47        369489.79         
hl12             -5033929.08        369886.55         
HEM3             -5035085.69        370290.33         
rm22             -5034765.05        370265.33         
HEM2             -5034844.27        369610.68         
HEM1             -5034844.27        369250.76         
hra              -5034513.33        369253.81         
xxb              -5034504.55        369621.83         
lfhem            -5034516.97        369682.29         
os3              -5033913.47        371222.79         
os4              -5034820.47        373102.79         
bd3              -5034591.33        371254.29         
ah1              -5034621.71        371358.29         
ah4              -5034503.71        371406.29         
ah1a             -5034518.71        371458.29         
aw8              -5034340.97        371514.29         
457              -5034711.75        371576.38         
HEM4             -5034910.45        371568.88         
os5              -5034993.21        373444.79         
os6              -5035150.47        373874.79         
oschbr           -5035658.47        375592.79         
grit             -5036026.88        375847.70         
ROPEC-OUT        -5037008.44        375053.31         
ROPEC-BY         -5036722.28        374683.46         
cc02200          -5028980.47        365202.79         
os1              -5032969.71        368394.29         
162              -5029674.51        371584.32         
gc02000          -5021680.74        359717.27         
pc03800          -5023114.47        360989.87         
bl01500          -5023300.01        363241.39         
icchbr           -5028571.73        372081.57         
pr12             -5025949.61        372206.57         
bo7b             -5026821.73        372581.57         
BOOTH-REG        -5028821.73        372581.57         
pr13             -5025696.73        372331.57         
cc95a            -5029071.73        372206.57         
PREST-REG        -5029071.73        372581.57         
ic1b             -5028571.73        372956.57         
ic3              -5028571.73        373831.57         
ic4              -5028571.73        374706.57         
ic5              -5028571.73        376456.57         
rr43             -5024571.73        379456.57         
rr40             -5024571.73        378456.57         
rr10             -5025571.73        378456.57         
ri0400           -5025571.73        377456.57         
rr02800          -5027071.73        378456.57         
rrr              -5028071.73        378456.57         
os1              -5028571.73        377956.57         
rm22             -5030571.73        382956.57         
xxb              -5030571.73        382456.57         
lfhem            -5030571.73        381956.57         
hl12             -5029571.73        381956.57         
os2              -5028571.73        381956.57         
bd3              -5031571.73        384206.57         
ah1              -5030571.73        384206.57         
aw8              -5029571.73        386206.57         
ah1a             -5029571.73        385206.57         
ah4              -5029571.73        384206.57         
os3              -5028571.73        384206.57         
os4              -5028571.73        386206.57         
os5              -5028571.73        387831.57         
os6              -5028571.73        387456.57         
oschbr           -5028571.73        391081.57         
gnshft1          -5026571.73        389081.57         
ROPEC-OUT        -5032696.73        390081.57         
903              -5029071.73        373206.57         
LL/BO-OUT        -5030571.73        373206.57         
KENT-REG         -5029071.73        373831.57         
rating           -5029446.73        373831.57         
RCAN-REG         -5029071.73        375206.57         
RAN-RT           -5029446.73        375206.57         
CATH-REG         -5029071.73        376456.57         
CAT              -5029438.18        376456.57         
RRIVER-REG       -5029071.73        378456.57         
RRIVER           -5029446.73        378456.57         
hra              -5030571.73        380956.57         
HEM1             -5032321.73        380956.57         
HEM2             -5032321.73        382456.57         
457              -5030571.73        385206.57         
HEM4             -5032321.73        385206.57         
HEM3             -5032321.73        382956.57         
grit             -5027696.73        390081.57         
ROPEC-BY         -5032571.73        391081.57         
ss15             -5027071.73        377456.57         
ss14             -5027071.73        376956.57         
ss10             -5027071.73        376456.57         
ss5              -5026571.73        376456.57         
qe7              -5027071.73        375199.99         
cl3              -5025071.73        374831.57         
cl11             -5025071.73        375956.57         
rr1              -5025071.73        376956.57         
ocr21            -5025321.73        374831.57         
ocr3             -5025321.73        374706.57         
ocr7             -5025571.73        374706.57         
ar19             -5025696.73        374706.57         
ar25             -5025696.73        374831.57         
ar33             -5027071.73        374831.57         
ar1              -5026571.73        373206.57         
ar5              -5026571.73        373456.57         
ar11             -5026321.73        373831.57         
ar15             -5026071.73        374331.57         
ar16             -5025696.73        374331.57         
cs6              -5025946.73        374699.99         
ml1              -5026571.73        373706.57         
lyn3             -5026321.73        373956.57         
cs1              -5025946.73        373956.57         
cs3              -5025946.73        374206.57         
ly6              -5025696.73        373956.57         
ly1              -5025446.73        373956.57         
hw6              -5024946.73        374706.57         
hw1              -5024946.73        374456.57         
ocr1             -5025196.73        374706.57         
fl1              -5027071.73        373656.57         
wa1              -5027071.73        373956.57         
wa6              -5027071.73        374306.57         
bk1              -5025321.73        374331.57         
bk4              -5025571.73        374331.57         
pr5              -5024946.73        372956.57         
pr17             -5024937.44        372433.47         
pr22             -5025196.73        372331.57         
pr1a             -5024946.73        373456.57         
mid              -5026821.73        374831.57         
qe-ic            -5027946.73        375206.57         
qe7a             -5026571.73        375956.57         
ar5-11           -5026321.73        373456.57         
ar11-15          -5026196.73        374081.57         
ar15-16          -5025821.73        374331.57         
639              -5025946.73        374831.57         
645              -5025446.73        374706.57         
prmid1           -5026074.61        372206.57         
652              -5025946.73        372081.57         
prmid2           -5027196.73        372206.57         
rr1out           -5024571.73        377956.57         
ri0500           -5025071.73        377456.57         
tu1              -5027571.73        377456.57         
oc-relief1       -5025071.73        374581.57         
oc-relief2       -5025321.73        374581.57         
oc-relief3       -5025571.73        374581.57         
oc-relief4       -5025696.73        374581.57         
oc-end           -5025821.73        374581.57         
ri0300           -5026071.73        377456.57         
ri0200           -5026571.73        377456.57         
cl3a             -5025071.73        374706.57         
719              -5027571.73        375456.57         
729              -5027571.73        374581.57         
737              -5026071.73        374581.57         
739              -5027196.73        374581.57         
754              -5027571.73        373456.57         
756              -5027571.73        374331.57         
772              -5026446.73        371831.57         
787              -5028821.73        372706.57         
KENT-OUT         -5030571.73        373831.57         
RCAN-OUT         -5030571.73        375206.57         
CATH-OUT         -5030571.73        376456.57         
808              -5028196.73        375206.57         
RRIVER-OUT       -5030571.73        378456.57         
819              -5027321.73        378456.57         
WN/CC            -5029624.36        371517.28         
NEW-BO           -5029696.73        372206.57         
gnshft5          -5022571.73        389081.57         
shaft            -5022571.73        390081.57         
ri00600          -5024071.73        377456.57         
470              -5029073.17        386386.31         
472              -5030598.89        386747.72         
474              -5031514.32        381972.41         

[MAP]
DIMENSIONS -5037008.44 357810.79 -5021680.74 391081.57
Units      None

[REPORT]
INPUT            YES
SUBCATCHMENTS    ALL
NODES            ALL
LINKS            ALL



