;; SWMM5 .inp converted from XPSWMM .xp file
;; Generated by XPSWMM Card Reader
;; Source format: XP_CARD | Original title: hakken 30-100

[TITLE]
;;Project Title/Notes
hakken 30-100

[OPTIONS]
FLOW_UNITS           CMS
INFILTRATION         HORTON
FLOW_ROUTING         DYNWAVE
LINK_OFFSETS         DEPTH
MIN_SLOPE            0.0
ALLOW_PONDING        NO
SKIP_STEADY_STATE    NO
ROUTING_STEP         00:00:04
VARIABLE_STEP        0.75
INERTIAL_DAMPING     PARTIAL
NORMAL_FLOW_LIMITED  BOTH
MAX_TRIALS           50
HEAD_TOLERANCE       .001

[JUNCTIONS]
;;Name           Elev       MaxDepth   InitDepth  SurDepth   Aponded
;;-------------- ---------- ---------- ---------- ---------- ----------
111-1            1.63       0          0          0          0
122-1            1.82       0          0          0          0
155-1            1.81       0          0          0          0
109-1            2.03       0          0          0          0
168-1            1.97       0          0          0          0
175-1            1.97       0          0          0          0
190-1            2.05       0          0          0          0
197-1            2.09       0          0          0          0
1-1              2.01       0          0          0          0
2-1              1.86       0          0          0          0
3-1              2.02       0          0          0          0
4-1              1.98       0          0          0          0
5-1              1.87       0          0          0          0
6-1              1.83       0          0          0          0
7-1              1.84       0          0          0          0
8-1              1.76       0          0          0          0
9-1              1.72       0          0          0          0
10-1             2.11       0          0          0          0
11-1             2.73       0          0          0          0
12-1             2.16       0          0          0          0
120-1            1.69       0          0          0          0
143-1            1.78       0          0          0          0
152-1            2.13       0          0          0          0
165-1            1.93       0          0          0          0
179-1            2.22       0          0          0          0
189-1            2.03       0          0          0          0
264-1            1.90       0          0          0          0
237-1            2.13       0          0          0          0
246-1            2.33       0          0          0          0
248-1            2.23       0          0          0          0
251-1            1.88       0          0          0          0
253-1            1.74       0          0          0          0
258-1            2.45       0          0          0          0
247-1            2.03       0          0          0          0
241-1            1.61       0          0          0          0
243-1            1.66       0          0          0          0
256-1            1.70       0          0          0          0
222-1            1.80       0          0          0          0
194-1            2.39       0          0          0          0
196-1            2.34       0          0          0          0
188-1            2.53       0          0          0          0
178-1            2.33       0          0          0          0
182-1            2.49       0          0          0          0
186-1            2.54       0          0          0          0
113-1            1.71       0          0          0          0
141-1            1.74       0          0          0          0
139-1            1.89       0          0          0          0
154-1            2.01       0          0          0          0
164-1            2.05       0          0          0          0
161-1            2.11       0          0          0          0
159-1            2.27       0          0          0          0
157-1            2.31       0          0          0          0
192-1            2.27       0          0          0          0
207-1            2.14       0          0          0          0
220-1            1.84       0          0          0          0
261-1            1.68       0          0          0          0
239-1            2.03       0          0          0          0
267-1            1.80       0          0          0          0
107-1            2.04       0          0          0          0
106-1            1.81       0          0          0          0
115-1            1.57       0          0          0          0
117-1            1.54       0          0          0          0
118-1            1.59       0          0          0          0
116-1            1.69       0          0          0          0
137-1            2.13       0          0          0          0
163-1            2.11       0          0          0          0
177-1            2.55       0          0          0          0
176-1            2.41       0          0          0          0
181-1            2.71       0          0          0          0
185-1            2.33       0          0          0          0
191-1            2.08       0          0          0          0
187-1            2.49       0          0          0          0
203-1            2.16       0          0          0          0
202-1            2.21       0          0          0          0
204-1            2.21       0          0          0          0
212-1            2.05       0          0          0          0
213-1            2.01       0          0          0          0
219-1            2.15       0          0          0          0
218-1            1.88       0          0          0          0
217-1            1.88       0          0          0          0
140-1            1.89       0          0          0          0
229-1            1.78       0          0          0          0
227-1            1.85       0          0          0          0
252-1            1.85       0          0          0          0
236-1            2.10       0          0          0          0
238-1            2.05       0          0          0          0
240-1            1.59       0          0          0          0
242-1            1.77       0          0          0          0
235-1            2.32       0          0          0          0
255-1            2.16       0          0          0          0
257-1            2.24       0          0          0          0
249-1            1.61       0          0          0          0
250-1            1.62       0          0          0          0
263-1            1.74       0          0          0          0
262-1            1.93       0          0          0          0
266-1            1.93       0          0          0          0
121-1            1.59       0          0          0          0
130-1            1.74       0          0          0          0
127-1            1.78       0          0          0          0
172-1            1.96       0          0          0          0
174-1            1.96       0          0          0          0
104-1            1.50       0          0          0          0
173-1            1.99       0          0          0          0
110-1            1.55       0          0          0          0
114-1            1.66       0          0          0          0
135-1            1.96       0          0          0          0
133-1            1.85       0          0          0          0
101-1            1.94       0          0          0          0
102-1            1.66       0          0          0          0
103-1            1.64       0          0          0          0
112-1            1.79       0          0          0          0
126-1            1.80       0          0          0          0
124-1            1.80       0          0          0          0
134-1            1.81       0          0          0          0
129-1            1.78       0          0          0          0
128-1            1.91       0          0          0          0
153-1            2.01       0          0          0          0
149-1            1.73       0          0          0          0
151-1            2.09       0          0          0          0
148-1            2.16       0          0          0          0
147-1            2.11       0          0          0          0
146-1            2.17       0          0          0          0
145-1            2.03       0          0          0          0
144-1            2.27       0          0          0          0
150-1            2.27       0          0          0          0
158-1            2.20       0          0          0          0
156-1            2.44       0          0          0          0
162-1            2.22       0          0          0          0
169-1            1.99       0          0          0          0
171-1            1.99       0          0          0          0
170-1            1.99       0          0          0          0
180-1            2.30       0          0          0          0
184-1            2.10       0          0          0          0
183-1            2.22       0          0          0          0
270-1            2.07       0          0          0          0
269-1            2.51       0          0          0          0
268-1            1.67       0          0          0          0
245-1            2.38       0          0          0          0
198-1            2.36       0          0          0          0
125-1            1.86       0          0          0          0
167-1            1.96       0          0          0          0
166-1            1.96       0          0          0          0
131-1            1.77       0          0          0          0
123-1            2.15       0          0          0          0
119-1            1.73       0          0          0          0
136-1            2.07       0          0          0          0
132-1            1.69       0          0          0          0
142-1            1.96       0          0          0          0
108-1            1.99       0          0          0          0
105-1            1.50       0          0          0          0
160-1            2.16       0          0          0          0
193-1            2.53       0          0          0          0
254-1            1.66       0          0          0          0
195-1            2.34       0          0          0          0
199-1            2.21       0          0          0          0
201-1            2.12       0          0          0          0
200-1            2.25       0          0          0          0
208-1            2.06       0          0          0          0
209-1            1.91       0          0          0          0
205-1            2.14       0          0          0          0
206-1            2.10       0          0          0          0
210-1            2.23       0          0          0          0
211-1            2.19       0          0          0          0
226-1            1.84       0          0          0          0
228-1            1.68       0          0          0          0
630              1.87       0          0          0          0
265-1            2.59       0          0          0          0
259-1            2.23       0          0          0          0
231-1            1.69       0          0          0          0
230-1            1.74       0          0          0          0
260-1            1.62       0          0          0          0
221-1            1.89       0          0          0          0
214-1            1.94       0          0          0          0
215-1            1.96       0          0          0          0
223-1            1.84       0          0          0          0
225-1            1.83       0          0          0          0
224-1            1.84       0          0          0          0
234-1            1.76       0          0          0          0
233-1            1.65       0          0          0          0
232-1            1.67       0          0          0          0
216-1            1.98       0          0          0          0
244-1            2.13       0          0          0          0
138-1            1.92       0          0          0          0
686              1.87       0          0          0          0

[CONDUITS]
;;Name           From             To               Length     Roughness  InOffset   OutOffset  InitFlow   MaxFlow
;;-------------- ---------------- ---------------- ---------- ---------- ---------- ---------- ---------- ----------
109              109-1            111-1            109.00     0.0130     -0.82      -0.98      0          0
155              155-1            168-1            84.00      0.0130     -2.26      -2.32      0          0
168              168-1            175-1            41.00      0.0130     -2.42      -2.44      0          0
190              190-1            197-1            52.00      0.0130     -2.78      -2.82      0          0
197              197-1            1-1              68.00      0.0130     -2.92      -2.97      0          0
2                2-1              3-1              61.00      0.0130     -3.42      -3.47      0          0
3                3-1              4-1              36.00      0.0130     -3.49      -3.51      0          0
4                4-1              5-1              24.00      0.0130     -3.53      -3.55      0          0
5                5-1              6-1              34.00      0.0130     -3.57      -3.59      0          0
6                6-1              7-1              25.00      0.0130     -3.61      -3.63      0          0
7                7-1              8-1              28.00      0.0130     -3.65      -3.67      0          0
8                8-1              9-1              37.00      0.0130     -3.69      -3.72      0          0
9                9-1              10-1             56.00      0.0130     -4.02      -4.06      0          0
10               10-1             11-1             28.00      0.0130     -4.08      -4.10      0          0
11               11-1             12-1             277.00     0.0130     -4.12      -4.31      0          0
120              120-1            122-1            160.00     0.0130     -0.16      -0.46      0          0
143              143-1            155-1            5.00       0.0130     -1.28      -1.28      0          0
165              165-1            168-1            5.00       0.0130     -0.42      -0.43      0          0
189              189-1            190-1            70.00      0.0130     -0.19      -0.27      0          0
264              264-1            9-1              117.00     0.0130     -0.40      -0.58      0          0
244              244-1            246-1            76.00      0.0130     0.44       0.24       0          0
246              246-1            248-1            87.00      0.0130     -0.01      -0.14      0          0
248              248-1            251-1            62.00      0.0130     -0.34      -0.42      0          0
251              251-1            253-1            61.00      0.0130     -1.03      -1.09      0          0
253              253-1            258-1            57.00      0.0130     -1.53      -1.57      0          0
239              239-1            241-1            91.00      0.0130     -0.33      -0.46      0          0
241              241-1            243-1            77.00      0.0130     -0.71      -0.81      0          0
243              243-1            253-1            129.00     0.0130     -1.01      -1.14      0          0
256              256-1            258-1            142.00     0.0130     -0.47      -0.69      0          0
222              222-1            5-1              6.00       0.0130     -0.40      -0.41      0          0
194              194-1            196-1            65.00      0.0130     -0.27      -0.36      0          0
196              196-1            197-1            69.00      0.0130     -0.46      -0.55      0          0
188              188-1            189-1            69.00      0.0130     0.01       -0.09      0          0
186              186-1            188-1            80.00      0.0130     0.36       0.21       0          0
113              113-1            122-1            117.00     0.0130     -1.53      -1.63      0          0
111              111-1            113-1            6.00       0.0130     -1.38      -1.38      0          0
141              141-1            143-1            4.00       0.0130     -1.25      -1.26      0          0
139              139-1            141-1            114.00     0.0130     -1.02      -1.16      0          0
164              164-1            165-1            21.00      0.0130     -0.38      -0.40      0          0
161              161-1            164-1            15.00      0.0130     -0.26      -0.28      0          0
159              159-1            161-1            69.00      0.0130     0.13       0.02       0          0
157              157-1            159-1            47.00      0.0130     0.45       0.36       0          0
192              192-1            194-1            89.00      0.0130     0.10       -0.07      0          0
220              220-1            222-1            33.00      0.0130     -0.23      -0.30      0          0
258              258-1            261-1            136.00     0.0130     -1.73      -1.82      0          0
261              261-1            9-1              5.00       0.0130     -1.84      -1.84      0          0
106              106-1            109-1            47.00      0.0130     -0.28      -0.42      0          0
117              117-1            118-1            2.00       0.0130     -0.03      -0.04      0          0
181              181-1            182-1            49.00      0.0130     0.32       0.20       0          0
185              185-1            186-1            44.00      0.0130     0.69       0.56       0          0
191              191-1            192-1            49.00      0.0130     0.45       0.30       0          0
187              187-1            188-1            49.00      0.0130     0.96       0.76       0          0
202              202-1            203-1            53.00      0.0130     0.63       0.44       0          0
212              212-1            213-1            47.00      0.0130     0.11       0.02       0          0
219              219-1            220-1            56.00      0.0130     0.53       0.31       0          0
252              252-1            253-1            63.00      0.0130     0.21       0.03       0          0
237              237-1            239-1            82.00      0.0130     -0.01      -0.14      0          0
240              240-1            241-1            49.00      0.0130     0.01       -0.16      0          0
242              242-1            243-1            68.00      0.0130     0.19       -0.05      0          0
249              249-1            250-1            83.00      0.0130     -0.13      -0.33      0          0
250              250-1            251-1            51.00      0.0130     -0.43      -0.53      0          0
172              172-1            174-1            39.00      0.0130     0.48       0.31       0          0
110              110-1            111-1            68.00      0.0130     -0.09      -0.29      0          0
101              101-1            102-1            35.00      0.0130     0.00       -0.08      0          0
102              102-1            104-1            35.00      0.0130     -0.28      -0.35      0          0
103              103-1            104-1            39.00      0.0130     0.11       -0.05      0          0
104              104-1            111-1            195.00     0.0130     -0.57      -0.84      0          0
124              124-1            126-1            59.00      0.0130     0.27       0.03       0          0
116              116-1            117-1            43.00      0.0130     0.16       -0.01      0          0
135              135-1            137-1            28.00      0.0130     -0.51      -0.56      0          0
134              134-1            135-1            77.00      0.0130     -0.22      -0.41      0          0
129              129-1            130-1            23.00      0.0130     0.30       0.20       0          0
128              128-1            130-1            36.00      0.0130     0.42       0.26       0          0
153              153-1            154-1            80.00      0.0130     0.43       0.15       0          0
121              121-1            122-1            148.00     0.0130     -0.04      -0.49      0          0
149              149-1            151-1            53.00      0.0130     0.25       0.01       0          0
151              151-1            152-1            64.00      0.0130     -0.24      -0.39      0          0
148              148-1            152-1            27.00      0.0130     0.08       0.01       0          0
146              146-1            148-1            64.00      0.0130     0.41       0.18       0          0
145              145-1            146-1            10.00      0.0130     0.55       0.51       0          0
150              150-1            151-1            49.00      0.0130     0.68       0.51       0          0
144              144-1            146-1            11.00      0.0130     0.74       0.69       0          0
156              156-1            157-1            60.00      0.0130     0.70       0.55       0          0
173              173-1            174-1            30.00      0.0130     0.51       0.38       0          0
163              163-1            164-1            57.00      0.0130     0.23       0.12       0          0
162              162-1            163-1            53.00      0.0130     0.58       0.43       0          0
169              169-1            171-1            43.00      0.0130     0.46       0.29       0          0
170              170-1            171-1            36.00      0.0130     0.51       0.35       0          0
171              171-1            175-1            3.00       0.0130     0.24       0.23       0          0
178              178-1            179-1            76.00      0.0130     0.06       -0.07      0          0
177              177-1            178-1            80.00      0.0130     0.31       0.16       0          0
176              176-1            177-1            77.00      0.0130     0.83       0.56       0          0
180              180-1            181-1            83.00      0.0130     0.67       0.42       0          0
184              184-1            190-1            67.00      0.0130     -2.63      -2.68      0          0
175              175-1            184-1            100.00     0.0130     -2.46      -2.54      0          0
183              183-1            184-1            12.00      0.0130     0.68       0.62       0          0
179              179-1            184-1            14.00      0.0130     -0.09      -0.11      0          0
269              269-1            270-1            22.00      0.0130     0.69       0.59       0          0
268              268-1            270-1            49.00      0.0130     0.19       -0.03      0          0
236              236-1            237-1            51.00      0.0130     0.52       0.34       0          0
238              238-1            239-1            25.00      0.0130     0.52       0.42       0          0
245              245-1            246-1            65.00      0.0130     0.74       0.55       0          0
114              114-1            115-1            40.00      0.0130     0.18       0.00       0          0
112              112-1            113-1            80.00      0.0130     0.15       -0.09      0          0
125              125-1            126-1            16.00      0.0130     0.38       0.31       0          0
174              174-1            175-1            2.00       0.0130     0.26       0.25       0          0
167              167-1            168-1            4.00       0.0130     0.26       0.25       0          0
166              166-1            167-1            44.00      0.0130     0.48       0.28       0          0
122              122-1            131-1            33.00      0.0130     -1.77      -1.80      0          0
131              131-1            155-1            84.00      0.0130     -1.95      -2.01      0          0
154              154-1            155-1            42.00      0.0130     -0.74      -0.80      0          0
123              123-1            126-1            72.00      0.0130     0.56       0.27       0          0
126              126-1            131-1            4.00       0.0130     -0.12      -0.13      0          0
130              130-1            131-1            5.00       0.0130     -0.15      -0.16      0          0
127              127-1            130-1            82.00      0.0130     0.14       -0.10      0          0
115              115-1            118-1            4.00       0.0130     -0.02      -0.04      0          0
118              118-1            119-1            99.00      0.0130     -0.39      -0.57      0          0
119              119-1            122-1            102.00     0.0130     -0.67      -0.84      0          0
136              136-1            137-1            54.00      0.0130     0.43       0.27       0          0
133              133-1            134-1            24.00      0.0130     0.37       0.26       0          0
132              132-1            134-1            41.00      0.0130     0.21       0.03       0          0
140              140-1            141-1            117.00     0.0130     0.20       -0.10      0          0
142              142-1            143-1            44.00      0.0130     0.48       0.28       0          0
108              108-1            109-1            16.00      0.0130     0.51       0.44       0          0
105              105-1            106-1            38.00      0.0130     -0.03      -0.18      0          0
107              107-1            109-1            20.00      0.0130     0.35       0.30       0          0
158              158-1            159-1            36.00      0.0130     0.67       0.53       0          0
160              160-1            161-1            116.00     0.0130     0.42       0.14       0          0
147              147-1            148-1            64.00      0.0130     0.58       0.32       0          0
152              152-1            154-1            34.00      0.0130     -0.59      -0.65      0          0
182              182-1            184-1            139.00     0.0130     -0.00      -0.22      0          0
193              193-1            194-1            60.00      0.0130     0.95       0.74       0          0
235              235-1            237-1            82.00      0.0130     0.63       0.42       0          0
247              247-1            248-1            109.00     0.0130     0.18       -0.03      0          0
257              257-1            258-1            59.00      0.0130     0.71       0.47       0          0
254              254-1            256-1            55.00      0.0130     0.08       -0.12      0          0
255              255-1            256-1            27.00      0.0130     0.34       0.22       0          0
195              195-1            196-1            59.00      0.0130     0.81       0.57       0          0
201              201-1            1-1              47.00      0.0130     0.23       0.14       0          0
200              200-1            201-1            19.00      0.0130     0.43       0.38       0          0
198              198-1            200-1            51.00      0.0130     0.78       0.60       0          0
207              207-1            208-1            37.00      0.0130     0.06       -0.01      0          0
208              208-1            209-1            37.00      0.0130     -0.11      -0.17      0          0
204              204-1            207-1            33.00      0.0130     0.73       0.58       0          0
203              203-1            207-1            4.00       0.0130     0.42       0.41       0          0
205              205-1            207-1            7.00       0.0130     0.36       0.34       0          0
206              206-1            205-1            53.00      0.0130     0.57       0.36       0          0
210              210-1            211-1            47.00      0.0130     0.65       0.48       0          0
211              211-1            212-1            49.00      0.0130     0.38       0.26       0          0
213              213-1            3-1              4.00       0.0130     -0.00      -0.01      0          0
209              209-1            2-1              8.00       0.0130     -0.19      -0.21      0          0
1                1-1              2-1              55.00      0.0130     -3.37      -3.40      0          0
199              199-1            200-1            23.00      0.0130     0.73       0.63       0          0
218              218-1            220-1            9.00       0.0130     -0.11      -0.13      0          0
217              217-1            218-1            96.00      0.0130     0.14       -0.09      0          0
12               12-1             630              13.00      0.0130     -4.33      -4.34      0          0
270              270-1            10-1             5.00       0.0130     -0.48      -0.49      0          0
267              267-1            270-1            55.00      0.0130     -0.07      -0.17      0          0
265              265-1            266-1            43.00      0.0130     0.35       0.24       0          0
262              262-1            264-1            62.00      0.0130     0.29       0.11       0          0
263              263-1            264-1            58.00      0.0130     0.16       -0.04      0          0
266              266-1            267-1            60.00      0.0130     0.06       -0.05      0          0
259              259-1            261-1            72.00      0.0130     0.35       0.10       0          0
227              227-1            229-1            50.00      0.0130     0.27       0.09       0          0
228              228-1            229-1            57.00      0.0130     0.15       -0.08      0          0
229              229-1            231-1            26.00      0.0130     -0.38      -0.43      0          0
226              226-1            229-1            60.00      0.0130     0.31       0.07       0          0
230              230-1            231-1            56.00      0.0130     0.26       0.01       0          0
260              260-1            261-1            53.00      0.0130     0.14       -0.10      0          0
221              221-1            222-1            51.00      0.0130     0.41       0.18       0          0
223              223-1            225-1            26.00      0.0130     0.36       0.24       0          0
224              224-1            225-1            7.00       0.0130     0.36       0.33       0          0
225              225-1            6-1              5.00       0.0130     0.23       0.20       0          0
234              234-1            7-1              6.00       0.0130     0.06       0.03       0          0
233              233-1            234-1            21.00      0.0130     0.17       0.08       0          0
231              231-1            7-1              4.00       0.0130     -0.45      -0.46      0          0
232              232-1            234-1            23.00      0.0130     0.19       0.09       0          0
137              137-1            139-1            112.00     0.0130     -0.76      -0.92      0          0
214              214-1            216-1            25.00      0.0130     0.46       0.35       0          0
216              216-1            4-1              4.00       0.0130     0.30       0.28       0          0
215              215-1            216-1            17.00      0.0130     0.48       0.41       0          0
138              138-1            139-1            4.00       0.0130     0.43       0.41       0          0

[PUMPS]
;;Name           From             To               PumpCurve  Status   Startup    Shutoff
;;-------------- ---------------- ---------------- ---------- -------- ---------- ----------
887.1            630              686              PC_887.1   ON       -1.50      -4.18     

[CURVES]
;;Name           Type       X-Value    Y-Value
;;-------------- ---------- ---------- ----------
PC_887.1         Pump4      0          0
;

[XSECTIONS]
;;Link           Shape        Geom1      Geom2      Geom3      Geom4      Barrels
;;-------------- ------------ ---------- ---------- ---------- ---------- ----------
109              CIRCULAR     0.80       0          0          0          1
155              CIRCULAR     1.90       0          0          0          1
168              CIRCULAR     2.00       0          0          0          1
190              CIRCULAR     2.20       0          0          0          1
197              CIRCULAR     2.30       0          0          0          1
2                CIRCULAR     2.50       0          0          0          1
3                CIRCULAR     2.50       0          0          0          1
4                CIRCULAR     2.50       0          0          0          1
5                CIRCULAR     2.50       0          0          0          1
6                CIRCULAR     2.50       0          0          0          1
7                CIRCULAR     2.50       0          0          0          1
8                CIRCULAR     2.50       0          0          0          1
9                CIRCULAR     2.80       0          0          0          1
10               CIRCULAR     2.80       0          0          0          1
11               CIRCULAR     2.70       0          0          0          1
120              CIRCULAR     0.60       0          0          0          1
143              CIRCULAR     1.00       0          0          0          1
165              CIRCULAR     1.00       0          0          0          1
189              CIRCULAR     0.90       0          0          0          1
264              CIRCULAR     0.70       0          0          0          1
244              CIRCULAR     0.45       0          0          0          1
246              CIRCULAR     0.70       0          0          0          1
248              CIRCULAR     0.90       0          0          0          1
251              CIRCULAR     1.10       0          0          0          1
253              CIRCULAR     1.50       0          0          0          1
239              CIRCULAR     0.80       0          0          0          1
241              CIRCULAR     0.90       0          0          0          1
243              CIRCULAR     1.10       0          0          0          1
256              CIRCULAR     0.70       0          0          0          1
222              CIRCULAR     0.70       0          0          0          1
194              CIRCULAR     0.80       0          0          0          1
196              CIRCULAR     0.90       0          0          0          1
188              CIRCULAR     0.80       0          0          0          1
186              CIRCULAR     0.60       0          0          0          1
113              CIRCULAR     1.35       0          0          0          1
111              CIRCULAR     1.20       0          0          0          1
141              CIRCULAR     1.00       0          0          0          1
139              CIRCULAR     0.90       0          0          0          1
164              CIRCULAR     1.00       0          0          0          1
161              CIRCULAR     0.90       0          0          0          1
159              CIRCULAR     0.70       0          0          0          1
157              CIRCULAR     0.60       0          0          0          1
192              CIRCULAR     0.60       0          0          0          1
220              CIRCULAR     0.60       0          0          0          1
258              CIRCULAR     1.65       0          0          0          1
261              CIRCULAR     1.65       0          0          0          1
106              CIRCULAR     0.40       0          0          0          1
117              CIRCULAR     0.30       0          0          0          1
181              CIRCULAR     0.50       0          0          0          1
185              CIRCULAR     0.40       0          0          0          1
191              CIRCULAR     0.40       0          0          0          1
187              CIRCULAR     0.30       0          0          0          1
202              CIRCULAR     0.35       0          0          0          1
212              CIRCULAR     0.60       0          0          0          1
219              CIRCULAR     0.30       0          0          0          1
252              CIRCULAR     0.40       0          0          0          1
237              CIRCULAR     0.70       0          0          0          1
240              CIRCULAR     0.35       0          0          0          1
242              CIRCULAR     0.35       0          0          0          1
249              CIRCULAR     0.50       0          0          0          1
250              CIRCULAR     0.60       0          0          0          1
172              CIRCULAR     0.25       0          0          0          1
110              CIRCULAR     0.40       0          0          0          1
101              CIRCULAR     0.50       0          0          0          1
102              CIRCULAR     0.60       0          0          0          1
103              CIRCULAR     0.30       0          0          0          1
104              CIRCULAR     0.80       0          0          0          1
124              CIRCULAR     0.30       0          0          0          1
116              CIRCULAR     0.30       0          0          0          1
135              CIRCULAR     0.60       0          0          0          1
134              CIRCULAR     0.50       0          0          0          1
129              CIRCULAR     0.25       0          0          0          1
128              CIRCULAR     0.25       0          0          0          1
153              CIRCULAR     0.35       0          0          0          1
121              CIRCULAR     0.40       0          0          0          1
149              CIRCULAR     0.25       0          0          0          1
151              CIRCULAR     0.50       0          0          0          1
148              CIRCULAR     0.45       0          0          0          1
146              CIRCULAR     0.35       0          0          0          1
145              CIRCULAR     0.25       0          0          0          1
150              CIRCULAR     0.35       0          0          0          1
144              CIRCULAR     0.25       0          0          0          1
156              CIRCULAR     0.50       0          0          0          1
173              CIRCULAR     0.25       0          0          0          1
163              CIRCULAR     0.60       0          0          0          1
162              CIRCULAR     0.40       0          0          0          1
169              CIRCULAR     0.30       0          0          0          1
170              CIRCULAR     0.25       0          0          0          1
171              CIRCULAR     0.35       0          0          0          1
178              CIRCULAR     0.70       0          0          0          1
177              CIRCULAR     0.60       0          0          0          1
176              CIRCULAR     0.35       0          0          0          1
180              CIRCULAR     0.40       0          0          0          1
184              CIRCULAR     2.10       0          0          0          1
175              CIRCULAR     2.00       0          0          0          1
183              CIRCULAR     0.25       0          0          0          1
179              CIRCULAR     0.70       0          0          0          1
269              CIRCULAR     0.25       0          0          0          1
268              CIRCULAR     0.25       0          0          0          1
236              CIRCULAR     0.35       0          0          0          1
238              CIRCULAR     0.30       0          0          0          1
245              CIRCULAR     0.40       0          0          0          1
114              CIRCULAR     0.25       0          0          0          1
112              CIRCULAR     0.40       0          0          0          1
125              CIRCULAR     0.25       0          0          0          1
174              CIRCULAR     0.30       0          0          0          1
167              CIRCULAR     0.25       0          0          0          1
166              CIRCULAR     0.25       0          0          0          1
122              CIRCULAR     1.50       0          0          0          1
131              CIRCULAR     1.65       0          0          0          1
154              CIRCULAR     0.80       0          0          0          1
123              CIRCULAR     0.30       0          0          0          1
126              CIRCULAR     0.45       0          0          0          1
130              CIRCULAR     0.45       0          0          0          1
127              CIRCULAR     0.40       0          0          0          1
115              CIRCULAR     0.25       0          0          0          1
118              CIRCULAR     0.60       0          0          0          1
119              CIRCULAR     0.70       0          0          0          1
136              CIRCULAR     0.40       0          0          0          1
133              CIRCULAR     0.25       0          0          0          1
132              CIRCULAR     0.25       0          0          0          1
140              CIRCULAR     0.45       0          0          0          1
142              CIRCULAR     0.25       0          0          0          1
108              CIRCULAR     0.25       0          0          0          1
105              CIRCULAR     0.30       0          0          0          1
107              CIRCULAR     0.45       0          0          0          1
158              CIRCULAR     0.30       0          0          0          1
160              CIRCULAR     0.50       0          0          0          1
147              CIRCULAR     0.30       0          0          0          1
152              CIRCULAR     0.70       0          0          0          1
182              CIRCULAR     0.70       0          0          0          1
193              CIRCULAR     0.35       0          0          0          1
235              CIRCULAR     0.45       0          0          0          1
247              CIRCULAR     0.60       0          0          0          1
257              CIRCULAR     0.30       0          0          0          1
254              CIRCULAR     0.35       0          0          0          1
255              CIRCULAR     0.25       0          0          0          1
195              CIRCULAR     0.30       0          0          0          1
201              CIRCULAR     0.60       0          0          0          1
200              CIRCULAR     0.45       0          0          0          1
198              CIRCULAR     0.35       0          0          0          1
207              CIRCULAR     0.60       0          0          0          1
208              CIRCULAR     0.70       0          0          0          1
204              CIRCULAR     0.25       0          0          0          1
203              CIRCULAR     0.35       0          0          0          1
205              CIRCULAR     0.40       0          0          0          1
206              CIRCULAR     0.30       0          0          0          1
210              CIRCULAR     0.35       0          0          0          1
211              CIRCULAR     0.45       0          0          0          1
213              CIRCULAR     0.60       0          0          0          1
209              CIRCULAR     0.60       0          0          0          1
1                CIRCULAR     2.70       0          0          0          1
199              CIRCULAR     0.25       0          0          0          1
218              CIRCULAR     0.50       0          0          0          1
217              CIRCULAR     0.50       0          0          0          1
12               CIRCULAR     2.70       0          0          0          1
270              CIRCULAR     0.70       0          0          0          1
267              CIRCULAR     0.60       0          0          0          1
265              CIRCULAR     0.45       0          0          0          1
262              CIRCULAR     0.40       0          0          0          1
263              CIRCULAR     0.35       0          0          0          1
266              CIRCULAR     0.60       0          0          0          1
259              CIRCULAR     0.35       0          0          0          1
227              CIRCULAR     0.35       0          0          0          1
228              CIRCULAR     0.30       0          0          0          1
229              CIRCULAR     0.60       0          0          0          1
226              CIRCULAR     0.30       0          0          0          1
230              CIRCULAR     0.25       0          0          0          1
260              CIRCULAR     0.25       0          0          0          1
221              CIRCULAR     0.25       0          0          0          1
223              CIRCULAR     0.25       0          0          0          1
224              CIRCULAR     0.25       0          0          0          1
225              CIRCULAR     0.25       0          0          0          1
234              CIRCULAR     0.25       0          0          0          1
233              CIRCULAR     0.25       0          0          0          1
231              CIRCULAR     0.60       0          0          0          1
232              CIRCULAR     0.25       0          0          0          1
137              CIRCULAR     0.80       0          0          0          1
214              CIRCULAR     0.25       0          0          0          1
216              CIRCULAR     0.30       0          0          0          1
215              CIRCULAR     0.25       0          0          0          1
138              CIRCULAR     0.25       0          0          0          1

[LOSSES]
;;Link           Inlet      Outlet     Average    Flap Gate
;;-------------- ---------- ---------- ---------- ----------
109              0          0          0          NO
155              0          0          0          NO
168              0          0          0          NO
190              0          0          0          NO
197              0          0          0          NO
2                0          0          0          NO
3                0          0          0          NO
4                0          0          0          NO
5                0          0          0          NO
6                0          0          0          NO
7                0          0          0          NO
8                0          0          0          NO
9                0          0          0          NO
10               0          0          0          NO
11               0          0          0          NO
120              0          0          0          NO
143              0          0          0          NO
165              0          0          0          NO
189              0          0          0          NO
264              0          0          0          NO
244              0          0          0          NO
246              0          0          0          NO
248              0          0          0          NO
251              0          0          0          NO
253              0          0          0          NO
239              0          0          0          NO
241              0          0          0          NO
243              0          0          0          NO
256              0          0          0          NO
222              0          0          0          NO
194              0          0          0          NO
196              0          0          0          NO
188              0          0          0          NO
186              0          0          0          NO
113              0          0          0          NO
111              0          0          0          NO
141              0          0          0          NO
139              0          0          0          NO
164              0          0          0          NO
161              0          0          0          NO
159              0          0          0          NO
157              0          0          0          NO
192              0          0          0          NO
220              0          0          0          NO
258              0          0          0          NO
261              0          0          0          NO
106              0          0          0          NO
117              0          0          0          NO
181              0          0          0          NO
185              0          0          0          NO
191              0          0          0          NO
187              0          0          0          NO
202              0          0          0          NO
212              0          0          0          NO
219              0          0          0          NO
252              0          0          0          NO
237              0          0          0          NO
240              0          0          0          NO
242              0          0          0          NO
249              0          0          0          NO
250              0          0          0          NO
172              0          0          0          NO
110              0          0          0          NO
101              0          0          0          NO
102              0          0          0          NO
103              0          0          0          NO
104              0          0          0          NO
124              0          0          0          NO
116              0          0          0          NO
135              0          0          0          NO
134              0          0          0          NO
129              0          0          0          NO
128              0          0          0          NO
153              0          0          0          NO
121              0          0          0          NO
149              0          0          0          NO
151              0          0          0          NO
148              0          0          0          NO
146              0          0          0          NO
145              0          0          0          NO
150              0          0          0          NO
144              0          0          0          NO
156              0          0          0          NO
173              0          0          0          NO
163              0          0          0          NO
162              0          0          0          NO
169              0          0          0          NO
170              0          0          0          NO
171              0          0          0          NO
178              0          0          0          NO
177              0          0          0          NO
176              0          0          0          NO
180              0          0          0          NO
184              0          0          0          NO
175              0          0          0          NO
183              0          0          0          NO
179              0          0          0          NO
269              0          0          0          NO
268              0          0          0          NO
236              0          0          0          NO
238              0          0          0          NO
245              0          0          0          NO
114              0          0          0          NO
112              0          0          0          NO
125              0          0          0          NO
174              0          0          0          NO
167              0          0          0          NO
166              0          0          0          NO
122              0          0          0          NO
131              0          0          0          NO
154              0          0          0          NO
123              0          0          0          NO
126              0          0          0          NO
130              0          0          0          NO
127              0          0          0          NO
115              0          0          0          NO
118              0          0          0          NO
119              0          0          0          NO
136              0          0          0          NO
133              0          0          0          NO
132              0          0          0          NO
140              0          0          0          NO
142              0          0          0          NO
108              0          0          0          NO
105              0          0          0          NO
107              0          0          0          NO
158              0          0          0          NO
160              0          0          0          NO
147              0          0          0          NO
152              0          0          0          NO
182              0          0          0          NO
193              0          0          0          NO
235              0          0          0          NO
247              0          0          0          NO
257              0          0          0          NO
254              0          0          0          NO
255              0          0          0          NO
195              0          0          0          NO
201              0          0          0          NO
200              0          0          0          NO
198              0          0          0          NO
207              0          0          0          NO
208              0          0          0          NO
204              0          0          0          NO
203              0          0          0          NO
205              0          0          0          NO
206              0          0          0          NO
210              0          0          0          NO
211              0          0          0          NO
213              0          0          0          NO
209              0          0          0          NO
1                0          0          0          NO
199              0          0          0          NO
218              0          0          0          NO
217              0          0          0          NO
12               0          0          0          NO
270              0          0          0          NO
267              0          0          0          NO
265              0          0          0          NO
262              0          0          0          NO
263              0          0          0          NO
266              0          0          0          NO
259              0          0          0          NO
227              0          0          0          NO
228              0          0          0          NO
229              0          0          0          NO
226              0          0          0          NO
230              0          0          0          NO
260              0          0          0          NO
221              0          0          0          NO
223              0          0          0          NO
224              0          0          0          NO
225              0          0          0          NO
234              0          0          0          NO
233              0          0          0          NO
231              0          0          0          NO
232              0          0          0          NO
137              0          0          0          NO
214              0          0          0          NO
216              0          0          0          NO
215              0          0          0          NO
138              0          0          0          NO

[COORDINATES]
;;Node           X-Coord            Y-Coord
;;-------------- ------------------ ------------------
111-1            35.80              -223.04           
122-1            27.02              -120.82           
155-1            31.32              -17.77            
109-1            39.10              -295.90           
168-1            50.39              59.97             
175-1            65.99              124.71            
190-1            85.21              295.01            
197-1            94.93              346.14            
1-1              104.42             420.57            
2-1              109.61             482.97            
3-1              119.17             554.50            
4-1              130.01             599.29            
5-1              135.54             636.72            
6-1              141.47             669.56            
7-1              154.92             728.61            
8-1              157.86             770.86            
9-1              160.75             821.43            
10-1             168.18             895.57            
11-1             172.11             945.96            
12-1             194.84             1153.74           
120-1            -107.84            -176.41           
143-1            56.41              -18.24            
152-1            -82.96             -36.04            
165-1            25.84              59.99             
179-1            2.33               216.51            
189-1            -4.19              313.75            
264-1            254.78             815.02            
237-1            -181.61            456.80            
246-1            -84.74             480.57            
248-1            -79.67             587.55            
251-1            -65.91             659.04            
253-1            -51.72             744.94            
258-1            -35.19             832.23            
247-1            -182.28            576.42            
241-1            -199.64            645.63            
243-1            -178.88            756.79            
256-1            -184.86            851.88            
222-1            108.33             639.86            
194-1            -58.01             374.14            
196-1            7.38               363.03            
188-1            -57.32             320.44            
178-1            -68.47             200.30            
182-1            -61.12             265.73            
186-1            -135.90            286.97            
113-1            33.98              -205.34           
141-1            82.41              -16.14            
139-1            137.25             -23.98            
154-1            -42.33             -28.88            
164-1            -9.55              58.22             
161-1            -61.76             52.55             
159-1            -119.18            46.36             
157-1            -123.02            90.59             
192-1            -155.47            362.84            
207-1            10.06              497.64            
220-1            66.07              643.42            
261-1            134.21             822.20            
239-1            -191.69            531.35            
267-1            229.35             889.73            
107-1            39.55              -327.14           
106-1            1.60               -297.93           
115-1            75.84              -203.10           
117-1            133.33             -199.27           
118-1            101.29             -200.84           
116-1            157.55             -197.52           
137-1            137.13             -120.24           
163-1            -12.13             100.86            
177-1            -118.15            187.44            
176-1            -189.12            172.65            
181-1            -112.94            252.65            
185-1            -173.75            262.00            
191-1            -198.47            352.83            
187-1            -50.63             285.18            
203-1            -21.90             504.00            
202-1            -66.42             513.22            
204-1            1.46               468.70            
212-1            33.37              566.28            
213-1            90.43              558.84            
219-1            49.16              582.07            
218-1            16.12              652.75            
217-1            -52.33             660.32            
140-1            148.58             7.03              
229-1            93.13              733.56            
227-1            26.83              739.97            
252-1            7.43               741.23            
236-1            -226.63            443.60            
238-1            -227.72            523.64            
240-1            -251.28            631.86            
242-1            -230.05            760.70            
235-1            -161.57            387.95            
255-1            -195.28            909.87            
257-1            -23.86             891.60            
249-1            -186.95            651.60            
250-1            -155.24            668.20            
263-1            250.81             775.81            
262-1            263.50             867.37            
266-1            263.59             886.72            
121-1            -91.48             -142.36           
130-1            60.52              -77.22            
127-1            60.95              -42.98            
172-1            85.21              97.78             
174-1            90.07              123.52            
104-1            -51.60             -290.31           
173-1            93.85              153.35            
110-1            118.50             -218.31           
114-1            45.01              -205.69           
135-1            158.67             -143.82           
133-1            204.02             -196.46           
101-1            -65.27             -341.27           
102-1            -65.03             -313.94           
103-1            -120.34            -295.57           
112-1            -32.54             -248.58           
126-1            13.95              -75.15            
124-1            18.46              -32.21            
134-1            189.94             -196.41           
129-1            52.60              -105.30           
128-1            86.52              -86.22            
153-1            -42.80             -83.47            
149-1            -82.17             -116.70           
151-1            -81.22             -80.32            
148-1            -138.49            -41.39            
147-1            -194.94            -34.82            
146-1            -163.77            -64.59            
145-1            -212.77            -51.42            
144-1            -206.13            -88.43            
150-1            -147.31            -86.93            
158-1            -153.67            43.20             
156-1            -126.63            130.91            
162-1            -13.83             135.74            
169-1            43.81              156.19            
171-1            38.35              125.91            
170-1            32.66              97.78             
180-1            -170.85            189.27            
184-1            77.49              230.18            
183-1            58.75              207.95            
270-1            192.32             891.85            
269-1            196.58             934.52            
268-1            187.33             865.30            
245-1            -86.28             414.93            
198-1            -69.20             443.74            
125-1            10.05              -101.69           
167-1            83.56              58.91             
166-1            59.13              28.43             
131-1            29.01              -69.63            
123-1            -13.21             -79.86            
119-1            94.34              -130.40           
136-1            108.86             -126.46           
132-1            167.45             -196.87           
142-1            71.62              17.49             
108-1            64.48              -294.01           
105-1            -37.31             -305.36           
160-1            -134.55            -26.98            
193-1            -58.65             334.48            
254-1            -172.61            773.08            
195-1            4.04               415.84            
199-1            -1.18              457.34            
201-1            28.94              430.20            
200-1            -6.64              435.51            
208-1            55.51              489.98            
209-1            91.80              485.85            
205-1            22.30              515.35            
206-1            39.38              553.50            
210-1            -60.48             584.19            
211-1            -15.65             575.96            
226-1            78.47              657.90            
228-1            116.90             808.34            
630              220.80             1189.45           
265-1            270.42             934.83            
259-1            138.47             873.28            
231-1            132.90             729.52            
230-1            122.91             688.03            
260-1            133.34             779.70            
221-1            93.89              577.31            
214-1            151.53             560.98            
215-1            163.86             625.09            
223-1            159.35             637.09            
225-1            166.23             668.55            
224-1            171.92             690.58            
234-1            181.89             729.52            
233-1            186.63             762.16            
232-1            171.92             700.14            
216-1            158.03             594.71            
244-1            -170.97            459.85            
138-1            161.22             -16.83            
686              248.15             1310.86           

[MAP]
DIMENSIONS -251.28 -341.27 270.42 1310.86
Units      None

[REPORT]
INPUT            YES
SUBCATCHMENTS    ALL
NODES            ALL
LINKS            ALL



