;; SWMM5 .inp converted from XPSWMM .xp file
;; Generated by XPSWMM Card Reader
;; Source format: XP_CARD | Original title: ALLENS CREEK EXTRAN WATERSHED MANAGEMENT STUDY

[TITLE]
;;Project Title/Notes
ALLENS CREEK EXTRAN WATERSHED MANAGEMENT STUDY

[OPTIONS]
FLOW_UNITS           CFS
INFILTRATION         HORTON
FLOW_ROUTING         DYNWAVE
LINK_OFFSETS         DEPTH
MIN_SLOPE            0.0
ALLOW_PONDING        NO
SKIP_STEADY_STATE    NO
ROUTING_STEP         00:00:20
VARIABLE_STEP        0.75
INERTIAL_DAMPING     PARTIAL
NORMAL_FLOW_LIMITED  BOTH
MAX_TRIALS           50

[JUNCTIONS]
;;Name           Elev       MaxDepth   InitDepth  SurDepth   Aponded
;;-------------- ---------- ---------- ---------- ---------- ----------
110              10.50      0          0          0          0
100              10.29      0          0          0          0
20               8.60       0          5.97       0          0
270              8.00       0          1.91       0          0
80               5.00       0          7.97       0          0
320              10.00      0          4.17       0          0
230              8.00       0          2.64       0          0
160              8.00       0          5.77       0          0
30               5.70       0          7.85       0          0
170              6.50       0          11.67      0          0
240              11.72      0          0          0          0
70               5.40       0          3.77       0          0
190              6.00       0          3.44       0          0
40               13.00      0          0          0          0
50               13.90      0          0          0          0
130              9.66       0          0          0          0
210              6.38       0          3.13       0          0
200              6.23       0          3.47       0          0
281              6.85       0          1.11       0          0
271              8.00       0          1.81       0          0
940              8.00       0          7.87       0          0
920              8.00       0          4.17       0          0
930              6.00       0          4.97       0          0
980              6.50       0          11.67      0          0
171              7.00       0          6.81       0          0
970              5.00       0          3.47       0          0
31               7.60       0          7.85       0          0
220              8.19       0          2.47       0          0
101              10.29      0          0.97       0          0
102              10.25      0          1.47       0          0
91               6.56       0          12.77      0          0
331              8.83       0          0.67       0          0
outfall          8.60       0          6.07       0          0
121              11.00      0          0          0          0
122              11.50      0          0          0          0
151              16.57      0          0          0          0
152              16.57      0          0          0          0
153              16.50      0          0          0          0
154              16.50      0          0          0          0
141              16.30      0          0          0          0
142              13.84      0          0          0          0
143              13.84      0          0          0          0
144              15.10      0          0          0          0
145              15.10      0          0          0          0
146              15.80      0          0          0          0
147              15.80      0          0          0          0
131              9.66       0          0.15       0          0
132              5.00       0          2.57       0          0
133              4.90       0          2.27       0          0
261              23.00      0          0          0          0
262              23.10      0          0          0          0
263              22.70      0          0          0          0
264              22.50      0          0          0          0
265              19.35      0          0          0          0
251              16.58      0          0.57       0          0
252              15.30      0          1.60       0          0
253              14.50      0          0          0          0
254              13.90      0          0          0          0
255              12.80      0          0          0          0
241              8.00       0          0          0          0
291              23.75      0          0.49       0          0
292              23.75      0          0          0          0
293              21.00      0          0.90       0          0
294              21.00      0          0          0          0
295              18.00      0          0.38       0          0
296              18.00      0          0          0          0
297              18.00      0          0          0          0
181              7.04       0          3.11       0          0
51               13.90      0          0          0          0

[STORAGE]
;;Name           Elev       MaxDepth   InitDepth  Shape      Curve/Params
;;-------------- ---------- ---------- ---------- ---------- ----------
550              12.50      0          0          FUNCTIONAL 0 0          0
290              23.26      0          0          FUNCTIONAL 0 0          0
310              8.50       0          0.67       FUNCTIONAL 100.00 0          0
90               6.86       0          2.18       FUNCTIONAL 0 0          0
280              8.85       0          0.19       FUNCTIONAL 0 0          0
300              8.50       0          0.77       FUNCTIONAL 100.00 0          0
520              22.00      0          0          FUNCTIONAL 0 0          0
260              25.08      0          0          FUNCTIONAL 0 0          0
250              16.38      0          0          FUNCTIONAL 0 0          0
180              8.64       0          2.47       FUNCTIONAL 0 0          0
530              9.86       0          0          FUNCTIONAL 0 0          0
60               15.00      0          0          FUNCTIONAL 0 0          0
140              16.50      0          0          FUNCTIONAL 0 0          0
540              16.57      0          3.76       FUNCTIONAL 0 0          0
282              6.20       0          1.57       FUNCTIONAL 0 0          0
120              12.00      0          0          FUNCTIONAL 0 0          0
111              10.29      0          0          FUNCTIONAL 0 0          0

[CONDUITS]
;;Name           From             To               Length     Roughness  InOffset   OutOffset  InitFlow   MaxFlow
;;-------------- ---------------- ---------------- ---------- ---------- ---------- ---------- ---------- ----------
950101           281              282              505.00     0          -0.14      -0.60      0          0
950102           282              270              505.00     0          -0.60      -0.94      0          0
950001           271              940              3300.00    0          -0.84      -6.90      0          0
913200           940              920              435.00     0          -6.90      -3.20      0          0
913100           920              230              3400.00    0          -3.20      -1.67      0          0
910700           230              930              1700.00    0          -1.67      -4.00      0          0
913000           930              190              1300.00    0          -4.00      -2.47      0          0
910500           190              980              800.00     0          -2.47      -10.70     0          0
912900           980              170              670.00     0          -10.70     -10.70     0          0
910400           171              160              1005.00    0          -5.84      -4.80      0          0
910300           160              970              1425.00    0          -4.80      -2.50      0          0
912800           970              70               350.00     0          -2.50      -2.80      0          0
910200           70               30               1130.00    0          -2.80      -6.88      0          0
910100           30               31               1435.00    0          -6.88      -6.88      0          0
910101           31               20               1435.00    0          -6.88      -5.00      0          0
911000           320              920              8000.00    0          -3.20      -3.20      0          0
970200           530              220              1000.00    0          1.00       -1.50      0          0
970100           220              210              1000.00    0          -1.50      -2.16      0          0
970000           210              930              300.00     0          -2.16      -4.00      0          0
920201           101              102              850.00     0          0          -0.50      0          0
920202           102              90               875.00     0          -0.50      -1.21      0          0
920101           91               80               2350.00    0          -11.80     -7.00      0          0
920000           80               30               275.00     0          -7.00      -6.88      0          0
911101           331              320              1350.00    0          0.30       -3.20      0          0
910900           310              300              800.00     0.0300     0.30       0.20       0          0
910800           300              320              1600.00    0.0300     0.20       -3.20      0          0
110600a          110600b          930              200.00     0.0130     0          0          0          0
112901           170              171              400.00     0.0065     -10.70     -5.84      0          0
110102           20               outfall          488.00     0.0065     -5.00      -5.10      0          0
120500           550              120              400.00     0.0065     5.00       4.20       0          0
920400           120              121              950.00     0.0300     4.20       3.60       0          0
920401           122              121              800.00     0.0300     5.20       3.60       0          0
920402           121              100              650.00     0.0300     3.60       2.40       0          0
120200           100              101              216.00     0.0065     2.88       2.69       0          0
920300           111              110              850.00     0.0300     4.00       3.00       0          0
920302           111              100              400.00     0.0300     7.50       6.40       0          0
120301           110              101              350.00     0.0065     3.00       1.20       0          0
120100a          120100b          91               200.00     0.0065     0          10.95      0          0
930201           151              152              400.00     0.0300     6.30       6.12       0          0
130202           152              153              300.00     0.0065     6.12       6.29       0          0
930203           153              154              1340.00    0.0300     6.29       5.90       0          0
930204           154              140              600.00     0.0300     5.90       5.70       0          0
130100           140              141              400.00     0.0065     5.70       5.42       0          0
930101           141              142              280.00     0.0150     5.42       6.14       0          0
130102           142              143              480.00     0.0033     6.14       5.96       0          0
930103           143              144              2500.00    0.0300     5.96       4.60       0          0
130104           144              145              224.00     0.0065     5.13       5.13       0          0
930105           145              146              400.00     0          4.40       3.01       0          0
130106           146              147              200.00     0.0065     3.01       3.81       0          0
930107           147              130              1600.00    0          3.81       2.07       0          0
130000a          130000b          131              200.00     0.0065     0          0          0          0
930001           131              132              750.00     0.0300     1.12       -1.30      0          0
930003           133              970              650.00     0          -1.30      -2.50      0          0
940301           261              262              620.00     0.0300     18.66      15.37      0          0
140302           262              263              240.00     0.0065     15.37      15.30      0          0
940303           263              264              480.00     0.0300     15.30      15.00      0          0
940304           264              265              330.00     0.0300     15.00      14.30      0          0
940305           265              250              1550.00    0.0300     14.30      7.51       0          0
940200           520              250              1200.00    0.0300     13.00      8.01       0          0
140100           250              251              408.00     0.0065     7.51       7.48       0          0
940101           251              252              600.00     0.0300     6.30       5.27       0          0
140103           253              254              256.00     0.0065     5.27       5.36       0          0
940104           254              255              630.00     0.0300     3.90       3.00       0          0
940105           255              240              1490.00    0.0300     3.00       1.72       0          0
140000a          140000b          140000c          149.20     0.0065     0          0.27       0          0
940001           241              940              6000.00    0          1.05       -6.90      0          0
150200           290              291              200.00     0.0130     14.26      13.26      0          0
950202           292              293              450.00     0.0300     13.26      5.90       0          0
950204           294              295              550.00     0.0300     6.91       2.46       0          0
150206           296              297              360.00     0.0037     2.46       1.30       0          0
950207           297              280              950.00     0          1.80       0.78       0          0
150100a          150100b          281              228.00     0.0065     0          0          0          0
150000a          150000b          150000c          200.00     0.0065     0          0          0          0
980000           180              181              1000.00    0.0300     -1.50      -2.14      0          0
180001           181              980              160.00     0.0065     -2.14      -2.37      0          0
990200           60               50               2800.00    0.0300     8.00       6.79       0          0
190100a          190100b          51               400.00     0.0046     0          0          0          0
990101           51               40               650.00     0.0300     6.45       1.00       0          0
990000           40               30               1150.00    0.0300     1.00       -6.88      0          0

[WEIRS]
;;Name           From             To               Type       CrestHt    Qcoeff     Gated    EndCon   EndCoeff   Surcharge
;;-------------- ---------------- ---------------- ---------- ---------- ---------- -------- -------- ---------- ----------
MUL8             540              151              TRANSVERSE 10.43      1.840      NO       0        0          YES
MUL9             132              133              TRANSVERSE 1.27       1.840      NO       0        0          YES
MUL10            260              261              TRANSVERSE 19.51      1.840      NO       0        0          YES
MUL11            252              253              TRANSVERSE 6.87       1.840      NO       0        0          YES
MUL12            291              292              TRANSVERSE 13.75      1.840      NO       0        0          YES
MUL13            293              294              TRANSVERSE 6.80       1.840      NO       0        0          YES
MUL14            295              296              TRANSVERSE 2.84       1.840      NO       0        0          YES

[XSECTIONS]
;;Link           Shape        Geom1      Geom2      Geom3      Geom4      Barrels
;;-------------- ------------ ---------- ---------- ---------- ---------- ----------
950101           IRREGULAR    6.80       0          0          0          1
950102           IRREGULAR    6.80       0          0          0          1
950001           IRREGULAR    6.77       0          0          0          1
913200           IRREGULAR    11.20      0          0          0          1
913100           IRREGULAR    7.64       0          0          0          1
910700           IRREGULAR    7.64       0          0          0          1
913000           IRREGULAR    8.47       0          0          0          1
910500           IRREGULAR    8.47       0          0          0          1
912900           IRREGULAR    17.20      0          0          0          1
910400           IRREGULAR    12.80      0          0          0          1
910300           IRREGULAR    7.50       0          0          0          1
912800           IRREGULAR    7.50       0          0          0          1
910200           IRREGULAR    8.20       0          0          0          1
910100           IRREGULAR    12.58      0          0          0          1
910101           IRREGULAR    13.60      0          0          0          1
911000           IRREGULAR    11.20      0          0          0          1
970200           IRREGULAR    8.86       0          0          0          1
970100           IRREGULAR    8.50       0          0          0          1
970000           IRREGULAR    8.47       0          0          0          1
920201           IRREGULAR    10.29      0          0          0          1
920202           IRREGULAR    8.07       0          0          0          1
920101           IRREGULAR    12.00      0          0          0          1
920000           IRREGULAR    12.00      0          0          0          1
911101           IRREGULAR    8.53       0          0          0          1
910900           TRAPEZOIDAL  8.20       200.00     0          0          1
910800           TRAPEZOIDAL  8.30       50.00      0          0          1
110600a          CIRCULAR     4.00       0          0          0          1
112901           RECT_CLOSED  10.00      80.00      0          0          1
110102           RECT_CLOSED  12.60      140.00     0          0          1
120500           CIRCULAR     4.00       0          0          0          1
920400           TRAPEZOIDAL  7.40       20.00      0          0          1
920401           TRAPEZOIDAL  6.30       8.00       0          0          1
920402           TRAPEZOIDAL  7.40       10.00      0          0          1
120200           RECT_CLOSED  4.00       10.00      0          0          1
920300           TRAPEZOIDAL  6.29       10.00      0          0          1
920302           TRAPEZOIDAL  2.00       5.00       0          0          1
120301           RECT_CLOSED  2.50       6.00       0          0          1
120100a          RECT_CLOSED  6.00       8.00       0          0          1
930201           TRAPEZOIDAL  10.20      6.00       0          0          1
130202           CIRCULAR     5.00       0          0          0          1
930203           TRAPEZOIDAL  10.21      8.00       0          0          1
930204           TRAPEZOIDAL  10.55      8.00       0          0          1
130100           CIRCULAR     6.20       0          0          0          1
930101           TRAPEZOIDAL  7.70       6.00       0          0          1
130102           CIRCULAR     6.00       0          0          0          1
930103           TRAPEZOIDAL  7.88       12.00      0          0          1
130104           RECT_CLOSED  6.00       8.00       0          0          1
930105           IRREGULAR    10.70      0          0          0          1
130106           RECT_CLOSED  5.00       12.00      0          0          1
930107           IRREGULAR    7.59       0          0          0          1
130000a          CIRCULAR     6.00       0          0          0          1
930001           TRAPEZOIDAL  6.30       15.00      0          0          1
930003           IRREGULAR    6.20       0          0          0          1
940301           TRAPEZOIDAL  4.34       3.00       0          0          1
140302           CIRCULAR     2.50       0          0          0          1
940303           TRAPEZOIDAL  7.40       4.00       0          0          1
940304           TRAPEZOIDAL  5.05       5.00       0          0          1
940305           TRAPEZOIDAL  5.05       8.00       0          0          1
940200           TRAPEZOIDAL  8.37       6.67       0          0          1
140100           RECT_CLOSED  5.00       6.00       0          0          1
940101           TRAPEZOIDAL  9.00       8.00       0          0          1
140103           RECT_CLOSED  5.10       6.00       0          0          1
940104           TRAPEZOIDAL  9.00       10.00      0          0          1
940105           TRAPEZOIDAL  9.00       12.00      0          0          1
140000a          RECT_CLOSED  3.00       5.00       0          0          1
940001           IRREGULAR    4.77       0          0          0          1
150200           RECT_CLOSED  6.00       6.00       0          0          1
950202           TRAPEZOIDAL  8.66       10.00      0          0          1
950204           TRAPEZOIDAL  12.10      50.00      0          0          1
150206           CIRCULAR     8.00       0          0          0          1
950207           IRREGULAR    8.07       0          0          0          1
150100a          RECT_CLOSED  3.50       8.10       0          0          1
150000a          CIRCULAR     4.00       0          0          0          1
980000           TRAPEZOIDAL  7.87       25.00      0          0          1
180001           RECT_CLOSED  7.70       8.00       0          0          1
990200           TRAPEZOIDAL  7.00       8.00       0          0          1
190100a          CIRCULAR     5.00       0          0          0          1
990101           TRAPEZOIDAL  7.45       6.67       0          0          1
990000           TRAPEZOIDAL  8.00       6.67       0          0          1
MUL8             RECT_OPEN    0          10.00      0          0          
MUL9             RECT_OPEN    0          25.00      0          0          
MUL10            RECT_OPEN    0          4.00       0          0          
MUL11            RECT_OPEN    0          6.00       0          0          
MUL12            RECT_OPEN    0          6.00       0          0          
MUL13            RECT_OPEN    0          6.00       0          0          
MUL14            RECT_OPEN    0          10.00      0          0          

[LOSSES]
;;Link           Inlet      Outlet     Average    Flap Gate
;;-------------- ---------- ---------- ---------- ----------
950101           0          0          0          NO
950102           0          0          0          NO
950001           0          0          0          NO
913200           0          0          0          NO
913100           0          0          0          NO
910700           0          0          0          NO
913000           0          0          0          NO
910500           0          0          0          NO
912900           0          0          0          NO
910400           0          0          0          NO
910300           0          0          0          NO
912800           0          0          0          NO
910200           0          0          0          NO
910100           0          0          0          NO
910101           0          0          0          NO
911000           0          0          0          NO
970200           0          0          0          NO
970100           0          0          0          NO
970000           0          0          0          NO
920201           0          0          0          NO
920202           0          0          0          NO
920101           0          0          0          NO
920000           0          0          0          NO
911101           0          0          0          NO
910900           0          0          0          NO
910800           0          0          0          NO
110600a          0          0          0          NO
112901           0          0          0          NO
110102           0          0          0          NO
120500           0          0          0          NO
920400           0          0          0          NO
920401           0          0          0          NO
920402           0          0          0          NO
120200           0          0          0          NO
920300           0          0          0          NO
920302           0          0          0          NO
120301           0          0          0          NO
120100a          0          0          0          NO
930201           0          0          0          NO
130202           0          0          0          NO
930203           0          0          0          NO
930204           0          0          0          NO
130100           0          0          0          NO
930101           0          0          0          NO
130102           0          0          0          NO
930103           0          0          0          NO
130104           0          0          0          NO
930105           0          0          0          NO
130106           0          0          0          NO
930107           0          0          0          NO
130000a          0          0          0          NO
930001           0          0          0          NO
930003           0          0          0          NO
940301           0          0          0          NO
140302           0          0          0          NO
940303           0          0          0          NO
940304           0          0          0          NO
940305           0          0          0          NO
940200           0          0          0          NO
140100           0          0          0          NO
940101           0          0          0          NO
140103           0          0          0          NO
940104           0          0          0          NO
940105           0          0          0          NO
140000a          0          0          0          NO
940001           0          0          0          NO
150200           0          0          0          NO
950202           0          0          0          NO
950204           0          0          0          NO
150206           0          0          0          NO
950207           0          0          0          NO
150100a          0          0          0          NO
150000a          0          0          0          NO
980000           0          0          0          NO
180001           0          0          0          NO
990200           0          0          0          NO
190100a          0          0          0          NO
990101           0          0          0          NO
990000           0          0          0          NO

[COORDINATES]
;;Node           X-Coord            Y-Coord
;;-------------- ------------------ ------------------
110              -1308884.48        418253.82         
550              -1311792.99        417666.62         
100              -1309511.88        418301.06         
290              -1313908.20        423725.08         
310              -1312374.00        426740.99         
90               -1308383.14        418748.50         
280              -1312073.47        423684.53         
20               -1307739.42        420512.48         
270              -1311335.03        424144.01         
80               -1307727.50        419444.46         
300              -1312747.79        426102.25         
520              -1312485.51        415714.92         
320              -1312806.61        425598.24         
230              -1312164.02        431813.33         
160              -1306191.77        417549.40         
260              -1312718.24        415530.44         
30               -1307179.86        419544.52         
170              -1305759.24        416666.56         
250              -1312635.54        415657.27         
240              -1313971.09        420800.62         
70               -1306744.30        419041.87         
190              -1301656.86        411661.82         
40               -1308237.79        418863.70         
50               -1309647.54        418101.21         
180              -1304348.49        415106.14         
130              -1302430.69        418048.70         
210              -1307381.83        429365.85         
200              -1309222.62        429747.36         
530              -1305120.77        431331.35         
60               -1309713.80        415658.39         
140              -1303810.96        409640.72         
540              -1302978.17        409894.80         
281              -1311887.82        423818.61         
282              -1311678.84        423940.40         
271              -1310927.60        424111.91         
940              -1310326.81        424101.40         
920              -1311635.77        425475.47         
930              -1306624.15        430714.29         
980              -1305557.75        415065.85         
171              -1305933.27        417101.02         
970              -1306472.51        418861.89         
31               -1307661.88        419889.40         
220              -1306314.41        429929.12         
101              -1308459.80        418224.23         
102              -1308427.50        418373.93         
91               -1308233.53        419058.13         
331              -1314148.31        426647.96         
outfall          -1307762.42        420847.49         
120              -1311339.07        417236.72         
121              -1310069.18        417789.47         
122              -1310598.51        419305.26         
111              -1309233.46        418280.94         
151              -1302999.52        410375.11         
152              -1303042.23        410943.95         
153              -1303806.16        410908.25         
154              -1304004.93        410030.65         
141              -1303188.06        409031.04         
142              -1301715.09        410602.45         
143              -1300565.10        410469.89         
144              -1299993.35        410394.96         
145              -1299487.27        410262.40         
146              -1298733.12        410192.41         
147              -1297943.12        410588.03         
131              -1303386.73        418186.87         
132              -1304325.07        418355.16         
133              -1304955.21        418817.46         
261              -1312711.40        415511.65         
262              -1312704.56        415492.86         
263              -1316463.91        415794.93         
264              -1315154.87        415272.96         
265              -1315201.05        417935.58         
251              -1316254.59        417105.55         
252              -1317291.71        417128.39         
253              -1316897.82        418134.03         
254              -1315967.52        421234.08         
255              -1314749.65        421531.49         
241              -1311153.23        424725.28         
291              -1313704.45        423408.94         
292              -1313633.90        423222.78         
293              -1313450.85        423207.68         
294              -1313088.36        423192.57         
295              -1312737.71        423165.00         
296              -1312279.57        423248.07         
297              -1312220.03        423458.78         
181              -1304932.04        415069.11         
51               -1308275.61        418161.06         

[MAP]
DIMENSIONS -1317291.71 409031.04 -1297943.12 431813.33
Units      None

[REPORT]
INPUT            YES
SUBCATCHMENTS    ALL
NODES            ALL
LINKS            ALL



