;; SWMM5 .inp converted from XPSWMM .xp file
;; Generated by XPSWMM Card Reader
;; Source format: XP_CARD | Original title: (none)

[TITLE]
;;Project Title/Notes
Converted from XPSWMM .xp file

[OPTIONS]
FLOW_UNITS           CFS
INFILTRATION         HORTON
FLOW_ROUTING         DYNWAVE
LINK_OFFSETS         DEPTH
MIN_SLOPE            0.0
ALLOW_PONDING        NO
SKIP_STEADY_STATE    NO
ROUTING_STEP         00:00:15
VARIABLE_STEP        0.75
INERTIAL_DAMPING     PARTIAL
NORMAL_FLOW_LIMITED  BOTH
MAX_TRIALS           50
HEAD_TOLERANCE       0.0033

[JUNCTIONS]
;;Name           Elev       MaxDepth   InitDepth  SurDepth   Aponded
;;-------------- ---------- ---------- ---------- ---------- ----------
BA1              0          0          0          0          0
BA2a             0          0          0          0          0
ovfl1a           0          0          0          0          0
BA3              0          0          0          0          0
ovfl2            0          0          0          0          0
BA4a             0          0          0          0          0
BA2b             0          0          0          0          0
BA2c             0          0          0          0          0
BA4b             0          0          0          0          0
ovfl1b           0          0          0          0          0
r365             0          0          0          0          0
CSO              0          0          0          0          0
CSO              0          0          0          0          0
CSO              0          0          0          0          0
CSO              0          0          0          0          0
CSO              0          0          0          0          0
CSO              0          0          0          0          0
A3b              0          0          0          0          0
A1c              0          0          0          0          0
r36              0          0          0          0          0
rNA              0          0          0          0          0
A4               0          0          0          0          0
r24              0          0          0          0          0
r22              0          0          0          0          0
A6e              0          0          0          0          0
A7e              0          0          0          0          0
A8               50.00      0          0          0          0
d15              0          0          0          0          0
r8               0          0          0          0          0
r3               0          0          0          0          0
r3               0          0          0          0          0
CSO              0          0          0          0          0
CSO              0          0          0          0          0
A5               0          0          0          0          0
A2               0          0          0          0          0
A1b              0          0          0          0          0
A3a              0          0          0          0          0
A6a              0          0          0          0          0
A6b              0          0          0          0          0
A6c              0          0          0          0          0
A6d              0          0          0          0          0
A7a              0          0          0          0          0
A7b              0          0          0          0          0
A7c              0          0          0          0          0
A7d              0          0          0          0          0
CSO              0          0          0          0          0
PR1a             0          0          0          0          0
PR1b             0          0          0          0          0
PR1c             0          0          0          0          0
PR1d             0          0          0          0          0
PR1e             0          0          0          0          0
PR1f             0          0          0          0          0
PR2b             0          0          0          0          0
PR2c             0          0          0          0          0
PR2d             0          0          0          0          0
PR2e             0          0          0          0          0
PR2f             0          0          0          0          0
d413             0          0          0          0          0
PRI2b            0          0          0          0          0
PRI3d            0          0          0          0          0
PRI4             0          0          0          0          0
PRI2a            0          0          0          0          0
PRI3a            0          0          0          0          0
PRI3b            0          0          0          0          0
PRI3c            0          0          0          0          0
E2a              0          0          0          0          0
DIV              0          0          0          0          0
CSO              0          0          0          0          0
E3a              0          0          0          0          0
E4               0          0          0          0          0
E5a              0          0          0          0          0
E2b              0          0          0          0          0
E2c              0          0          0          0          0
E2d              0          0          0          0          0
E2e              0          0          0          0          0
E3b              0          0          0          0          0
E5b              0          0          0          0          0
CSO              0          0          0          0          0
CSO              0          0          0          0          0
CSO              0          0          0          0          0
CSO              0          0          0          0          0
CSO              0          0          0          0          0
CSO              0          0          0          0          0
CSO              0          0          0          0          0
CSO              0          0          0          0          0
CSO              0          0          0          0          0
CSO              0          0          0          0          0
C1               0          0          0          0          0
CSO              0          0          0          0          0
CSO              50.00      0          0          0          0
C2b              0          0          0          0          0
C3               0          0          0          0          0
C4               0          0          0          0          0
C5               0          0          0          0          0
C6               0          0          0          0          0
r134             0          0          0          0          0
d131             0          0          0          0          0
d128             0          0          0          0          0
d126             0          0          0          0          0
d122             0          0          0          0          0
C7               0          0          0          0          0
r117             0          0          0          0          0
C8               0          0          0          0          0
d115             0          0          0          0          0
C9               0          0          0          0          0
r111             0          0          0          0          0
C10b             0          0          0          0          0
DC               0          0          0          0          0
C11              0          0          0          0          0
r107             0          0          0          0          0
C12              0          0          0          0          0
C13              0          0          0          0          0
C14              50.00      0          0          0          0
r100             50.00      0          0          0          0
sc               50.00      0          0          0          0
C2a              0          0          0          0          0
C10a             0          0          0          0          0
B6               50.00      0          0          0          0
r37              0          0          0          0          0
CSO              0          0          0          0          0
B5               0          0          0          0          0
d39              0          0          0          0          0
CSO              0          0          0          0          0
B4               0          0          0          0          0
r42              0          0          0          0          0
CSO              0          0          0          0          0
B3               0          0          0          0          0
r47              0          0          0          0          0
cso              0          0          0          0          0
B2               0          0          0          0          0
B1               0          0          0          0          0
r141             0          0          0          0          0
SR               0          0          0          0          0
CSO              0          0          0          0          0
CR2a             0          0          0          0          0
CR2b             0          0          0          0          0
CR4b             0          0          0          0          0
D2               0          0          0          0          0
d2               0          0          0          0          0
D3               0          0          0          0          0
d3               0          0          0          0          0
D6               0          0          0          0          0
r238             0          0          0          0          0
CSO              0          0          0          0          0
D7               0          0          0          0          0
d7               0          0          0          0          0
D1c              0          0          0          0          0
D5               0          0          0          0          0
S2a              0          0          0          0          0
S3a              0          0          0          0          0
S4               0          0          0          0          0
REG              0          0          0          0          0
CSO              0          0          0          0          0
DIV              0          0          0          0          0
CSO              0          0          0          0          0
CSO              0          0          0          0          0
S2b              0          0          0          0          0
S5b              0          0          0          0          0
FR4b             0          0          0          0          0
FR4c             0          0          0          0          0
FR4e             0          0          0          0          0
FR4d             0          0          0          0          0
r1               0          0          0          0          0
CSO              0          0          0          0          0
Sr3              0          0          0          0          0
Sr4              0          0          0          0          0
Sr5              0          0          0          0          0
Sr6              0          0          0          0          0
Sr7              0          0          0          0          0
Sr8              0          0          0          0          0
Sr9              0          0          0          0          0
Sr10             0          0          0          0          0
Sr11             0          0          0          0          0
Sr12             0          0          0          0          0
Sr13             0          0          0          0          0
Sr14             0          0          0          0          0
Sr15             0          0          0          0          0
r360             0          0          0          0          0
Sr16             0          0          0          0          0
Sr17             0          0          0          0          0
Sr18             0          0          0          0          0
Sr19             0          0          0          0          0
Sr20             0          0          0          0          0
Sr21             0          0          0          0          0
Sr22             0          0          0          0          0
Sr23             0          0          0          0          0
Sr24             0          0          0          0          0
CSO              0          0          0          0          0
cso              0          0          0          0          0
CSO              0          0          0          0          0
Ci1              0          0          0          0          0
Ci2              0          0          0          0          0
Ci3              0          0          0          0          0
Ci4              0          0          0          0          0
Ci5              0          0          0          0          0
Ci6              0          0          0          0          0
Ci7              0          0          0          0          0
Ci8              0          0          0          0          0
Ci9              0          0          0          0          0
Ci10             0          0          0          0          0
Ci11             0          0          0          0          0
Ci12             0          0          0          0          0
Ci13             0          0          0          0          0
Ci14             0          0          0          0          0
CSO              0          0          0          0          0
CSO              0          0          0          0          0
CSO              0          0          0          0          0
E3c              0          0          0          0          0
S5a              0          0          0          0          0
GRR              0          0          0          0          0
S2c              0          0          0          0          0
S3b              0          0          0          0          0
ps               50.00      0          0          0          0
pe               30.00      0          0          0          0
r1               0          0          0          0          0
Sr8              0          0          0          0          0
r360             0          0          0          0          0
r134             0          0          0          0          0
d131             0          0          0          0          0
d128             0          0          0          0          0
d126             0          0          0          0          0
d122             0          0          0          0          0
r117             0          0          0          0          0
d115             0          0          0          0          0
r111             0          0          0          0          0
d3s              0          0          0          0          0
d2s              0          0          0          0          0
r107             0          0          0          0          0
r100             50.00      0          0          0          0
d39              0          0          0          0          0
r42              0          0          0          0          0
r47              0          0          0          0          0
r37              0          0          0          0          0
REG              0          0          0          0          0
DIV              0          0          0          0          0
GRR              0          0          0          0          0
r365             0          0          0          0          0
BA1              0          0          0          0          0
r36              0          0          0          0          0
rNA              0          0          0          0          0
r24              0          0          0          0          0
r22              0          0          0          0          0
d15              0          0          0          0          0
d413             0          0          0          0          0
r8               0          0          0          0          0
r3               0          0          0          0          0
dNA              0          0          0          0          0
r238             0          0          0          0          0
B1               0          0          0          0          0
FM1a             30.00      0          0          0          0

[CONDUITS]
;;Name           From             To               Length     Roughness  InOffset   OutOffset  InitFlow   MaxFlow
;;-------------- ---------------- ---------------- ---------- ---------- ---------- ---------- ---------- ----------
p                BA1              BA2a             174.00     0.0130     48.20      47.68      0          0
p                BA1              ovfl1a           174.00     0.0130     48.20      47.99      0          0
p                BA3              BA4a             978.00     0.0130     43.20      40.27      0          0
p                BA2a             BA2b             504.00     0.0130     47.68      46.17      0          0
p                BA2b             BA2c             123.00     0.0130     46.17      46.06      0          0
p                BA2c             BA3              943.00     0.0130     46.06      43.20      0          0
p                BA4a             BA4b             711.00     0.0130     40.27      38.13      0          0
1                BA4b             A1b              400.00     0.0130     38.13      33.90      0          0
p                ovfl1a           ovfl1b           300.00     0.0130     47.99      44.72      0          0
p                ovfl1b           ovfl2            1275.00    0.0130     43.20      32.87      0          0
to               r365             CSO              150.00     0.0130     42.38      38.63      0          0
to               r365             BA4a             89.00      0.0130     46.50      42.38      0          0
to               r36              CSO              75.00      0.0130     44.23      43.48      0          0
to               r36              A1c              140.00     0.0130     44.23      36.98      0          0
to               rNA              CSO              20.00      0.0130     29.50      28.30      0          0
to               rNA              A3b              50.00      0.0130     29.50      28.00      0          0
to               r24              CSO              150.00     0.0130     30.08      29.70      0          0
to               r24              A4               50.00      0.0130     28.75      27.10      0          0
to               r22              CSO              550.00     0.0130     26.93      13.18      0          0
to               r22              A5               50.00      0.0130     26.93      26.08      0          0
to               d15              A6e              50.00      0.0130     24.33      22.46      0          0
to               d15              CSO              70.00      0.0130     25.39      24.89      0          0
to               r8               CSO              260.00     0.0130     10.34      9.40       0          0
to               r8               A7e              50.00      0.0130     9.40       8.13       0          0
to               r3               r3               198.00     0.0130     10.72      9.87       0          0
to               r3               CSO              30.00      0.0130     9.87       9.83       0          0
to               r3               A8               50.00      0.0130     7.40       5.40       0          0
A5-a             A4               A5               1728.00    0.0130     26.82      24.40      0          0
p                A3b              A4               844.00     0.0130     28.00      26.82      0          0
p                A1c              A2               1742.00    0.0130     33.40      29.22      0          0
p                A7e              A8               1036.00    0.0130     6.54       5.40       0          0
p                A1b              A1c              208.00     0.0130     33.90      33.40      0          0
p                A2               A3a              321.00     0.0130     29.22      28.45      0          0
p                A3a              A3b              321.00     0.0130     28.45      28.00      0          0
p                A5               A6a              193.00     0.0130     24.40      24.13      0          0
p                A6a              A6b              20.00      0.0130     24.13      23.82      0          0
p                A6b              A6c              175.00     0.0130     23.82      22.84      0          0
p                A6c              A6d              20.00      0.0130     22.84      22.04      0          0
p                A6d              A6e              480.00     0.0130     22.04      21.32      0          0
p                A6e              A7a              613.00     0.0130     21.32      20.40      0          0
p                A7a              A7b              20.00      0.0130     20.40      18.94      0          0
p                A7b              A7c              530.00     0.0130     18.94      13.64      0          0
pipe             A7c              A7d              655.00     0.0130     13.64      10.04      0          0
p                A7d              A7e              20.00      0.0130     10.04      6.54       0          0
p                PR1a             PR1b             348.00     0.0130     42.10      39.30      0          0
p                PR1b             PR1c             8.00       0.0130     39.30      38.00      0          0
p                PR1c             PR1d             366.00     0.0130     38.00      33.80      0          0
p                PR1d             PR1e             363.00     0.0130     33.70      31.28      0          0
p                PR1e             PR1f             470.00     0.0130     31.25      28.12      0          0
p                PR1f             PR2b             292.00     0.0130     28.12      25.80      0          0
p                PR2b             PR2c             228.00     0.0130     24.00      23.30      0          0
p                PR2c             PR2d             526.00     0.0130     23.30      19.10      0          0
p                PR2d             PR2e             133.00     0.0130     19.10      12.25      0          0
p                PR2e             PR2f             55.00      0.0130     12.25      11.00      0          0
p                PR2f             CSO              470.00     0.0130     11.00      10.00      0          0
p                PRI3d            PRI4             370.00     0.0130     15.24      14.13      0          0
p                PRI4             r8               1262.00    0.0130     14.13      10.34      0          0
to               d413             PR1a             120.00     0.0130     44.26      42.10      0          0
p                d413             PRI2a            250.00     0.0130     43.75      43.00      0          0
p                PRI2a            PRI2b            25.00      0.0130     43.00      42.77      0          0
p                PRI2b            PRI3a            650.00     0.0130     42.77      30.42      0          0
p                PRI3a            PRI3b            725.00     0.0130     30.42      23.90      0          0
p                PRI3b            PRI3c            224.00     0.0130     23.90      19.87      0          0
p                PRI3c            PRI3d            351.00     0.0130     19.87      15.24      0          0
to               DIV              E2a              647.00     0.0130     23.28      22.50      0          0
to               DIV              CSO              24.00      0.0130     23.28      23.08      0          0
p                E4               E5a              520.00     0.0130     12.48      11.96      0          0
p                E2a              E2b              692.00     0.0130     21.50      21.35      0          0
p                E2b              E2c              1904.00    0.0130     21.15      20.24      0          0
p                E2c              E2d              75.00      0.0130     20.24      16.85      0          0
p                E2d              E2e              790.00     0.0130     16.85      16.45      0          0
p                E2e              E3a              408.00     0.0130     16.45      16.25      0          0
p                E3a              E3b              453.00     0.0130     15.78      14.23      0          0
p                E3b              E3c              470.00     0.0130     14.23      12.78      0          0
p                E5a              E5b              496.00     0.0130     11.96      11.52      0          0
p                E5b              r3               209.00     0.0130     11.52      10.72      0          0
p                r141             C1               2308.00    0.0130     13.17      11.32      0          0
p                C2b              C3               223.00     0.0130     10.84      10.71      0          0
p                C3               C4               195.00     0.0130     10.71      10.61      0          0
p                C4               C5               255.00     0.0130     10.61      10.46      0          0
p                C5               C6               278.00     0.0130     10.46      10.31      0          0
to               r134             C2b              20.00      0.0130     14.85      13.87      0          0
to               d131             C3               50.00      0.0130     15.98      14.96      0          0
to               d128             C4               20.00      0.0130     16.65      14.86      0          0
to               d126             C5               3.33       0.0130     15.16      14.71      0          0
to               d122             C6               35.00      0.0130     15.52      14.57      0          0
to               r134             CSO              270.00     0.0130     14.73      12.20      0          0
to               d131             CSO              210.00     0.0130     16.98      14.90      0          0
to               d128             CSO              185.00     0.0130     17.65      14.40      0          0
to               d126             CSO              160.00     0.0130     16.16      13.11      0          0
to               d122             CSO              185.00     0.0130     16.52      12.70      0          0
p                C6               C7               1274.00    0.0130     10.31      9.59       0          0
to               r117             C7               23.00      0.0130     13.10      12.70      0          0
to               r117             CSO              260.00     0.0130     14.02      12.70      0          0
p                C7               C8               968.00     0.0130     9.59       9.01       0          0
to               d115             C8               20.00      0.0130     15.13      12.84      0          0
to               d115             CSO              90.00      0.0130     16.18      14.02      0          0
to               r111             C9               35.00      0.0130     14.70      12.74      0          0
p                C8               C9               268.00     0.0130     9.01       8.85       0          0
to               r111             CSO              220.00     0.0130     15.08      13.90      0          0
p                C10b             C11              340.00     0.0130     7.96       7.74       0          0
siphon           DC               C10b             400.00     0.0130     11.54      9.98       0          0
to               r107             C11              20.00      0.0130     18.30      12.24      0          0
to               C10b             CSO              50.00      0.0130     7.96       7.96       0          0
p                C11              C12              793.00     0.0130     7.74       7.21       0          0
p                C12              C13              262.00     0.0130     7.21       7.04       0          0
p                C13              C14              520.00     0.0130     7.04       6.70       0          0
to               r100             C14              22.00      0.0130     13.60      8.86       0          0
p                C14              sc               568.00     0.0130     6.70       6.32       0          0
to               r107             CSO              500.00     0.0130     19.90      14.65      0          0
to               r100             CSO              22.60      0.0130     14.44      14.12      0          0
sb               sc               ps               347.00     0.0130     3.82       2.89       0          0
cso19            sc               CSO              100.00     0.0130     6.32       6.31       0          0
p                C1               C2a              133.00     0.0130     11.32      10.90      0          0
p                C2a              C2b              20.00      0.0130     10.90      10.84      0          0
p                C9               C10a             825.00     0.0130     8.85       8.36       0          0
p                C10a             C10b             20.00      0.0130     8.36       7.96       0          0
p                B6               sc               525.00     0.0130     7.32       6.32       0          0
to               r37              B6               20.00      0.0130     9.39       8.82       0          0
to               r37              CSO              117.00     0.0130     9.39       8.06       0          0
p                B5               B6               732.00     0.0130     10.35      7.32       0          0
to               d39              CSO              30.00      0.0130     12.30      11.10      0          0
to               d39              B5               50.00      0.0130     12.30      11.30      0          0
p                B4               B5               206.00     0.0130     11.20      10.35      0          0
to               r42              B4               50.00      0.0130     11.38      11.20      0          0
to               r42              CSO              20.00      0.0130     11.38      11.20      0          0
230.1            B3               B4               652.00     0.0130     12.50      11.20      0          0
to               r47              cso              113.00     0.0130     13.49      12.74      0          0
to               r47              B3               51.00      0.0130     13.49      12.50      0          0
p                B1               B2               580.00     0.0130     15.00      14.08      0          0
p                B2               B3               467.00     0.0130     14.08      12.50      0          0
to               r141             CSO              705.00     0.0130     14.89      12.50      0          0
p                SR               r141             100.00     0.0130     18.94      18.61      0          0
p                CR2a             CR2b             202.00     0.0130     17.18      15.50      0          0
p                CR2b             r141             20.00      0.0130     15.50      15.33      0          0
p                CR4b             CR2a             285.00     0.0130     18.41      17.18      0          0
to               r238             CSO              1000.00    0.0130     13.30      8.30       0          0
p                D2               D3               218.00     0.0130     12.53      12.44      0          0
p                D3               D6               605.00     0.0130     12.44      12.20      0          0
to               d3               D3               64.00      0.0130     15.75      14.23      0          0
to               d2               D2               868.00     0.0130     14.04      13.00      0          0
p                D6               D7               309.00     0.0130     12.00      11.79      0          0
to               D7               DC               359.00     0.0130     11.79      11.54      0          0
to               d7               D7               1260.00    0.0130     15.13      13.62      0          0
p                D1c              D2               5880.00    0.0130     14.87      12.53      0          0
p                r238             D5               4.00       0.0130     13.30      13.30      0          0
p                D5               D6               2200.00    0.0130     13.30      12.20      0          0
p                S3a              S3b              770.00     0.0130     29.56      28.02      0          0
p                S4               S5a              1770.00    0.0130     26.56      23.02      0          0
to               GRR              CSO              75.00      0.0130     30.06      28.93      0          0
to               DIV              S4               50.00      0.0130     27.06      26.56      0          0
to               DIV              CSO              50.00      0.0130     27.06      24.56      0          0
to               REG              CSO              50.00      0.0130     23.52      21.52      0          0
p                ovfl2            S2a              751.00     0.0130     37.28      34.61      0          0
p                S2a              S2b              505.00     0.0130     34.61      33.00      0          0
p                S2b              S2c              1135.00    0.0130     33.00      31.75      0          0
p                S5a              S5b              560.00     0.0130     23.02      21.10      0          0
pipe             S5b              B1               453.00     0.0130     21.10      16.10      0          0
p                r360             FR4b             53.00      0.0130     72.60      70.77      0          0
p                FR4b             FR4c             170.00     0.0130     70.77      64.89      0          0
p                FR4c             FR4d             151.00     0.0130     64.39      62.83      0          0
p                FR4d             FR4e             456.00     0.0130     62.53      58.15      0          0
p                FR4e             CSO              108.00     0.0130     57.15      55.64      0          0
to               r1               CSO              60.00      0.0130     117.67     116.86     0          0
p                r1               Sr3              90.00      0.0130     117.67     116.98     0          0
p                Sr3              Sr4              10.00      0.0130     116.98     116.48     0          0
p                Sr4              Sr5              104.00     0.0130     116.48     115.77     0          0
p                Sr5              Sr6              10.00      0.0130     115.77     115.27     0          0
p                Sr6              Sr7              2019.00    0.0130     108.97     102.11     0          0
p                Sr7              Sr8              1114.00    0.0130     102.11     96.18      0          0
p                Sr8              Sr9              10.00      0.0130     97.47      97.36      0          0
p                Sr9              Sr10             242.00     0.0130     97.35      94.60      0          0
816.1            Sr10             Sr11             357.00     0.0130     92.10      89.83      0          0
p                Sr11             Sr12             10.00      0.0130     92.33      91.83      0          0
p                Sr12             Sr13             268.00     0.0130     91.83      90.16      0          0
p                Sr13             Sr14             922.00     0.0130     90.16      84.56      0          0
p                Sr14             Sr15             299.00     0.0130     84.56      82.75      0          0
to               r360             Sr15             24.00      0.0130     78.00      76.42      0          0
p                Sr15             Sr16             276.00     0.0130     73.50      71.55      0          0
p                Sr16             Sr17             271.00     0.0130     71.55      69.36      0          0
p                Sr17             Sr18             842.00     0.0130     69.36      62.56      0          0
p                Sr18             Sr19             794.00     0.0130     62.56      58.34      0          0
p                Sr19             Sr20             1824.00    0.0130     58.34      48.69      0          0
p                Sr20             Sr21             291.00     0.0130     48.69      47.10      0          0
p                Sr21             Sr22             10.00      0.0130     47.10      46.43      0          0
p                Sr22             Sr23             980.00     0.0130     46.43      40.12      0          0
p                Sr23             Sr24             10.00      0.0130     40.12      39.62      0          0
p                Sr24             Ci1              1346.00    0.0130     39.62      31.04      0          0
Ato11th          A8               ps               150.00     0.0130     5.40       5.39       0          0
to               B1               cso              100.00     0.0130     15.00      11.00      0          0
to               Sr8              CSO              100.00     0.0130     96.18      94.18      0          0
p                Ci1              Ci2              230.00     0.0130     30.20      28.71      0          0
p                Ci2              Ci3              5.00       0.0130     28.71      27.71      0          0
p                Ci3              Ci4              210.00     0.0130     27.71      27.29      0          0
p                Ci4              Ci5              242.00     0.0130     27.29      26.80      0          0
p                Ci5              Ci6              230.00     0.0130     26.80      26.32      0          0
p                Ci6              Ci7              368.00     0.0130     26.32      25.54      0          0
p                Ci7              Ci8              182.00     0.0130     25.54      25.15      0          0
p                Ci8              Ci9              317.00     0.0130     25.15      24.52      0          0
p                Ci9              Ci10             354.00     0.0130     24.52      23.81      0          0
p                Ci10             Ci11             716.00     0.0130     23.81      22.31      0          0
p                Ci11             Ci12             348.00     0.0130     22.31      21.58      0          0
p                Ci12             Ci13             500.00     0.0130     21.58      20.49      0          0
p                Ci13             Ci14             195.00     0.0130     20.49      19.26      0          0
p                Ci14             CR4b             265.00     0.0130     19.26      18.41      0          0
to               D7               CSO              50.00      0.0130     11.79      11.79      0          0
to               d3               CSO              880.00     0.0130     14.04      9.64       0          0
p                E3c              E4               62.50      0.0130     12.78      12.48      0          0
to               REG              S5a              50.00      0.0130     23.52      23.02      0          0
to               GRR              S3a              50.00      0.0130     30.06      29.56      0          0
p                S2c              S3a              625.00     0.0130     31.75      29.56      0          0
p                S3b              S4               180.00     0.0130     28.02      26.56      0          0
750              r1               r1               10.00      0.0130     117.70     117.67     0          0
752              Sr8              Sr8              10.00      0.0130     97.50      97.47      0          0
754              r360             r360             10.00      0.0130     78.03      78.00      0          0
762              r134             r134             10.00      0.0130     14.88      14.85      0          0
763              d131             d131             10.00      0.0130     16.01      15.98      0          0
764              d128             d128             10.00      0.0130     17.68      17.65      0          0
765              d126             d126             10.00      0.0130     16.19      16.16      0          0
766              d122             d122             10.00      0.0130     16.55      16.52      0          0
770              r117             r117             10.00      0.0130     14.05      14.02      0          0
771              d115             d115             10.00      0.0130     16.21      16.18      0          0
772              r111             r111             10.00      0.0130     15.11      15.08      0          0
775              d3s              d3               10.00      0.0130     15.78      15.75      0          0
776              d2s              d2               10.00      0.0130     15.78      15.75      0          0
780              r107             r107             10.00      0.0130     19.93      19.90      0          0
782              r100             r100             10.00      0.0130     14.47      14.44      0          0
787              r37              r37              10.00      0.0130     9.42       9.39       0          0
788              d39              d39              10.00      0.0130     12.33      12.30      0          0
789              r42              r42              10.00      0.0130     11.41      11.38      0          0
790              r47              r47              10.00      0.0130     13.52      13.49      0          0
796              REG              REG              10.00      0.0130     23.55      23.52      0          0
797              DIV              DIV              10.00      0.0130     27.09      27.06      0          0
799              GRR              GRR              10.00      0.0130     30.09      30.06      0          0
801              ?                Sr23             10.00      0.0130     46.53      46.50      0          0
803              Node_803         Node_1002201     10.00      0.0130     48.23      48.20      0          0
805              Node_805         Node_1004292     10.00      0.0130     44.26      44.23      0          0
809              Node_809         Node_1006294     10.00      0.0130     29.53      29.50      0          0
810              Node_810         Node_1007297     10.00      0.0130     30.11      30.08      0          0
811              Node_811         Node_1008299     10.00      0.0130     26.96      26.93      0          0
813              Node_813         Node_1012304     10.00      0.0130     25.42      25.39      0          0
815              Node_815         Node_1014402     10.00      0.0130     44.29      44.26      0          0
818              Node_818         Node_1016309     10.00      0.0130     10.37      10.34      0          0
820              Node_820         Node_1019437     10.00      0.0130     23.31      23.28      0          0
821              Node_821         Node_1017311     10.00      0.0130     9.90       9.87       0          0
825              Node_825         Node_1024673     10.00      0.0130     13.33      13.30      0          0
795              ?                Sr17             10.00      0.0130     0          0          0          0
1047.1           pe               FM1a             1197.00    0.0130     18.50      8.92       0          0
to               d2               CSO              1000.00    0.0130     15.75      10.75      0          0

[PUMPS]
;;Name           From             To               PumpCurve  Status   Startup    Shutoff
;;-------------- ---------------- ---------------- ---------- -------- ---------- ----------
no1              no2              no3l             PC_no1     ON       10.25      8.25      

[CURVES]
;;Name           Type       X-Value    Y-Value
;;-------------- ---------- ---------- ----------
PC_no1           Pump3      0          0
;

[XSECTIONS]
;;Link           Shape        Geom1      Geom2      Geom3      Geom4      Barrels
;;-------------- ------------ ---------- ---------- ---------- ---------- ----------
p                CIRCULAR     3.50       0          0          0          1
p                CIRCULAR     1.67       0          0          0          1
p                CIRCULAR     3.50       0          0          0          1
p                CIRCULAR     3.50       0          0          0          1
p                CIRCULAR     3.50       0          0          0          1
p                CIRCULAR     3.50       0          0          0          1
p                CIRCULAR     3.50       0          0          0          1
1                CIRCULAR     3.24       0          0          0          1
p                CIRCULAR     1.67       0          0          0          1
p                CIRCULAR     1.67       0          0          0          1
to               CIRCULAR     6.00       0          0          0          1
to               CIRCULAR     1.67       0          0          0          1
to               CIRCULAR     6.00       0          0          0          1
to               CIRCULAR     1.25       0          0          0          1
to               CIRCULAR     2.50       0          0          0          1
to               CIRCULAR     0.83       0          0          0          1
to               CIRCULAR     3.00       0          0          0          1
to               CIRCULAR     1.00       0          0          0          1
to               CIRCULAR     5.00       0          0          0          1
to               CIRCULAR     1.00       0          0          0          1
to               CIRCULAR     0.67       0          0          0          1
to               CIRCULAR     2.00       0          0          0          1
to               CIRCULAR     9.25       0          0          0          1
to               CIRCULAR     2.25       0          0          0          1
to               CIRCULAR     6.00       0          0          0          1
to               CIRCULAR     6.00       0          0          0          1
to               CIRCULAR     2.00       0          0          0          1
A5-a             CIRCULAR     4.50       0          0          0          1
p                CIRCULAR     4.50       0          0          0          1
p                CIRCULAR     4.00       0          0          0          1
p                CIRCULAR     5.00       0          0          0          1
p                CIRCULAR     4.00       0          0          0          1
p                CIRCULAR     4.00       0          0          0          1
p                CIRCULAR     4.50       0          0          0          1
p                CIRCULAR     4.50       0          0          0          1
p                CIRCULAR     3.50       0          0          0          1
p                CIRCULAR     3.50       0          0          0          1
p                CIRCULAR     4.50       0          0          0          1
p                CIRCULAR     4.50       0          0          0          1
p                CIRCULAR     4.50       0          0          0          1
p                CIRCULAR     5.00       0          0          0          1
p                CIRCULAR     3.50       0          0          0          1
pipe             CIRCULAR     3.50       0          0          0          1
p                CIRCULAR     3.50       0          0          0          1
p                CIRCULAR     7.00       0          0          0          1
p                CIRCULAR     7.00       0          0          0          1
p                CIRCULAR     7.00       0          0          0          1
p                CIRCULAR     7.00       0          0          0          1
p                CIRCULAR     7.00       0          0          0          1
p                CIRCULAR     7.00       0          0          0          1
p                CIRCULAR     7.00       0          0          0          1
p                CIRCULAR     7.00       0          0          0          1
p                RECT_CLOSED  6.00       7.00       0          0          1
p                RECT_CLOSED  6.00       7.00       0          0          1
p                CIRCULAR     7.00       0          0          0          1
p                CIRCULAR     9.25       0          0          0          1
p                CIRCULAR     9.25       0          0          0          1
to               CIRCULAR     6.50       0          0          0          1
p                CIRCULAR     2.00       0          0          0          1
p                CIRCULAR     6.50       0          0          0          1
p                CIRCULAR     6.50       0          0          0          1
p                CIRCULAR     6.50       0          0          0          1
p                CIRCULAR     6.50       0          0          0          1
p                CIRCULAR     6.50       0          0          0          1
to               CIRCULAR     1.50       0          0          0          1
to               CIRCULAR     5.00       0          0          0          1
p                CIRCULAR     5.50       0          0          0          1
p                CIRCULAR     3.50       0          0          0          1
p                CIRCULAR     3.50       0          0          0          1
p                CIRCULAR     3.50       0          0          0          1
p                CIRCULAR     3.50       0          0          0          1
p                CIRCULAR     3.50       0          0          0          1
p                CIRCULAR     3.75       0          0          0          1
p                CIRCULAR     4.00       0          0          0          1
p                CIRCULAR     6.00       0          0          0          1
p                CIRCULAR     6.00       0          0          0          1
p                CIRCULAR     5.50       0          0          0          1
p                CIRCULAR     6.00       0          0          0          1
p                CIRCULAR     6.00       0          0          0          1
p                CIRCULAR     6.00       0          0          0          1
p                CIRCULAR     6.00       0          0          0          1
to               CIRCULAR     1.00       0          0          0          1
to               CIRCULAR     0.67       0          0          0          1
to               CIRCULAR     0.67       0          0          0          1
to               CIRCULAR     0.67       0          0          0          1
to               CIRCULAR     0.67       0          0          0          1
to               CIRCULAR     5.00       0          0          0          1
to               CIRCULAR     4.50       0          0          0          1
to               CIRCULAR     1.67       0          0          0          1
to               CIRCULAR     2.50       0          0          0          1
to               CIRCULAR     2.50       0          0          0          1
p                CIRCULAR     6.00       0          0          0          1
to               CIRCULAR     1.50       0          0          0          1
to               CIRCULAR     5.50       0          0          0          1
p                CIRCULAR     6.00       0          0          0          1
to               CIRCULAR     0.67       0          0          0          1
to               CIRCULAR     2.00       0          0          0          1
to               CIRCULAR     1.00       0          0          0          1
p                CIRCULAR     6.00       0          0          0          1
to               CIRCULAR     2.50       0          0          0          1
p                CIRCULAR     6.50       0          0          0          1
siphon           CIRCULAR     2.59       0          0          0          1
to               CIRCULAR     1.00       0          0          0          1
to               CIRCULAR     5.00       0          0          0          1
p                CIRCULAR     6.50       0          0          0          1
p                CIRCULAR     6.50       0          0          0          1
p                CIRCULAR     6.50       0          0          0          1
to               CIRCULAR     0.67       0          0          0          1
p                CIRCULAR     6.50       0          0          0          1
to               CIRCULAR     1.67       0          0          0          1
to               CIRCULAR     2.75       0          0          0          1
sb               CIRCULAR     5.84       0          0          0          1
cso19            CIRCULAR     4.00       7.00       0          0          1
p                CIRCULAR     5.50       0          0          0          1
p                CIRCULAR     6.00       0          0          0          1
p                CIRCULAR     6.00       0          0          0          1
p                CIRCULAR     6.50       0          0          0          1
p                CIRCULAR     3.50       0          0          0          1
to               CIRCULAR     0.67       0          0          0          1
to               CIRCULAR     3.00       0          0          0          1
p                CIRCULAR     3.50       0          0          0          1
to               CIRCULAR     1.25       0          0          0          1
to               CIRCULAR     0.67       0          0          0          1
p                CIRCULAR     3.50       0          0          0          1
to               CIRCULAR     3.50       0          0          0          1
to               CIRCULAR     3.50       0          0          0          1
230.1            CIRCULAR     3.50       0          0          0          1
to               CIRCULAR     2.00       0          0          0          1
to               CIRCULAR     1.00       0          0          0          1
p                CIRCULAR     3.00       0          0          0          1
p                CIRCULAR     3.00       0          0          0          1
to               RECT_CLOSED  20.00      8.00       0          0          1
p                RECT_CLOSED  16.00      8.00       0          0          1
p                RECT_CLOSED  8.00       10.00      0          0          1
p                RECT_CLOSED  8.00       10.00      0          0          1
p                RECT_CLOSED  10.00      4.50       0          0          1
to               CIRCULAR     4.00       0          0          0          1
p                CIRCULAR     3.00       0          0          0          1
p                CIRCULAR     3.00       0          0          0          1
to               CIRCULAR     0.67       0          0          0          1
to               CIRCULAR     1.50       0          0          0          1
p                CIRCULAR     3.50       0          0          0          1
to               CIRCULAR     3.50       0          0          0          1
to               CIRCULAR     1.50       0          0          0          1
p                CIRCULAR     3.00       0          0          0          1
p                CIRCULAR     3.00       0          0          0          1
p                CIRCULAR     3.00       0          0          0          1
p                HORSESHOE    3.50       0          0          0          1
p                HORSESHOE    3.50       0          0          0          1
to               CIRCULAR     3.00       0          0          0          1
to               CIRCULAR     0.83       0          0          0          1
to               CIRCULAR     2.50       0          0          0          1
to               CIRCULAR     2.00       0          0          0          1
p                CIRCULAR     1.67       0          0          0          1
p                CIRCULAR     2.00       0          0          0          1
p                HORSESHOE    3.25       0          0          0          1
p                CIRCULAR     3.00       0          0          0          1
pipe             CIRCULAR     2.00       0          0          0          1
p                CIRCULAR     5.00       0          0          0          1
p                CIRCULAR     5.00       0          0          0          1
p                CIRCULAR     5.00       0          0          0          1
p                CIRCULAR     5.00       0          0          0          1
p                CIRCULAR     5.00       0          0          0          1
to               CIRCULAR     7.00       0          0          0          1
p                CIRCULAR     1.50       0          0          0          1
p                CIRCULAR     1.50       0          0          0          1
p                CIRCULAR     1.50       0          0          0          1
p                CIRCULAR     1.50       0          0          0          1
p                CIRCULAR     1.50       0          0          0          1
p                CIRCULAR     1.50       0          0          0          1
p                CIRCULAR     1.67       0          0          0          1
p                CIRCULAR     1.67       0          0          0          1
816.1            CIRCULAR     1.67       0          0          0          1
p                CIRCULAR     1.67       0          0          0          1
p                CIRCULAR     1.67       0          0          0          1
p                CIRCULAR     1.67       0          0          0          1
p                CIRCULAR     1.67       0          0          0          1
to               CIRCULAR     1.00       0          0          0          1
p                CIRCULAR     2.00       0          0          0          1
p                CIRCULAR     2.00       0          0          0          1
p                CIRCULAR     2.00       0          0          0          1
p                CIRCULAR     2.00       0          0          0          1
p                CIRCULAR     2.00       0          0          0          1
p                CIRCULAR     2.00       0          0          0          1
p                CIRCULAR     2.00       0          0          0          1
p                CIRCULAR     2.00       0          0          0          1
p                CIRCULAR     2.00       0          0          0          1
p                CIRCULAR     2.00       0          0          0          1
Ato11th          CIRCULAR     5.00       0          0          0          1
to               CIRCULAR     2.50       0          0          0          1
to               CIRCULAR     4.00       0          0          0          1
p                CIRCULAR     2.00       0          0          0          1
p                CIRCULAR     2.00       0          0          0          1
p                HORSESHOE    3.75       0          0          0          1
p                HORSESHOE    4.00       0          0          0          1
p                HORSESHOE    4.25       0          0          0          1
p                HORSESHOE    4.50       0          0          0          1
p                HORSESHOE    5.00       0          0          0          1
p                HORSESHOE    5.25       0          0          0          1
p                HORSESHOE    5.50       0          0          0          1
p                CIRCULAR     4.50       0          0          0          1
p                CIRCULAR     5.00       0          0          0          1
p                CIRCULAR     6.50       0          0          0          1
p                CIRCULAR     6.50       0          0          0          1
p                RECT_CLOSED  10.00      5.50       0          0          1
to               CIRCULAR     3.50       0          0          0          1
to               CIRCULAR     3.00       0          0          0          1
p                CIRCULAR     5.00       0          0          0          1
to               CIRCULAR     0.83       0          0          0          1
to               CIRCULAR     0.83       0          0          0          1
p                HORSESHOE    3.25       0          0          0          1
p                HORSESHOE    3.50       0          0          0          1
750              CIRCULAR     10.00      0          0          0          1
752              CIRCULAR     10.00      0          0          0          1
754              CIRCULAR     10.00      0          0          0          1
762              CIRCULAR     10.00      0          0          0          1
763              CIRCULAR     10.00      0          0          0          1
764              CIRCULAR     10.00      0          0          0          1
765              CIRCULAR     10.00      0          0          0          1
766              CIRCULAR     10.00      0          0          0          1
770              CIRCULAR     10.00      0          0          0          1
771              CIRCULAR     5.00       0          0          0          1
772              CIRCULAR     10.00      0          0          0          1
775              CIRCULAR     10.00      0          0          0          1
776              CIRCULAR     10.00      0          0          0          1
780              CIRCULAR     10.00      0          0          0          1
782              CIRCULAR     10.00      0          0          0          1
787              CIRCULAR     10.00      0          0          0          1
788              CIRCULAR     5.00       0          0          0          1
789              CIRCULAR     10.00      0          0          0          1
790              CIRCULAR     10.00      0          0          0          1
796              CIRCULAR     10.00      0          0          0          1
797              CIRCULAR     10.00      0          0          0          1
799              CIRCULAR     4.50       0          0          0          1
801              CIRCULAR     10.00      0          0          0          1
803              CIRCULAR     10.00      0          0          0          1
805              CIRCULAR     10.00      0          0          0          1
809              CIRCULAR     10.00      0          0          0          1
810              CIRCULAR     10.00      0          0          0          1
811              CIRCULAR     10.00      0          0          0          1
813              CIRCULAR     10.00      0          0          0          1
815              CIRCULAR     10.00      0          0          0          1
818              CIRCULAR     10.00      0          0          0          1
820              CIRCULAR     6.00       0          0          0          1
821              CIRCULAR     10.00      0          0          0          1
825              CIRCULAR     10.00      0          0          0          1
795              CIRCULAR     10.00      0          0          0          1
1047.1           CIRCULAR     7.00       0          0          0          1
to               CIRCULAR     5.20       0          0          0          1

[LOSSES]
;;Link           Inlet      Outlet     Average    Flap Gate
;;-------------- ---------- ---------- ---------- ----------
p                0          0          0          NO
p                0          0          0          NO
p                0          0          0          NO
p                0          0          0          NO
p                0          0          0          NO
p                0          0          0          NO
p                0          0          0          NO
1                0          0          0          NO
p                0          0          0          NO
p                0          0          0          NO
to               0          0          0          NO
to               0          0          0          NO
to               0          0          0          NO
to               0          0          0          NO
to               0          0          0          NO
to               0          0          0          NO
to               0          0          0          NO
to               0          0          0          NO
to               0          0          0          NO
to               0          0          0          NO
to               0          0          0          NO
to               0          0          0          NO
to               0          0          0          NO
to               0          0          0          NO
to               0          0          0          NO
to               0          0          0          NO
to               0          0          0          NO
A5-a             0          0          0          NO
p                0          0          0          NO
p                0          0          0          NO
p                0          0          0          NO
p                0          0          0          NO
p                0          0          0          NO
p                0          0          0          NO
p                0          0          0          NO
p                0          0          0          NO
p                0          0          0          NO
p                0          0          0          NO
p                0          0          0          NO
p                0          0          0          NO
p                0          0          0          NO
p                0          0          0          NO
pipe             0          0          0          NO
p                0          0          0          NO
p                0          0          0          NO
p                0          0          0          NO
p                0          0          0          NO
p                0          0          0          NO
p                0          0          0          NO
p                0          0          0          NO
p                0          0          0          NO
p                0          0          0          NO
p                0          0          0          NO
p                0          0          0          NO
p                0          0          0          NO
p                0          0          0          NO
p                0          0          0          NO
to               0          0          0          NO
p                0          0          0          NO
p                0          0          0          NO
p                0          0          0          NO
p                0          0          0          NO
p                0          0          0          NO
p                0          0          0          NO
to               0          0          0          NO
to               0          0          0          NO
p                0          0          0          NO
p                0          0          0          NO
p                0          0          0          NO
p                0          0          0          NO
p                0          0          0          NO
p                0          0          0          NO
p                0          0          0          NO
p                0          0          0          NO
p                0          0          0          NO
p                0          0          0          NO
p                0          0          0          NO
p                0          0          0          NO
p                0          0          0          NO
p                0          0          0          NO
p                0          0          0          NO
to               0          0          0          NO
to               0          0          0          NO
to               0          0          0          NO
to               0          0          0          NO
to               0          0          0          NO
to               0          0          0          NO
to               0          0          0          NO
to               0          0          0          NO
to               0          0          0          NO
to               0          0          0          NO
p                0          0          0          NO
to               0          0          0          NO
to               0          0          0          NO
p                0          0          0          NO
to               0          0          0          NO
to               0          0          0          NO
to               0          0          0          NO
p                0          0          0          NO
to               0          0          0          NO
p                0          0          0          NO
siphon           0          0          0          NO
to               0          0          0          NO
to               0          0          0          NO
p                0          0          0          NO
p                0          0          0          NO
p                0          0          0          NO
to               0          0          0          NO
p                0          0          0          NO
to               0          0          0          NO
to               0          0          0          NO
sb               0          0          0          NO
cso19            0          0          0          NO
p                0          0          0          NO
p                0          0          0          NO
p                0          0          0          NO
p                0          0          0          NO
p                0          0          0          NO
to               0          0          0          NO
to               0          0          0          NO
p                0          0          0          NO
to               0          0          0          NO
to               0          0          0          NO
p                0          0          0          NO
to               0          0          0          NO
to               0          0          0          NO
230.1            0          0          0          NO
to               0          0          0          NO
to               0          0          0          NO
p                0          0          0          NO
p                0          0          0          NO
to               0          0          0          NO
p                0          0          0          NO
p                0          0          0          NO
p                0          0          0          NO
p                0          0          0          NO
to               0          0          0          NO
p                0          0          0          NO
p                0          0          0          NO
to               0          0          0          NO
to               0          0          0          NO
p                0          0          0          NO
to               0          0          0          NO
to               0          0          0          NO
p                0          0          0          NO
p                0          0          0          NO
p                0          0          0          NO
p                0          0          0          NO
p                0          0          0          NO
to               0          0          0          NO
to               0          0          0          NO
to               0          0          0          NO
to               0          0          0          NO
p                0          0          0          NO
p                0          0          0          NO
p                0          0          0          NO
p                0          0          0          NO
pipe             0          0          0          NO
p                0          0          0          NO
p                0          0          0          NO
p                0          0          0          NO
p                0          0          0          NO
p                0          0          0          NO
to               0          0          0          NO
p                0          0          0          NO
p                0          0          0          NO
p                0          0          0          NO
p                0          0          0          NO
p                0          0          0          NO
p                0          0          0          NO
p                0          0          0          NO
p                0          0          0          NO
816.1            0          0          0          NO
p                0          0          0          NO
p                0          0          0          NO
p                0          0          0          NO
p                0          0          0          NO
to               0          0          0          NO
p                0          0          0          NO
p                0          0          0          NO
p                0          0          0          NO
p                0          0          0          NO
p                0          0          0          NO
p                0          0          0          NO
p                0          0          0          NO
p                0          0          0          NO
p                0          0          0          NO
p                0          0          0          NO
Ato11th          0          0          0          NO
to               0          0          0          NO
to               0          0          0          NO
p                0          0          0          NO
p                0          0          0          NO
p                0          0          0          NO
p                0          0          0          NO
p                0          0          0          NO
p                0          0          0          NO
p                0          0          0          NO
p                0          0          0          NO
p                0          0          0          NO
p                0          0          0          NO
p                0          0          0          NO
p                0          0          0          NO
p                0          0          0          NO
p                0          0          0          NO
to               0          0          0          NO
to               0          0          0          NO
p                0          0          0          NO
to               0          0          0          NO
to               0          0          0          NO
p                0          0          0          NO
p                0          0          0          NO
750              0          0          0          NO
752              0          0          0          NO
754              0          0          0          NO
762              0          0          0          NO
763              0          0          0          NO
764              0          0          0          NO
765              0          0          0          NO
766              0          0          0          NO
770              0          0          0          NO
771              0          0          0          NO
772              0          0          0          NO
775              0          0          0          NO
776              0          0          0          NO
780              0          0          0          NO
782              0          0          0          NO
787              0          0          0          NO
788              0          0          0          NO
789              0          0          0          NO
790              0          0          0          NO
796              0          0          0          NO
797              0          0          0          NO
799              0          0          0          NO
801              0          0          0          NO
803              0          0          0          NO
805              0          0          0          NO
809              0          0          0          NO
810              0          0          0          NO
811              0          0          0          NO
813              0          0          0          NO
815              0          0          0          NO
818              0          0          0          NO
820              0          0          0          NO
821              0          0          0          NO
825              0          0          0          NO
795              0          0          0          NO
1047.1           0          0          0          NO
to               0          0          0          NO

[COORDINATES]
;;Node           X-Coord            Y-Coord
;;-------------- ------------------ ------------------
BA1              10.47              44.69             
BA2a             33.72              63.60             
ovfl1a           27.21              90.77             
BA3              106.88             107.63            
ovfl2            99.85              131.56            
BA4a             130.54             169.42            
BA2b             61.16              81.10             
BA2c             84.53              95.23             
BA4b             108.75             182.27            
ovfl1b           53.69              124.43            
r365             157.22             145.01            
CSO              107.49             158.18            
CSO              300.96             838.61            
CSO              157.59             348.40            
CSO              183.15             561.03            
CSO              190.64             402.13            
CSO              225.44             741.57            
A3b              133.80             341.61            
A1c              85.86              221.80            
r36              33.23              192.82            
rNA              96.24              304.16            
A4               138.77             387.04            
r24              109.20             373.02            
r22              117.90             443.66            
A6e              151.83             589.11            
A7e              214.72             782.14            
A8               278.05             903.37            
d15              124.59             575.11            
r8               132.02             773.98            
r3               221.76             884.80            
r3               176.56             877.92            
CSO              81.84              165.13            
CSO              137.81             281.08            
A5               140.31             460.69            
A2               101.06             264.05            
A1b              80.20              196.64            
A3a              119.95             308.53            
A6a              142.67             491.26            
A6b              145.32             520.14            
A6c              147.14             542.02            
A6d              148.52             564.46            
A7a              158.52             620.23            
A7b              165.68             649.72            
A7c              179.46             671.13            
A7d              196.82             736.97            
CSO              246.90             695.09            
PR1a             -90.02             634.25            
PR1b             -64.11             643.10            
PR1c             -36.85             653.59            
PR1d             -12.65             661.69            
PR1e             12.66              667.32            
PR1f             42.00              670.14            
PR2b             100.36             672.18            
PR2c             128.85             678.14            
PR2d             155.41             688.40            
PR2e             190.25             686.88            
PR2f             216.51             688.06            
d413             -150.02            602.02            
PRI2b            -145.30            734.17            
PRI3d            -7.05              755.31            
PRI4             31.62              759.94            
PRI2a            -147.07            671.25            
PRI3a            -103.11            740.39            
PRI3b            -71.85             746.76            
PRI3c            -37.17             752.17            
E2a              -154.25            1148.33           
DIV              -144.78            1069.01           
CSO              -109.19            1229.32           
E3a              24.87              1047.78           
E4               76.52              928.01            
E5a              101.60             891.59            
E2b              -90.91             1072.05           
E2c              -59.31             1108.85           
E2d              -24.87             1096.42           
E2e              0.30               1077.13           
E3b              44.21              1012.96           
E5b              139.47             884.51            
CSO              789.89             564.31            
CSO              791.26             617.76            
CSO              616.28             1124.16           
CSO              824.42             852.71            
CSO              791.18             519.72            
CSO              786.78             670.92            
CSO              813.92             930.13            
CSO              533.24             1291.01           
CSO              811.76             739.41            
CSO              791.81             462.67            
C1               694.93             351.39            
CSO              684.33             1197.96           
CSO              403.99             1303.67           
C2b              664.89             474.96            
C3               669.64             535.65            
C4               675.41             591.88            
C5               677.48             651.70            
C6               689.40             711.00            
r134             720.04             459.81            
d131             725.26             516.88            
d128             724.69             558.99            
d126             728.77             622.86            
d122             724.41             676.10            
C7               719.28             816.47            
r117             756.50             756.84            
C8               729.51             884.74            
d115             777.17             840.53            
C9               736.53             952.76            
r111             699.56             923.96            
C10b             685.71             1016.81           
DC               751.13             1129.17           
C11              588.58             1030.64           
r107             642.70             1053.92           
C12              571.26             1070.70           
C13              531.56             1091.84           
C14              513.71             1146.17           
r100             483.68             1193.12           
sc               433.98             1136.78           
C2a              671.01             410.56            
C10a             728.62             1009.00           
B6               399.77             835.02            
r37              433.15             780.76            
CSO              260.15             745.99            
B5               393.36             705.55            
d39              348.17             659.17            
CSO              262.43             658.77            
B4               372.27             613.80            
r42              338.21             586.96            
CSO              245.56             595.66            
B3               349.77             489.12            
r47              387.31             509.17            
cso              237.12             527.40            
B2               317.70             441.96            
B1               286.39             375.63            
r141             722.59             284.10            
SR               634.21             252.29            
CSO              776.12             323.66            
CR2a             705.84             128.35            
CR2b             706.25             190.94            
CR4b             755.44             31.32             
D2               869.11             1382.42           
d2               947.61             1343.53           
D3               845.20             1329.43           
d3               912.67             1263.39           
D6               810.46             1227.48           
r238             917.97             1048.76           
CSO              849.75             877.14            
D7               784.40             1186.80           
d7               690.97             1348.21           
D1c              923.10             1463.89           
D5               871.59             1141.77           
S2a              191.10             107.08            
S3a              198.09             219.53            
S4               209.49             240.38            
REG              348.13             239.12            
CSO              129.39             209.39            
DIV              274.05             229.10            
CSO              174.79             293.83            
CSO              189.67             349.74            
S2b              170.65             163.36            
S5b              266.69             328.94            
FR4b             787.78             -812.89           
FR4c             818.01             -861.78           
FR4e             855.05             -881.28           
FR4d             836.16             -869.39           
r1               585.15             -1049.45          
CSO              648.65             -1102.74          
Sr3              608.32             -1035.24          
Sr4              624.19             -1019.61          
Sr5              637.74             -1002.80          
Sr6              656.80             -988.74           
Sr7              674.92             -975.92           
Sr8              688.53             -960.92           
Sr9              704.78             -947.03           
Sr10             721.34             -932.28           
Sr11             736.03             -918.95           
Sr12             749.15             -904.94           
Sr13             762.93             -886.82           
Sr14             775.93             -868.42           
Sr15             785.46             -844.36           
r360             743.43             -817.46           
Sr16             812.10             -830.50           
Sr17             833.49             -824.32           
Sr18             859.80             -813.26           
Sr19             886.93             -801.50           
Sr20             908.09             -789.82           
Sr21             927.16             -782.75           
Sr22             947.87             -774.63           
Sr23             972.19             -763.80           
Sr24             1005.28            -749.05           
CSO              877.31             -902.38           
cso              214.38             430.49            
CSO              738.77             -1000.93          
Ci1              1051.80            -724.05           
Ci2              1019.21            -697.09           
Ci3              998.27             -667.40           
Ci4              992.96             -628.03           
Ci5              989.52             -582.09           
Ci6              981.39             -538.96           
Ci7              981.08             -487.09           
Ci8              981.71             -438.34           
Ci9              983.58             -390.53           
Ci10             983.58             -328.96           
Ci11             982.89             -237.64           
Ci12             970.39             -165.76           
Ci13             910.11             -121.73           
Ci14             858.87             -75.82            
CSO              807.76             1071.20           
CSO              719.61             1368.50           
CSO              778.29             1493.09           
E3c              68.07              972.25            
S5a              234.42             289.57            
GRR              213.78             160.42            
S2c              185.26             192.32            
S3b              237.65             208.26            
ps               293.45             1104.48           
pe               291.43             1182.48           
r1               549.67             -1066.36          
Sr8              662.32             -936.67           
r360             724.48             -853.91           
r134             731.69             424.27            
d131             734.78             481.23            
d128             743.36             531.35            
d126             745.77             586.66            
d122             745.43             641.95            
r117             774.27             712.69            
d115             796.59             792.00            
r111             682.24             865.85            
d3s              930.86             1219.55           
d2s              982.37             1304.37           
r107             592.61             1088.27           
r100             533.99             1200.08           
d39              312.96             620.66            
r42              310.68             547.17            
r47              415.15             553.32            
r37              447.35             729.86            
REG              338.50             291.33            
DIV              312.79             186.35            
GRR              261.69             159.65            
r365             144.28             67.81             
BA1              -14.52             17.30             
r36              -9.32              190.03            
rNA              58.82              302.32            
r24              75.79              374.78            
r22              81.97              446.21            
d15              83.69              574.98            
d413             -146.88            545.45            
r8               97.08              809.44            
r3               185.34             930.06            
dNA              -145.40            998.87            
r238             962.27             1152.14           
B1               317.18             350.97            
FM1a             213.04             1204.40           

[MAP]
DIMENSIONS -154.25 -1102.74 1051.80 1493.09
Units      None

[REPORT]
INPUT            YES
SUBCATCHMENTS    ALL
NODES            ALL
LINKS            ALL



