;; SWMM5 .inp converted from XPSWMM .xp file
;; Generated by XPSWMM Card Reader
;; Source format: XP_CARD | Original title: Three Rivers, Michigan Average Day Simulation

[TITLE]
;;Project Title/Notes
Three Rivers, Michigan Average Day Simulation

[OPTIONS]
FLOW_UNITS           CFS
INFILTRATION         HORTON
FLOW_ROUTING         DYNWAVE
LINK_OFFSETS         DEPTH
MIN_SLOPE            0.0
ALLOW_PONDING        NO
SKIP_STEADY_STATE    NO
ROUTING_STEP         00:00:300
VARIABLE_STEP        0.75
INERTIAL_DAMPING     PARTIAL
NORMAL_FLOW_LIMITED  BOTH

[JUNCTIONS]
;;Name           Elev       MaxDepth   InitDepth  SurDepth   Aponded
;;-------------- ---------- ---------- ---------- ---------- ----------
2                794.00     0          0          0          0
3                803.00     0          0          0          0
5                805.00     0          0          0          0
7                805.00     0          0          0          0
9                793.00     0          0          0          0
11               798.50     0          0          0          0
13               788.10     0          0          0          0
15               792.00     0          0          0          0
17               792.00     0          0          0          0
19               808.20     0          0          0          0
21               811.00     0          0          0          0
23               811.50     0          0          0          0
25               809.90     0          0          0          0
27               812.50     0          0          0          0
29               812.50     0          0          0          0
31               812.50     0          0          0          0
33               810.50     0          0          0          0
36               812.50     0          0          0          0
38               810.70     0          0          0          0
40               812.50     0          0          0          0
42               812.60     0          0          0          0
44               812.67     0          0          0          0
46               815.67     0          0          0          0
63               824.00     0          0          0          0
64               822.70     0          0          0          0
66               820.00     0          0          0          0
68               821.60     0          0          0          0
70               823.00     0          0          0          0
72               814.00     0          0          0          0
74               814.00     0          0          0          0
76               814.00     0          0          0          0
78               819.70     0          0          0          0
79               819.40     0          0          0          0
81               819.60     0          0          0          0
83               819.60     0          0          0          0
85               819.00     0          0          0          0
87               819.00     0          0          0          0
89               818.10     0          0          0          0
91               818.00     0          0          0          0
93               817.80     0          0          0          0
95               817.80     0          0          0          0
97               817.60     0          0          0          0
99               817.40     0          0          0          0
101              817.70     0          0          0          0
103              817.50     0          0          0          0
105              816.80     0          0          0          0
107              816.90     0          0          0          0
109              816.80     0          0          0          0
111              816.00     0          0          0          0
113              815.50     0          0          0          0
115              815.00     0          0          0          0
117              815.00     0          0          0          0
119              813.80     0          0          0          0
121              813.60     0          0          0          0
123              813.50     0          0          0          0
126              800.90     0          0          0          0
127              802.80     0          0          0          0
129              803.80     0          0          0          0
131              804.90     0          0          0          0
133              802.60     0          0          0          0
135              799.20     0          0          0          0
137              798.00     0          0          0          0
139              799.80     0          0          0          0
141              799.60     0          0          0          0
143              786.00     0          0          0          0
146              804.80     0          0          0          0
147              806.00     0          0          0          0
149              802.00     0          0          0          0
151              799.30     0          0          0          0
153              796.20     0          0          0          0
155              810.30     0          0          0          0
156              808.10     0          0          0          0
158              807.36     0          0          0          0
160              809.36     0          0          0          0
162              808.36     0          0          0          0
164              807.76     0          0          0          0
166              808.06     0          0          0          0
168              807.46     0          0          0          0
170              807.86     0          0          0          0
172              807.30     0          0          0          0
174              803.20     0          0          0          0
177              820.12     0          0          0          0
178              821.46     0          0          0          0
180              820.12     0          0          0          0
182              816.14     0          0          0          0
184              813.90     0          0          0          0
186              813.10     0          0          0          0
188              813.23     0          0          0          0
190              812.47     0          0          0          0
192              811.50     0          0          0          0
194              812.50     0          0          0          0
196              811.59     0          0          0          0
198              811.65     0          0          0          0
200              811.50     0          0          0          0
202              812.00     0          0          0          0
204              798.70     0          0          0          0
206              800.80     0          0          0          0
208              801.70     0          0          0          0
210              802.70     0          0          0          0
212              796.00     0          0          0          0
214              796.00     0          0          0          0
216              796.00     0          0          0          0
218              798.00     0          0          0          0
220              792.60     0          0          0          0
222              792.40     0          0          0          0
224              801.00     0          0          0          0
226              797.80     0          0          0          0
228              797.20     0          0          0          0
230              791.00     0          0          0          0
232              788.50     0          0          0          0
234              788.60     0          0          0          0
236              789.10     0          0          0          0
238              790.20     0          0          0          0
240              790.80     0          0          0          0
242              788.80     0          0          0          0
244              791.30     0          0          0          0
246              791.30     0          0          0          0
248              794.00     0          0          0          0
250              794.00     0          0          0          0
252              794.03     0          0          0          0
254              795.00     0          0          0          0
256              800.80     0          0          0          0
257              800.60     0          0          0          0
259              802.40     0          0          0          0
261              798.30     0          0          0          0
263              798.00     0          0          0          0
265              799.80     0          0          0          0
268              822.00     0          0          0          0
269              821.00     0          0          0          0
271              805.00     0          0          0          0
273              801.00     0          0          0          0
275              800.00     0          0          0          0
277              800.00     0          0          0          0
279              799.00     0          0          0          0
281              799.00     0          0          0          0
283              799.00     0          0          0          0
285              792.20     0          0          0          0
288              795.00     0          0          0          0
290              794.50     0          0          0          0
292              796.00     0          0          0          0
295              820.40     0          0          0          0
296              822.40     0          0          0          0
298              820.90     0          0          0          0
300              820.80     0          0          0          0
302              819.90     0          0          0          0
304              821.20     0          0          0          0
306              821.40     0          0          0          0
308              821.40     0          0          0          0
310              821.40     0          0          0          0
312              822.00     0          0          0          0
314              822.70     0          0          0          0
315              820.10     0          0          0          0
317              818.90     0          0          0          0
319              820.40     0          0          0          0
321              821.40     0          0          0          0
327              822.00     0          0          0          0
328              822.00     0          0          0          0
330              821.00     0          0          0          0
332              821.00     0          0          0          0
334              821.00     0          0          0          0
336              821.00     0          0          0          0
338              819.00     0          0          0          0
340              819.00     0          0          0          0
342              820.00     0          0          0          0
344              820.00     0          0          0          0
346              819.00     0          0          0          0
348              818.00     0          0          0          0
350              820.00     0          0          0          0
351              820.00     0          0          0          0
354              823.30     0          0          0          0
355              822.30     0          0          0          0
357              820.78     0          0          0          0
360              802.00     0          0          0          0
362              793.00     0          0          0          0
364              791.01     0          0          0          0
366              790.74     0          0          0          0
368              791.00     0          0          0          0
370              790.17     0          0          0          0
372              789.14     0          0          0          0
374              789.28     0          0          0          0
376              792.40     0          0          0          0
378              788.00     0          0          0          0
380              789.50     0          0          0          0
383              817.00     0          0          0          0
384              817.00     0          0          0          0
386              817.00     0          0          0          0
388              817.00     0          0          0          0
390              817.00     0          0          0          0
392              817.00     0          0          0          0
394              802.20     0          0          0          0
396              802.20     0          0          0          0
398              802.00     0          0          0          0
400              788.00     0          0          0          0
403              805.60     0          0          0          0
404              804.00     0          0          0          0
406              804.20     0          0          0          0
408              799.60     0          0          0          0
412              824.00     0          0          0          0
414              793.00     0          0          0          0
424              793.00     0          0          0          0
426              793.00     0          0          0          0
428              809.00     0          0          0          0
430              805.00     0          0          0          0
434              812.00     0          0          0          0
436              821.20     0          0          0          0
438              821.20     0          0          0          0
443              795.00     0          0          0          0
445              795.00     0          0          0          0
450              796.50     0          0          0          0
452              796.50     0          0          0          0
459              0          0          0          0          0
461              814.00     0          0          0          0

[CONDUITS]
;;Name           From             To               Length     Roughness  InOffset   OutOffset  InitFlow   MaxFlow
;;-------------- ---------------- ---------------- ---------- ---------- ---------- ---------- ---------- ----------
18               15               17               336.00     0.0140     783.85     784.59     0          0
37               33               36               715.00     0.0140     794.00     796.03     0          0
39               36               38               60.00      0.0140     796.03     796.09     0          0
41               38               40               354.00     0.0140     796.09     796.63     0          0
43               40               42               320.00     0.0140     796.63     797.29     0          0
45               42               44               400.00     0.0140     797.29     797.89     0          0
47               44               46               400.00     0.0140     797.89     798.49     0          0
49               31               29               204.00     0.0140     797.05     796.97     0          0
50               29               27               115.00     0.0140     796.97     796.40     0          0
51               25               23               323.00     0.0140     803.00     802.00     0          0
52               23               21               346.00     0.0140     794.36     793.27     0          0
53               21               19               316.00     0.0140     793.27     792.30     0          0
20               19               11               310.00     0.0140     792.30     782.59     0          0
14               13               11               242.00     0.0140     783.21     782.59     0          0
16               15               13               278.00     0.0140     783.85     783.21     0          0
8                7                5                350.00     0.0140     794.00     791.79     0          0
6                5                3                310.00     0.0140     791.79     791.14     0          0
4                3                2                275.00     0.0140     791.14     790.83     0          0
10               9                2                170.00     0.0140     776.83     776.59     0          0
12               11               9                200.00     0.0140     782.59     782.19     0          0
65               63               64               400.00     0.0140     806.20     805.60     0          0
67               64               66               360.00     0.0140     805.60     805.00     0          0
69               66               68               550.00     0.0140     805.00     804.40     0          0
71               68               70               246.00     0.0140     804.40     803.80     0          0
73               70               72               362.00     0.0140     803.80     803.20     0          0
75               72               74               362.00     0.0140     803.20     802.60     0          0
77               74               76               310.00     0.0140     802.60     802.30     0          0
80               78               79               465.00     0.0140     810.65     809.99     0          0
82               79               81               285.00     0.0140     809.99     809.52     0          0
84               81               83               296.00     0.0140     809.52     809.08     0          0
86               83               85               226.00     0.0140     809.08     808.73     0          0
88               85               87               240.00     0.0140     808.73     808.37     0          0
90               87               89               236.00     0.0140     808.37     808.01     0          0
92               89               91               240.00     0.0140     808.01     807.65     0          0
94               91               93               450.00     0.0140     807.65     806.98     0          0
96               93               95               300.00     0.0140     806.98     806.68     0          0
98               95               97               230.00     0.0140     806.68     806.21     0          0
100              97               99               378.00     0.0140     806.21     805.63     0          0
102              99               101              225.00     0.0140     805.63     805.30     0          0
104              101              103              316.00     0.0140     805.30     802.01     0          0
106              103              105              300.00     0.0140     802.01     801.49     0          0
108              105              107              370.00     0.0140     801.49     801.00     0          0
110              107              109              370.00     0.0140     801.00     800.36     0          0
112              109              111              390.00     0.0140     800.36     799.82     0          0
114              111              113              356.00     0.0140     799.82     799.27     0          0
116              113              115              380.00     0.0140     799.27     798.70     0          0
118              115              117              210.00     0.0140     798.70     798.36     0          0
120              117              119              188.00     0.0140     798.36     798.01     0          0
122              119              121              425.00     0.0140     798.01     797.50     0          0
124              121              123              280.00     0.0140     797.50     797.05     0          0
125              123              40               275.00     0.0140     797.05     796.63     0          0
128              126              127              360.00     0.0140     797.32     796.80     0          0
130              127              129              366.00     0.0140     796.80     796.30     0          0
132              129              131              380.00     0.0140     796.30     795.78     0          0
134              131              133              184.00     0.0140     795.78     794.84     0          0
136              133              135              180.00     0.0140     794.84     793.30     0          0
138              135              137              320.00     0.0140     793.30     792.56     0          0
140              137              139              415.00     0.0140     792.56     791.70     0          0
142              139              141              200.00     0.0140     791.70     790.85     0          0
144              141              143              230.00     0.0140     790.85     777.63     0          0
145              143              9                282.00     0.0140     777.63     776.83     0          0
148              146              147              270.00     0.0140     797.50     796.70     0          0
150              147              149              454.00     0.0140     796.70     795.30     0          0
152              149              151              366.00     0.0140     791.65     790.60     0          0
154              151              153              360.00     0.0140     790.60     789.40     0          0
157              155              156              333.00     0.0140     802.85     801.80     0          0
159              156              158              340.00     0.0140     801.80     801.26     0          0
161              158              160              365.00     0.0140     801.26     800.72     0          0
163              160              162              367.00     0.0140     800.72     800.18     0          0
165              162              164              360.00     0.0140     800.18     799.64     0          0
167              164              166              375.00     0.0140     799.64     799.08     0          0
169              166              168              265.00     0.0140     799.08     798.82     0          0
171              168              170              365.00     0.0140     798.82     798.46     0          0
173              170              172              143.00     0.0140     798.46     798.30     0          0
175              172              174              214.00     0.0140     798.30     796.07     0          0
176              174              131              365.00     0.0140     796.07     795.78     0          0
179              177              178              292.00     0.0140     808.88     808.28     0          0
181              178              180              297.00     0.0140     808.28     807.88     0          0
183              180              182              150.00     0.0140     807.88     806.93     0          0
185              182              184              327.00     0.0140     806.93     806.03     0          0
187              184              186              300.00     0.0140     806.03     805.54     0          0
189              186              188              218.00     0.0140     805.54     805.24     0          0
191              188              190              171.00     0.0140     805.24     804.74     0          0
193              190              192              183.00     0.0140     804.74     804.70     0          0
195              192              194              139.00     0.0140     804.70     803.50     0          0
197              194              196              94.00      0.0140     803.50     803.05     0          0
199              196              198              250.00     0.0140     803.05     802.50     0          0
201              198              200              328.00     0.0140     802.50     801.60     0          0
203              200              202              754.00     0.0140     800.58     797.30     0          0
205              202              204              576.00     0.0140     797.30     795.50     0          0
207              204              206              193.00     0.0140     794.46     793.60     0          0
209              206              208              279.00     0.0140     793.60     793.00     0          0
211              208              210              163.00     0.0140     793.00     792.27     0          0
213              210              212              225.00     0.0140     792.27     791.57     0          0
215              212              214              225.00     0.0140     791.57     790.88     0          0
217              214              216              355.00     0.0140     790.88     789.81     0          0
219              216              218              434.00     0.0140     789.81     788.50     0          0
221              218              220              283.00     0.0140     785.81     785.21     0          0
223              220              222              294.00     0.0140     785.21     784.75     0          0
225              222              224              233.00     0.0140     784.75     784.15     0          0
227              224              226              197.00     0.0140     784.15     783.77     0          0
229              226              228              55.00      0.0140     783.77     783.66     0          0
231              228              230              262.00     0.0140     783.66     783.12     0          0
233              230              232              217.00     0.0140     783.12     782.62     0          0
235              232              234              170.00     0.0140     782.62     782.12     0          0
237              234              236              163.00     0.0140     782.12     781.46     0          0
239              236              238              322.00     0.0140     781.46     781.32     0          0
241              238              240              305.00     0.0140     781.32     780.72     0          0
243              240              242              112.00     0.0140     780.72     780.46     0          0
245              242              244              200.00     0.0140     780.46     779.98     0          0
247              244              246              70.00      0.0140     779.98     779.84     0          0
249              246              248              370.00     0.0140     779.84     779.12     0          0
251              248              250              178.00     0.0140     779.12     778.77     0          0
253              250              252              200.00     0.0140     778.77     778.35     0          0
255              252              254              230.00     0.0140     774.91     774.00     0          0
258              256              257              172.00     0.0140     796.50     796.00     0          0
260              257              259              218.00     0.0140     796.00     794.90     0          0
262              259              261              407.00     0.0140     794.90     793.59     0          0
264              261              263              224.00     0.0140     793.59     792.56     0          0
266              263              265              257.00     0.0140     792.56     791.80     0          0
267              265              141              198.00     0.0140     791.80     790.85     0          0
270              268              269              360.00     0.0140     809.00     808.10     0          0
272              269              271              140.00     0.0140     808.10     796.00     0          0
274              271              273              293.00     0.0140     796.00     794.50     0          0
276              273              275              196.00     0.0140     794.50     793.80     0          0
278              275              277              544.00     0.0140     793.80     793.00     0          0
280              277              279              364.00     0.0140     793.00     791.70     0          0
282              279              281              234.00     0.0140     791.70     790.50     0          0
284              281              283              315.00     0.0140     790.50     790.20     0          0
289              285              288              48.00      0.0140     787.12     787.04     0          0
291              288              290              132.00     0.0140     787.04     786.24     0          0
293              290              292              68.00      0.0140     786.24     785.34     0          0
294              292              228              177.00     0.0140     785.34     783.66     0          0
297              295              296              277.00     0.0140     810.78     810.46     0          0
299              296              298              277.00     0.0140     810.26     809.50     0          0
301              298              300              324.00     0.0140     809.40     808.44     0          0
303              300              302              344.00     0.0140     808.44     807.41     0          0
305              302              304              317.00     0.0140     807.41     806.64     0          0
307              304              306              341.00     0.0140     806.64     805.94     0          0
309              306              308              253.00     0.0140     804.82     804.32     0          0
311              308              310              270.00     0.0140     804.32     803.78     0          0
313              310              312              143.00     0.0140     803.78     803.48     0          0
316              314              315              505.00     0.0140     811.55     809.99     0          0
318              315              317              359.00     0.0140     809.99     808.94     0          0
320              317              319              389.00     0.0140     808.94     807.65     0          0
322              319              321              397.00     0.0140     807.65     806.53     0          0
323              321              312              188.00     0.0140     806.53     803.48     0          0
329              327              328              442.00     0.0140     818.50     815.80     0          0
331              328              330              366.00     0.0140     815.80     815.40     0          0
333              330              332              448.00     0.0140     815.40     814.70     0          0
335              332              334              446.00     0.0140     814.70     813.50     0          0
337              334              336              407.00     0.0140     813.50     812.80     0          0
339              336              338              460.00     0.0140     812.80     811.60     0          0
341              338              340              465.00     0.0140     811.60     811.10     0          0
343              340              342              462.00     0.0140     811.10     809.90     0          0
345              342              344              195.00     0.0140     809.90     809.90     0          0
347              344              346              444.00     0.0140     809.90     807.20     0          0
349              346              348              384.00     0.0140     807.20     797.40     0          0
352              350              351              400.00     0.0140     811.50     810.90     0          0
353              351              344              209.00     0.0140     810.90     809.90     0          0
356              354              355              416.00     0.0140     813.65     812.63     0          0
358              355              357              386.00     0.0140     812.51     811.47     0          0
359              357              79               307.00     0.0140     811.33     810.32     0          0
361              348              360              675.00     0.0140     797.40     788.20     0          0
363              360              362              208.00     0.0140     788.20     782.70     0          0
365              362              364              281.00     0.0140     782.70     782.46     0          0
367              364              366              412.00     0.0140     778.94     778.50     0          0
369              368              366              240.00     0.0140     779.46     778.50     0          0
371              366              370              184.00     0.0140     778.50     778.06     0          0
373              370              372              168.00     0.0140     778.06     777.81     0          0
375              372              374              167.00     0.0140     777.81     777.77     0          0
377              374              376              239.00     0.0140     777.77     776.63     0          0
379              376              378              251.00     0.0140     776.63     776.32     0          0
381              378              380              276.00     0.0140     776.32     775.89     0          0
382              380              252              200.00     0.0140     775.89     775.31     0          0
385              383              384              326.00     0.0140     809.20     807.20     0          0
387              384              386              326.00     0.0140     807.20     806.30     0          0
389              386              388              331.50     0.0140     806.30     805.20     0          0
391              388              390              329.00     0.0140     805.20     804.60     0          0
393              390              392              332.00     0.0140     804.60     803.40     0          0
395              392              394              365.00     0.0140     803.40     793.81     0          0
397              394              396              168.00     0.0140     793.81     789.70     0          0
399              396              398              185.00     0.0140     789.70     789.70     0          0
401              398              400              520.00     0.0140     789.70     785.50     0          0
402              400              372              291.00     0.0140     781.87     777.81     0          0
405              403              404              248.00     0.0140     797.40     796.92     0          0
407              404              406              567.00     0.0140     796.92     795.24     0          0
409              406              408              339.00     0.0140     795.24     794.33     0          0
410              408              394              202.00     0.0140     794.33     793.81     0          0
413              412              63               33.00      0.0140     806.50     806.40     0          0
417              9                414              33.00      0.0140     776.59     776.52     0          0
425              414              424              150.00     0.0140     776.52     776.19     0          0
429              426              428              750.00     0.0140     789.00     805.00     0          0
433              430              428              180.00     0.0140     800.00     805.00     0          0
435              428              434              50.00      0.0140     806.20     806.00     0          0
437              312              436              25.00      0.0140     803.48     803.25     0          0
444              254              443              240.00     0.0140     774.78     774.25     0          0
451              153              450              210.00     0.0140     789.40     788.56     0          0
460              76               459              200.00     0.0140     802.30     801.86     0          0
463              461              78               1750.00    0.0140     810.00     815.70     0          0
28               27               25               464.00     0.0140     796.40     796.30     0          0
465              283              360              440.00     0.0140     790.20     788.20     0          0
Adams            438              327              580.00     0.0140     812.90     818.00     0          0
4th              445              256              1520.00    0.0140     774.70     796.80     0          0
Union            452              126              920.00     0.0140     791.00     797.32     0          0

[PUMPS]
;;Name           From             To               PumpCurve  Status   Startup    Shutoff
;;-------------- ---------------- ---------------- ---------- -------- ---------- ----------
439              436              438              PC_439     ON       801.50     799.25    
446              443              445              PC_446     ON       776.67     774.17    
453              450              452              PC_453     ON       787.00     785.00    
462              459              461              PC_462     ON       805.50     802.17    
lincoln p1       lincoln p2       430              PC_lincoln p1 ON       799.50     796.17    
const p1         const p2         const p3         PC_const p1 ON       776.75     775.00    

[CURVES]
;;Name           Type       X-Value    Y-Value
;;-------------- ---------- ---------- ----------
PC_439           Pump4      0          0
;
PC_446           Pump4      0          0
;
PC_453           Pump4      0          0
;
PC_462           Pump4      0          0
;
PC_lincoln p1    Pump4      0          0
;
PC_const p1      Pump4      0          0
;

[XSECTIONS]
;;Link           Shape        Geom1      Geom2      Geom3      Geom4      Barrels
;;-------------- ------------ ---------- ---------- ---------- ---------- ----------
18               CIRCULAR     1.00       0          0          0          1
37               CIRCULAR     1.25       0          0          0          1
39               CIRCULAR     1.25       0          0          0          1
41               CIRCULAR     1.25       0          0          0          1
43               CIRCULAR     1.25       0          0          0          1
45               CIRCULAR     1.25       0          0          0          1
47               CIRCULAR     1.25       0          0          0          1
49               CIRCULAR     1.00       0          0          0          1
50               CIRCULAR     1.00       0          0          0          1
51               CIRCULAR     1.00       0          0          0          1
52               CIRCULAR     1.00       0          0          0          1
53               CIRCULAR     1.00       0          0          0          1
20               CIRCULAR     1.00       0          0          0          1
14               CIRCULAR     1.00       0          0          0          1
16               CIRCULAR     1.00       0          0          0          1
8                CIRCULAR     1.00       0          0          0          1
6                CIRCULAR     1.00       0          0          0          1
4                CIRCULAR     1.00       0          0          0          1
10               CIRCULAR     1.00       0          0          0          1
12               CIRCULAR     1.00       0          0          0          1
65               CIRCULAR     1.25       0          0          0          1
67               CIRCULAR     1.25       0          0          0          1
69               CIRCULAR     1.25       0          0          0          1
71               CIRCULAR     1.25       0          0          0          1
73               CIRCULAR     1.25       0          0          0          1
75               CIRCULAR     1.25       0          0          0          1
77               CIRCULAR     1.25       0          0          0          1
80               CIRCULAR     1.25       0          0          0          1
82               CIRCULAR     1.25       0          0          0          1
84               CIRCULAR     1.25       0          0          0          1
86               CIRCULAR     1.25       0          0          0          1
88               CIRCULAR     1.25       0          0          0          1
90               CIRCULAR     1.25       0          0          0          1
92               CIRCULAR     1.25       0          0          0          1
94               CIRCULAR     1.25       0          0          0          1
96               CIRCULAR     1.25       0          0          0          1
98               CIRCULAR     1.25       0          0          0          1
100              CIRCULAR     1.25       0          0          0          1
102              CIRCULAR     1.25       0          0          0          1
104              CIRCULAR     1.25       0          0          0          1
106              CIRCULAR     1.25       0          0          0          1
108              CIRCULAR     1.25       0          0          0          1
110              CIRCULAR     1.25       0          0          0          1
112              CIRCULAR     1.25       0          0          0          1
114              CIRCULAR     1.25       0          0          0          1
116              CIRCULAR     1.25       0          0          0          1
118              CIRCULAR     1.25       0          0          0          1
120              CIRCULAR     1.25       0          0          0          1
122              CIRCULAR     1.25       0          0          0          1
124              CIRCULAR     1.25       0          0          0          1
125              CIRCULAR     1.25       0          0          0          1
128              CIRCULAR     0.67       0          0          0          1
130              CIRCULAR     0.67       0          0          0          1
132              CIRCULAR     0.67       0          0          0          1
134              CIRCULAR     1.00       0          0          0          1
136              CIRCULAR     1.00       0          0          0          1
138              CIRCULAR     1.00       0          0          0          1
140              CIRCULAR     1.00       0          0          0          1
142              CIRCULAR     1.00       0          0          0          1
144              CIRCULAR     1.00       0          0          0          1
145              CIRCULAR     1.00       0          0          0          1
148              CIRCULAR     0.67       0          0          0          1
150              CIRCULAR     0.67       0          0          0          1
152              CIRCULAR     0.67       0          0          0          1
154              CIRCULAR     0.67       0          0          0          1
157              CIRCULAR     0.67       0          0          0          1
159              CIRCULAR     0.67       0          0          0          1
161              CIRCULAR     0.67       0          0          0          1
163              CIRCULAR     0.67       0          0          0          1
165              CIRCULAR     0.67       0          0          0          1
167              CIRCULAR     0.67       0          0          0          1
169              CIRCULAR     1.00       0          0          0          1
171              CIRCULAR     1.00       0          0          0          1
173              CIRCULAR     1.00       0          0          0          1
175              CIRCULAR     1.00       0          0          0          1
176              CIRCULAR     1.00       0          0          0          1
179              CIRCULAR     0.83       0          0          0          1
181              CIRCULAR     0.83       0          0          0          1
183              CIRCULAR     0.83       0          0          0          1
185              CIRCULAR     0.83       0          0          0          1
187              CIRCULAR     0.83       0          0          0          1
189              CIRCULAR     0.83       0          0          0          1
191              CIRCULAR     0.83       0          0          0          1
193              CIRCULAR     0.83       0          0          0          1
195              CIRCULAR     0.83       0          0          0          1
197              CIRCULAR     0.83       0          0          0          1
199              CIRCULAR     0.83       0          0          0          1
201              CIRCULAR     0.83       0          0          0          1
203              CIRCULAR     0.83       0          0          0          1
205              CIRCULAR     0.83       0          0          0          1
207              CIRCULAR     0.83       0          0          0          1
209              CIRCULAR     0.83       0          0          0          1
211              CIRCULAR     0.83       0          0          0          1
213              CIRCULAR     0.83       0          0          0          1
215              CIRCULAR     0.83       0          0          0          1
217              CIRCULAR     0.83       0          0          0          1
219              CIRCULAR     0.83       0          0          0          1
221              CIRCULAR     1.00       0          0          0          1
223              CIRCULAR     1.00       0          0          0          1
225              CIRCULAR     1.00       0          0          0          1
227              CIRCULAR     1.00       0          0          0          1
229              CIRCULAR     1.00       0          0          0          1
231              CIRCULAR     1.00       0          0          0          1
233              CIRCULAR     1.00       0          0          0          1
235              CIRCULAR     1.00       0          0          0          1
237              CIRCULAR     1.00       0          0          0          1
239              CIRCULAR     1.00       0          0          0          1
241              CIRCULAR     1.00       0          0          0          1
243              CIRCULAR     1.00       0          0          0          1
245              CIRCULAR     1.00       0          0          0          1
247              CIRCULAR     1.00       0          0          0          1
249              CIRCULAR     0.67       0          0          0          1
251              CIRCULAR     1.00       0          0          0          1
253              CIRCULAR     1.00       0          0          0          1
255              CIRCULAR     1.00       0          0          0          1
258              CIRCULAR     1.25       0          0          0          1
260              CIRCULAR     1.00       0          0          0          1
262              CIRCULAR     1.00       0          0          0          1
264              CIRCULAR     1.00       0          0          0          1
266              CIRCULAR     1.00       0          0          0          1
267              CIRCULAR     1.00       0          0          0          1
270              CIRCULAR     0.67       0          0          0          1
272              CIRCULAR     0.67       0          0          0          1
274              CIRCULAR     0.67       0          0          0          1
276              CIRCULAR     0.67       0          0          0          1
278              CIRCULAR     0.67       0          0          0          1
280              CIRCULAR     0.67       0          0          0          1
282              CIRCULAR     0.67       0          0          0          1
284              CIRCULAR     0.67       0          0          0          1
289              CIRCULAR     0.67       0          0          0          1
291              CIRCULAR     0.50       0          0          0          1
293              CIRCULAR     1.00       0          0          0          1
294              CIRCULAR     1.00       0          0          0          1
297              CIRCULAR     0.83       0          0          0          1
299              CIRCULAR     0.83       0          0          0          1
301              CIRCULAR     0.83       0          0          0          1
303              CIRCULAR     0.83       0          0          0          1
305              CIRCULAR     1.00       0          0          0          1
307              CIRCULAR     1.00       0          0          0          1
309              CIRCULAR     1.00       0          0          0          1
311              CIRCULAR     1.00       0          0          0          1
313              CIRCULAR     1.00       0          0          0          1
316              CIRCULAR     1.00       0          0          0          1
318              CIRCULAR     1.00       0          0          0          1
320              CIRCULAR     1.00       0          0          0          1
322              CIRCULAR     1.00       0          0          0          1
323              CIRCULAR     1.00       0          0          0          1
329              CIRCULAR     0.67       0          0          0          1
331              CIRCULAR     0.67       0          0          0          1
333              CIRCULAR     0.67       0          0          0          1
335              CIRCULAR     0.67       0          0          0          1
337              CIRCULAR     0.67       0          0          0          1
339              CIRCULAR     0.83       0          0          0          1
341              CIRCULAR     0.83       0          0          0          1
343              CIRCULAR     0.83       0          0          0          1
345              CIRCULAR     0.83       0          0          0          1
347              CIRCULAR     1.00       0          0          0          1
349              CIRCULAR     1.00       0          0          0          1
352              CIRCULAR     1.00       0          0          0          1
353              CIRCULAR     1.00       0          0          0          1
356              CIRCULAR     0.83       0          0          0          1
358              CIRCULAR     0.83       0          0          0          1
359              CIRCULAR     0.83       0          0          0          1
361              CIRCULAR     1.00       0          0          0          1
363              CIRCULAR     1.00       0          0          0          1
365              CIRCULAR     1.00       0          0          0          1
367              CIRCULAR     1.00       0          0          0          1
369              CIRCULAR     0.67       0          0          0          1
371              CIRCULAR     1.00       0          0          0          1
373              CIRCULAR     1.00       0          0          0          1
375              CIRCULAR     1.00       0          0          0          1
377              CIRCULAR     1.00       0          0          0          1
379              CIRCULAR     1.00       0          0          0          1
381              CIRCULAR     1.00       0          0          0          1
382              CIRCULAR     1.00       0          0          0          1
385              CIRCULAR     0.83       0          0          0          1
387              CIRCULAR     0.83       0          0          0          1
389              CIRCULAR     0.83       0          0          0          1
391              CIRCULAR     1.00       0          0          0          1
393              CIRCULAR     1.00       0          0          0          1
395              CIRCULAR     1.00       0          0          0          1
397              CIRCULAR     0.83       0          0          0          1
399              CIRCULAR     1.00       0          0          0          1
401              CIRCULAR     1.00       0          0          0          1
402              CIRCULAR     1.00       0          0          0          1
405              CIRCULAR     0.83       0          0          0          1
407              CIRCULAR     0.83       0          0          0          1
409              CIRCULAR     0.83       0          0          0          1
410              CIRCULAR     0.83       0          0          0          1
413              CIRCULAR     1.25       0          0          0          1
417              CIRCULAR     1.00       0          0          0          1
425              CIRCULAR     1.00       0          0          0          1
429              CIRCULAR     1.00       0          0          0          1
433              CIRCULAR     0.67       0          0          0          1
435              CIRCULAR     1.50       0          0          0          1
437              CIRCULAR     1.00       0          0          0          1
444              CIRCULAR     1.00       0          0          0          1
451              CIRCULAR     0.67       0          0          0          1
460              CIRCULAR     1.25       0          0          0          1
463              CIRCULAR     1.00       0          0          0          1
28               CIRCULAR     1.00       0          0          0          1
465              CIRCULAR     0.67       0          0          0          1
Adams            CIRCULAR     0.50       0          0          0          1
4th              CIRCULAR     1.00       0          0          0          1
Union            CIRCULAR     0.50       0          0          0          1

[LOSSES]
;;Link           Inlet      Outlet     Average    Flap Gate
;;-------------- ---------- ---------- ---------- ----------
18               0          0          0          NO
37               0          0          0          NO
39               0          0          0          NO
41               0          0          0          NO
43               0          0          0          NO
45               0          0          0          NO
47               0          0          0          NO
49               0          0          0          NO
50               0          0          0          NO
51               0          0          0          NO
52               0          0          0          NO
53               0          0          0          NO
20               0          0          0          NO
14               0          0          0          NO
16               0          0          0          NO
8                0          0          0          NO
6                0          0          0          NO
4                0          0          0          NO
10               0          0          0          NO
12               0          0          0          NO
65               0          0          0          NO
67               0          0          0          NO
69               0          0          0          NO
71               0          0          0          NO
73               0          0          0          NO
75               0          0          0          NO
77               0          0          0          NO
80               0          0          0          NO
82               0          0          0          NO
84               0          0          0          NO
86               0          0          0          NO
88               0          0          0          NO
90               0          0          0          NO
92               0          0          0          NO
94               0          0          0          NO
96               0          0          0          NO
98               0          0          0          NO
100              0          0          0          NO
102              0          0          0          NO
104              0          0          0          NO
106              0          0          0          NO
108              0          0          0          NO
110              0          0          0          NO
112              0          0          0          NO
114              0          0          0          NO
116              0          0          0          NO
118              0          0          0          NO
120              0          0          0          NO
122              0          0          0          NO
124              0          0          0          NO
125              0          0          0          NO
128              0          0          0          NO
130              0          0          0          NO
132              0          0          0          NO
134              0          0          0          NO
136              0          0          0          NO
138              0          0          0          NO
140              0          0          0          NO
142              0          0          0          NO
144              0          0          0          NO
145              0          0          0          NO
148              0          0          0          NO
150              0          0          0          NO
152              0          0          0          NO
154              0          0          0          NO
157              0          0          0          NO
159              0          0          0          NO
161              0          0          0          NO
163              0          0          0          NO
165              0          0          0          NO
167              0          0          0          NO
169              0          0          0          NO
171              0          0          0          NO
173              0          0          0          NO
175              0          0          0          NO
176              0          0          0          NO
179              0          0          0          NO
181              0          0          0          NO
183              0          0          0          NO
185              0          0          0          NO
187              0          0          0          NO
189              0          0          0          NO
191              0          0          0          NO
193              0          0          0          NO
195              0          0          0          NO
197              0          0          0          NO
199              0          0          0          NO
201              0          0          0          NO
203              0          0          0          NO
205              0          0          0          NO
207              0          0          0          NO
209              0          0          0          NO
211              0          0          0          NO
213              0          0          0          NO
215              0          0          0          NO
217              0          0          0          NO
219              0          0          0          NO
221              0          0          0          NO
223              0          0          0          NO
225              0          0          0          NO
227              0          0          0          NO
229              0          0          0          NO
231              0          0          0          NO
233              0          0          0          NO
235              0          0          0          NO
237              0          0          0          NO
239              0          0          0          NO
241              0          0          0          NO
243              0          0          0          NO
245              0          0          0          NO
247              0          0          0          NO
249              0          0          0          NO
251              0          0          0          NO
253              0          0          0          NO
255              0          0          0          NO
258              0          0          0          NO
260              0          0          0          NO
262              0          0          0          NO
264              0          0          0          NO
266              0          0          0          NO
267              0          0          0          NO
270              0          0          0          NO
272              0          0          0          NO
274              0          0          0          NO
276              0          0          0          NO
278              0          0          0          NO
280              0          0          0          NO
282              0          0          0          NO
284              0          0          0          NO
289              0          0          0          NO
291              0          0          0          NO
293              0          0          0          NO
294              0          0          0          NO
297              0          0          0          NO
299              0          0          0          NO
301              0          0          0          NO
303              0          0          0          NO
305              0          0          0          NO
307              0          0          0          NO
309              0          0          0          NO
311              0          0          0          NO
313              0          0          0          NO
316              0          0          0          NO
318              0          0          0          NO
320              0          0          0          NO
322              0          0          0          NO
323              0          0          0          NO
329              0          0          0          NO
331              0          0          0          NO
333              0          0          0          NO
335              0          0          0          NO
337              0          0          0          NO
339              0          0          0          NO
341              0          0          0          NO
343              0          0          0          NO
345              0          0          0          NO
347              0          0          0          NO
349              0          0          0          NO
352              0          0          0          NO
353              0          0          0          NO
356              0          0          0          NO
358              0          0          0          NO
359              0          0          0          NO
361              0          0          0          NO
363              0          0          0          NO
365              0          0          0          NO
367              0          0          0          NO
369              0          0          0          NO
371              0          0          0          NO
373              0          0          0          NO
375              0          0          0          NO
377              0          0          0          NO
379              0          0          0          NO
381              0          0          0          NO
382              0          0          0          NO
385              0          0          0          NO
387              0          0          0          NO
389              0          0          0          NO
391              0          0          0          NO
393              0          0          0          NO
395              0          0          0          NO
397              0          0          0          NO
399              0          0          0          NO
401              0          0          0          NO
402              0          0          0          NO
405              0          0          0          NO
407              0          0          0          NO
409              0          0          0          NO
410              0          0          0          NO
413              0          0          0          NO
417              0          0          0          NO
425              0          0          0          NO
429              0          0          0          NO
433              0          0          0          NO
435              0          0          0          NO
437              0          0          0          NO
444              0          0          0          NO
451              0          0          0          NO
460              0          0          0          NO
463              0          0          0          NO
28               0          0          0          NO
465              0          0          0          NO
Adams            0          0          0          NO
4th              0          0          0          NO
Union            0          0          0          NO

[INFLOWS]
;;Node           Constituent  Time Series      Type     Mfactor  Sfactor  Baseline Pattern
;;-------------- ------------ ---------------- -------- -------- -------- -------- --------
2                FLOW         ""               FLOW     1.0      1.0      0.00
3                FLOW         ""               FLOW     1.0      1.0      0.01
5                FLOW         ""               FLOW     1.0      1.0      0.00
7                FLOW         ""               FLOW     1.0      1.0      0.00
9                FLOW         ""               FLOW     1.0      1.0      0.00
11               FLOW         ""               FLOW     1.0      1.0      0.00
13               FLOW         ""               FLOW     1.0      1.0      0.00
15               FLOW         ""               FLOW     1.0      1.0      0.01
17               FLOW         ""               FLOW     1.0      1.0      0.03
19               FLOW         ""               FLOW     1.0      1.0      0.00
21               FLOW         ""               FLOW     1.0      1.0      0.00
23               FLOW         ""               FLOW     1.0      1.0      0.00
25               FLOW         ""               FLOW     1.0      1.0      0.00
27               FLOW         ""               FLOW     1.0      1.0      0.00
29               FLOW         ""               FLOW     1.0      1.0      0.00
31               FLOW         ""               FLOW     1.0      1.0      0.02
33               FLOW         ""               FLOW     1.0      1.0      0.00
36               FLOW         ""               FLOW     1.0      1.0      0.00
38               FLOW         ""               FLOW     1.0      1.0      0.00
40               FLOW         ""               FLOW     1.0      1.0      0.01
42               FLOW         ""               FLOW     1.0      1.0      0.01
44               FLOW         ""               FLOW     1.0      1.0      0.05
46               FLOW         ""               FLOW     1.0      1.0      0.02
63               FLOW         ""               FLOW     1.0      1.0      0.02
64               FLOW         ""               FLOW     1.0      1.0      0.00
66               FLOW         ""               FLOW     1.0      1.0      0.00
68               FLOW         ""               FLOW     1.0      1.0      0.00
70               FLOW         ""               FLOW     1.0      1.0      0.00
72               FLOW         ""               FLOW     1.0      1.0      0.00
74               FLOW         ""               FLOW     1.0      1.0      0.00
76               FLOW         ""               FLOW     1.0      1.0      0.03
78               FLOW         ""               FLOW     1.0      1.0      0.00
79               FLOW         ""               FLOW     1.0      1.0      0.01
81               FLOW         ""               FLOW     1.0      1.0      0.00
83               FLOW         ""               FLOW     1.0      1.0      0.00
85               FLOW         ""               FLOW     1.0      1.0      0.00
87               FLOW         ""               FLOW     1.0      1.0      0.00
89               FLOW         ""               FLOW     1.0      1.0      0.00
91               FLOW         ""               FLOW     1.0      1.0      0.00
93               FLOW         ""               FLOW     1.0      1.0      0.00
95               FLOW         ""               FLOW     1.0      1.0      0.05
97               FLOW         ""               FLOW     1.0      1.0      0.04
99               FLOW         ""               FLOW     1.0      1.0      0.00
101              FLOW         ""               FLOW     1.0      1.0      0.00
103              FLOW         ""               FLOW     1.0      1.0      0.07
105              FLOW         ""               FLOW     1.0      1.0      0.03
107              FLOW         ""               FLOW     1.0      1.0      0.03
109              FLOW         ""               FLOW     1.0      1.0      0.03
111              FLOW         ""               FLOW     1.0      1.0      0.03
113              FLOW         ""               FLOW     1.0      1.0      0.06
115              FLOW         ""               FLOW     1.0      1.0      0.03
117              FLOW         ""               FLOW     1.0      1.0      0.00
119              FLOW         ""               FLOW     1.0      1.0      0.03
121              FLOW         ""               FLOW     1.0      1.0      0.00
123              FLOW         ""               FLOW     1.0      1.0      0.00
126              FLOW         ""               FLOW     1.0      1.0      0.00
127              FLOW         ""               FLOW     1.0      1.0      0.00
129              FLOW         ""               FLOW     1.0      1.0      0.00
131              FLOW         ""               FLOW     1.0      1.0      0.01
133              FLOW         ""               FLOW     1.0      1.0      0.02
135              FLOW         ""               FLOW     1.0      1.0      0.01
137              FLOW         ""               FLOW     1.0      1.0      0.00
139              FLOW         ""               FLOW     1.0      1.0      0.00
141              FLOW         ""               FLOW     1.0      1.0      0.00
143              FLOW         ""               FLOW     1.0      1.0      0.00
146              FLOW         ""               FLOW     1.0      1.0      0.01
147              FLOW         ""               FLOW     1.0      1.0      0.02
149              FLOW         ""               FLOW     1.0      1.0      0.01
151              FLOW         ""               FLOW     1.0      1.0      0.02
153              FLOW         ""               FLOW     1.0      1.0      0.05
155              FLOW         ""               FLOW     1.0      1.0      0.07
156              FLOW         ""               FLOW     1.0      1.0      0.00
158              FLOW         ""               FLOW     1.0      1.0      0.00
160              FLOW         ""               FLOW     1.0      1.0      0.01
162              FLOW         ""               FLOW     1.0      1.0      0.00
164              FLOW         ""               FLOW     1.0      1.0      0.00
166              FLOW         ""               FLOW     1.0      1.0      0.03
168              FLOW         ""               FLOW     1.0      1.0      0.03
170              FLOW         ""               FLOW     1.0      1.0      0.03
172              FLOW         ""               FLOW     1.0      1.0      0.00
174              FLOW         ""               FLOW     1.0      1.0      0.02
177              FLOW         ""               FLOW     1.0      1.0      0.00
178              FLOW         ""               FLOW     1.0      1.0      0.00
180              FLOW         ""               FLOW     1.0      1.0      0.04
182              FLOW         ""               FLOW     1.0      1.0      0.00
184              FLOW         ""               FLOW     1.0      1.0      0.00
186              FLOW         ""               FLOW     1.0      1.0      0.01
188              FLOW         ""               FLOW     1.0      1.0      0.00
190              FLOW         ""               FLOW     1.0      1.0      0.00
192              FLOW         ""               FLOW     1.0      1.0      0.00
194              FLOW         ""               FLOW     1.0      1.0      0.00
196              FLOW         ""               FLOW     1.0      1.0      0.00
198              FLOW         ""               FLOW     1.0      1.0      0.00
200              FLOW         ""               FLOW     1.0      1.0      0.00
202              FLOW         ""               FLOW     1.0      1.0      0.02
204              FLOW         ""               FLOW     1.0      1.0      0.00
206              FLOW         ""               FLOW     1.0      1.0      0.00
208              FLOW         ""               FLOW     1.0      1.0      0.00
210              FLOW         ""               FLOW     1.0      1.0      0.03
212              FLOW         ""               FLOW     1.0      1.0      0.00
214              FLOW         ""               FLOW     1.0      1.0      0.00
216              FLOW         ""               FLOW     1.0      1.0      0.00
218              FLOW         ""               FLOW     1.0      1.0      0.07
220              FLOW         ""               FLOW     1.0      1.0      0.00
222              FLOW         ""               FLOW     1.0      1.0      0.00
224              FLOW         ""               FLOW     1.0      1.0      0.00
226              FLOW         ""               FLOW     1.0      1.0      0.00
228              FLOW         ""               FLOW     1.0      1.0      0.07
230              FLOW         ""               FLOW     1.0      1.0      0.01
232              FLOW         ""               FLOW     1.0      1.0      0.00
234              FLOW         ""               FLOW     1.0      1.0      0.00
236              FLOW         ""               FLOW     1.0      1.0      0.00
238              FLOW         ""               FLOW     1.0      1.0      0.00
240              FLOW         ""               FLOW     1.0      1.0      0.01
242              FLOW         ""               FLOW     1.0      1.0      0.00
244              FLOW         ""               FLOW     1.0      1.0      0.00
246              FLOW         ""               FLOW     1.0      1.0      0.01
248              FLOW         ""               FLOW     1.0      1.0      0.00
250              FLOW         ""               FLOW     1.0      1.0      0.00
252              FLOW         ""               FLOW     1.0      1.0      0.00
254              FLOW         ""               FLOW     1.0      1.0      0.00
256              FLOW         ""               FLOW     1.0      1.0      0.00
257              FLOW         ""               FLOW     1.0      1.0      0.00
259              FLOW         ""               FLOW     1.0      1.0      0.00
261              FLOW         ""               FLOW     1.0      1.0      0.00
263              FLOW         ""               FLOW     1.0      1.0      0.00
265              FLOW         ""               FLOW     1.0      1.0      0.00
268              FLOW         ""               FLOW     1.0      1.0      0.11
269              FLOW         ""               FLOW     1.0      1.0      0.04
271              FLOW         ""               FLOW     1.0      1.0      0.00
273              FLOW         ""               FLOW     1.0      1.0      0.01
275              FLOW         ""               FLOW     1.0      1.0      0.00
277              FLOW         ""               FLOW     1.0      1.0      0.00
279              FLOW         ""               FLOW     1.0      1.0      0.01
281              FLOW         ""               FLOW     1.0      1.0      0.00
283              FLOW         ""               FLOW     1.0      1.0      0.01
285              FLOW         ""               FLOW     1.0      1.0      0.00
288              FLOW         ""               FLOW     1.0      1.0      0.00
290              FLOW         ""               FLOW     1.0      1.0      0.00
292              FLOW         ""               FLOW     1.0      1.0      0.00
295              FLOW         ""               FLOW     1.0      1.0      0.01
296              FLOW         ""               FLOW     1.0      1.0      0.00
298              FLOW         ""               FLOW     1.0      1.0      0.01
300              FLOW         ""               FLOW     1.0      1.0      0.00
302              FLOW         ""               FLOW     1.0      1.0      0.03
304              FLOW         ""               FLOW     1.0      1.0      0.03
306              FLOW         ""               FLOW     1.0      1.0      0.01
308              FLOW         ""               FLOW     1.0      1.0      0.00
310              FLOW         ""               FLOW     1.0      1.0      0.00
312              FLOW         ""               FLOW     1.0      1.0      0.00
314              FLOW         ""               FLOW     1.0      1.0      0.07
315              FLOW         ""               FLOW     1.0      1.0      0.01
317              FLOW         ""               FLOW     1.0      1.0      0.00
319              FLOW         ""               FLOW     1.0      1.0      0.00
321              FLOW         ""               FLOW     1.0      1.0      0.01
328              FLOW         ""               FLOW     1.0      1.0      0.00
330              FLOW         ""               FLOW     1.0      1.0      0.00
332              FLOW         ""               FLOW     1.0      1.0      0.00
334              FLOW         ""               FLOW     1.0      1.0      0.00
336              FLOW         ""               FLOW     1.0      1.0      0.02
338              FLOW         ""               FLOW     1.0      1.0      0.00
340              FLOW         ""               FLOW     1.0      1.0      0.00
342              FLOW         ""               FLOW     1.0      1.0      0.05
344              FLOW         ""               FLOW     1.0      1.0      0.00
346              FLOW         ""               FLOW     1.0      1.0      0.00
348              FLOW         ""               FLOW     1.0      1.0      0.00
350              FLOW         ""               FLOW     1.0      1.0      0.04
351              FLOW         ""               FLOW     1.0      1.0      0.01
354              FLOW         ""               FLOW     1.0      1.0      0.01
355              FLOW         ""               FLOW     1.0      1.0      0.02
357              FLOW         ""               FLOW     1.0      1.0      0.00
360              FLOW         ""               FLOW     1.0      1.0      0.00
362              FLOW         ""               FLOW     1.0      1.0      0.00
364              FLOW         ""               FLOW     1.0      1.0      0.01
366              FLOW         ""               FLOW     1.0      1.0      0.00
368              FLOW         ""               FLOW     1.0      1.0      0.01
370              FLOW         ""               FLOW     1.0      1.0      0.00
372              FLOW         ""               FLOW     1.0      1.0      0.00
374              FLOW         ""               FLOW     1.0      1.0      0.00
376              FLOW         ""               FLOW     1.0      1.0      0.00
378              FLOW         ""               FLOW     1.0      1.0      0.00
380              FLOW         ""               FLOW     1.0      1.0      0.00
383              FLOW         ""               FLOW     1.0      1.0      0.02
384              FLOW         ""               FLOW     1.0      1.0      0.02
386              FLOW         ""               FLOW     1.0      1.0      0.01
388              FLOW         ""               FLOW     1.0      1.0      0.01
390              FLOW         ""               FLOW     1.0      1.0      0.01
392              FLOW         ""               FLOW     1.0      1.0      0.01
394              FLOW         ""               FLOW     1.0      1.0      0.00
396              FLOW         ""               FLOW     1.0      1.0      0.00
398              FLOW         ""               FLOW     1.0      1.0      0.01
400              FLOW         ""               FLOW     1.0      1.0      0.00
403              FLOW         ""               FLOW     1.0      1.0      0.01
404              FLOW         ""               FLOW     1.0      1.0      0.00
406              FLOW         ""               FLOW     1.0      1.0      0.00
408              FLOW         ""               FLOW     1.0      1.0      0.00
412              FLOW         ""               FLOW     1.0      1.0      0.01
414              FLOW         ""               FLOW     1.0      1.0      0.00
424              FLOW         ""               FLOW     1.0      1.0      0.00
436              FLOW         ""               FLOW     1.0      1.0      0.00
443              FLOW         ""               FLOW     1.0      1.0      0.08
450              FLOW         ""               FLOW     1.0      1.0      0.00

[COORDINATES]
;;Node           X-Coord            Y-Coord
;;-------------- ------------------ ------------------
2                -5874.92           6967.77           
3                -5795.70           6698.22           
5                -5689.57           6416.28           
7                -5557.90           6099.69           
9                -5930.49           7125.46           
11               -6093.98           7010.56           
13               -6335.81           6936.53           
15               -6597.16           7062.11           
17               -6535.09           6728.49           
19               -6033.80           6720.68           
21               -6043.51           6399.65           
23               -6029.45           6059.62           
25               -6039.55           5733.50           
27               -6500.07           5737.17           
29               -6485.80           5615.26           
31               -6491.12           5425.84           
33               -5512.26           6027.69           
36               -5245.38           5360.88           
38               -5277.76           5257.27           
40               -5153.33           4972.43           
42               -5018.49           4673.46           
44               -4870.07           4307.07           
46               -4728.89           3936.28           
63               -16872.52          5952.70           
64               -16512.26          5789.12           
66               -16152.90          5616.34           
68               -15676.56          5392.10           
70               -15429.04          5272.02           
72               -15063.88          5100.10           
74               -14704.51          4936.27           
76               -14375.22          4803.93           
78               -12541.68          4915.69           
79               -12073.55          4925.59           
81               -11785.83          4924.34           
83               -11488.98          4931.43           
85               -11267.48          4923.67           
87               -11023.35          4918.72           
89               -10782.77          4922.60           
91               -10544.13          4923.67           
93               -10155.28          4925.61           
95               -9912.21           4925.61           
97               -9606.54           4929.81           
99               -9205.42           4968.29           
101              -8990.07           4964.41           
103              -8668.00           4972.17           
105              -8369.22           4976.05           
107              -8000.59           4972.17           
109              -7641.13           4972.17           
111              -7240.05           4981.87           
113              -6891.55           4968.97           
115              -6510.55           4958.59           
117              -6301.01           4964.41           
119              -6116.38           4966.35           
121              -5702.48           4964.41           
123              -5428.59           4957.86           
126              -5087.29           8858.13           
127              -5443.28           8864.13           
129              -5803.93           8861.66           
131              -6183.20           8860.64           
133              -6180.87           8664.90           
135              -6180.87           8495.34           
137              -6190.18           8177.44           
139              -6183.20           7775.06           
141              -6191.73           7571.85           
143              -6070.46           7360.39           
146              -4736.09           9937.40           
147              -4731.29           9676.03           
149              -4728.97           9224.64           
151              -4734.51           8854.53           
153              -4739.85           8496.36           
155              -7991.10           10541.59          
156              -7989.89           10119.68          
158              -7654.98           10108.23          
160              -7282.55           10113.71          
162              -6906.97           10213.51          
164              -6555.48           10205.52          
166              -6180.87           10207.70          
168              -6178.54           9945.94           
170              -6176.22           9587.61           
172              -6177.77           9437.15           
174              -6188.00           9226.96           
177              -13969.35          13744.15          
178              -13972.01          13445.47          
180              -13972.01          13155.12          
182              -13969.35          13003.19          
184              -13958.69          12686.02          
186              -13942.69          12379.51          
188              -13884.06          12160.96          
190              -13788.11          11993.04          
192              -13641.30          11802.96          
194              -13447.28          11656.75          
196              -13199.24          11488.34          
198              -12926.82          11437.87          
200              -12600.65          11520.26          
202              -12599.38          10830.28          
204              -12594.05          10263.25          
206              -12408.69          10226.62          
208              -12124.95          10223.95          
210              -11974.39          10225.94          
212              -11787.14          10082.01          
214              -11610.54          9940.75           
216              -11317.36          9740.85           
218              -11141.45          9338.39           
220              -10877.58          9234.44           
222              -10632.67          9095.84           
224              -10560.41          8882.62           
226              -10360.51          8865.95           
228              -10285.88          8855.28           
230              -10046.00          8861.30           
232              -9859.21           8932.04           
234              -9688.47           8963.18           
236              -9539.54           9032.26           
238              -9212.44           8989.46           
240              -9094.49           9287.75           
242              -9001.66           9287.07           
244              -8795.97           9225.76           
246              -8721.34           9237.10           
248              -8363.96           9247.77           
250              -8361.06           9074.28           
252              -8350.63           8863.32           
254              -8095.30           8871.96           
256              -6934.16           8828.08           
257              -6855.77           8675.06           
259              -6747.03           8492.98           
261              -6510.65           8153.89           
263              -6384.77           7974.62           
265              -6274.53           7747.42           
268              -12205.25          8467.40           
269              -11896.13          8297.55           
271              -11766.21          8239.71           
273              -11573.57          8449.87           
275              -11414.55          8355.40           
277              -10929.85          8094.96           
279              -10610.37          7916.75           
281              -10446.73          8055.17           
283              -10186.82          8220.07           
285              -10249.94          8394.85           
288              -10172.12          8418.51           
290              -10198.45          8553.31           
292              -10254.60          8575.83           
295              -15031.73          9954.30           
296              -14827.58          9872.64           
298              -14950.07          9638.08           
300              -14946.67          9314.63           
302              -14956.88          8964.16           
304              -14956.88          8644.33           
306              -14960.28          8307.48           
308              -14711.89          8310.88           
310              -14453.30          8300.67           
312              -14436.29          8154.36           
314              -15300.53          7215.48           
315              -14790.15          7205.06           
317              -14432.89          7194.85           
319              -14432.89          7586.14           
321              -14435.63          7977.43           
327              -14427.82          7614.36           
328              -13979.03          7602.38           
330              -13616.24          7595.94           
332              -13171.72          7600.38           
334              -12715.24          7596.40           
336              -12726.72          7185.76           
338              -12256.76          7189.75           
340              -11792.31          7187.76           
342              -11350.70          7173.80           
344              -11333.22          7361.18           
346              -10876.28          7371.15           
348              -10486.65          7455.35           
350              -11334.61          7969.16           
351              -11348.71          7572.48           
354              -12070.42          3824.85           
355              -12066.15          4241.84           
357              -12088.14          4626.75           
360              -9944.19           7857.29           
362              -9808.61           8012.95           
364              -9627.85           7807.07           
366              -9437.03           8173.56           
368              -9698.14           8284.18           
370              -9258.74           8133.46           
372              -9107.87           8148.26           
374              -8944.64           8193.72           
376              -8706.16           8289.12           
378              -8636.09           8495.00           
380              -8441.66           8680.79           
383              -9668.02           5245.71           
384              -9672.96           5582.77           
386              -9667.94           5894.17           
388              -9662.92           6225.50           
390              -9657.97           6561.78           
392              -9663.00           6908.25           
394              -9668.02           7269.79           
396              -9512.74           7309.48           
398              -9457.12           7495.75           
400              -9085.54           7862.31           
403              -10576.88          6426.20           
404              -10330.84          6426.20           
406              -10024.53          6913.27           
408              -9848.79           7209.53           
412              -17359.43          6187.31           
414              -5892.14           7118.61           
424              -5838.75           6982.75           
426              -5828.49           6961.03           
428              -5587.29           6273.63           
430              -5538.92           6108.26           
434              -5474.14           6297.20           
436              -14374.56          8158.87           
438              -14374.00          8142.31           
443              -8097.90           8794.71           
445              -8072.82           8805.14           
450              -4675.22           8493.44           
452              -4655.80           8479.32           
459              -14276.84          4738.98           
461              -14242.75          4802.29           

[MAP]
DIMENSIONS -17359.43 3824.85 -4655.80 13744.15
Units      None

[REPORT]
INPUT            YES
SUBCATCHMENTS    ALL
NODES            ALL
LINKS            ALL



