;; SWMM5 .inp converted from XPSWMM .xp file
;; Generated by XPSWMM Card Reader
;; Source format: XP_CARD | Original title: West Basins Baird MHP

[TITLE]
;;Project Title/Notes
West Basins Baird MHP

[OPTIONS]
FLOW_UNITS           CFS
INFILTRATION         HORTON
FLOW_ROUTING         DYNWAVE
LINK_OFFSETS         DEPTH
MIN_SLOPE            0.0
ALLOW_PONDING        NO
SKIP_STEADY_STATE    NO
ROUTING_STEP         00:00:60
VARIABLE_STEP        0.75
INERTIAL_DAMPING     PARTIAL
NORMAL_FLOW_LIMITED  BOTH
HEAD_TOLERANCE       0.0033

[JUNCTIONS]
;;Name           Elev       MaxDepth   InitDepth  SurDepth   Aponded
;;-------------- ---------- ---------- ---------- ---------- ----------
mh               138.00     0          0          0          0
mh               135.00     0          0          0          0
o/flow           130.00     0          0          0          0
mh               155.00     0          0          0          0
mh               120.00     0          0          0          0
mh               111.00     0          0          0          0
outlet           100.00     0          0          0          0
mh               137.00     0          0          0          0
mh               130.00     0          0          0          0
mh               125.00     0          0          0          0
10926            70.00      0          1.00       0          0
10856            70.00      0          1.00       0          0
10801            70.00      0          1.00       0          0
10749            70.00      0          1.00       0          0
10619            70.00      0          1.00       0          0
10535            70.00      0          1.00       0          0
10460            70.00      0          1.00       0          0
10350            70.00      0          1.00       0          0
10205            70.00      0          1.00       0          0
10155            70.00      0          1.00       0          0
Watershed        0          0          0          0          0
202              0          0          0          0          0
K4.3             100.00     0          0          0          0
K4.2             100.00     0          0          0          0
Outfall          100.00     0          0          0          0
255              5.00       0          0          0          0
485              830.70     0          0          0          0
210              0          0          0          0          0
86000            828.70     0          0          0          0
BMPa             0          0          0          0          0
85000            826.90     0          0          0          0
110              9.19       0          0          0          0
109              9.40       0          0          0          0
108              8.48       0          0          0          0
107              8.77       0          0          0          0
106              9.14       0          0          0          0
18000            829.90     0          0          0          0
104              9.24       0          0          0          0
102              9.80       0          0          0          0
11300            830.70     0          0          0          0
103              9.47       0          0          0          0
14000            829.20     0          0          0          0
112              9.15       0          0          0          0
13900            828.50     0          0          0          0
102              0          0          0          0          0
103              0          0          0          0          0
104              0          0          0          0          0
105              0          0          0          0          0
9600             70.00      0          1.00       0          0
9000             70.00      0          1.00       0          0
8650             70.00      0          1.00       0          0
8400             70.00      0          1.00       0          0
8250             70.00      0          1.00       0          0
7700             70.00      0          1.00       0          0
7580             70.00      0          1.00       0          0
7400             70.00      0          1.00       0          0
7120             70.00      0          1.00       0          0
7000             70.00      0          1.00       0          0
6900             70.00      0          1.00       0          0
11600            801.20     0          0          0          0
84000            846.70     0          0          0          0
83000            826.10     0          0          0          0
Prior            873.00     0          0          0          0
PikeLkRdDS       818.90     0          0          0          0
CR               781.30     0          0          0          0
PD1              755.03     0          0          0          0
PD2              755.50     0          0          0          0
Outfall          705.00     0          0          0          0
5990             70.00      0          1.00       0          0
5500             70.00      0          1.00       0          0
5000             70.00      0          1.00       0          0
77000            830.50     0          0          0          0
78000            824.10     0          0          0          0
77010            850.00     0          0          0          0
10000            70.00      0          1.00       0          0
75000            825.30     0          0          0          0
PikeLkRdUS       818.90     0          0          0          0
74000            824.00     0          0          0          0
CR               781.30     0          0          0          0
72000            828.70     0          0          0          0
CP4              758.00     0          0          0          0
PD3              753.00     0          0          0          0
PD2              755.50     0          0          0          0
71010            841.00     0          0          0          0
PD3              753.00     0          0          0          0
70000            817.00     0          0          0          0
DeanLkRdUS       745.30     0          0          0          0
10320            70.00      0          1.00       0          0
PD1              755.00     0          0          0          0
69000            817.60     0          0          0          0
f1               298.54     0          0          0          0
f2               309.06     0          0          0          0
55000            832.30     0          0          0          0
55010            848.00     0          0          0          0
57000            823.00     0          0          0          0
1                101.00     0          0          0          0
2                101.00     0          0          0          0
DeanLkRdDS       745.30     0          0          0          0
3                101.00     0          0          0          0
4                101.00     0          0          0          0
inflo1           100.00     0          0          0          0
inflo2           100.00     0          0          0          0
61000            813.80     0          0          0          0
inflo3           100.00     0          0          0          0
65000            806.00     0          0          0          0
roadjunc         100.00     0          0          0          0
63000            815.50     0          0          0          0
62000            812.20     0          0          0          0
outletp          101.00     0          0          0          0
outletrd         100.00     0          0          0          0
60010            834.00     0          0          0          0
47000            811.10     0          0          0          0
48000            827.50     0          0          0          0
54000            819.00     0          0          0          0
53000            812.70     0          0          0          0
f3               295.96     0          0          0          0
50000            816.10     0          0          0          0
11200            808.90     0          0          0          0
outlet           289.00     0          0          0          0
49000            816.30     0          0          0          0
40000            825.40     0          0          0          0
41000            827.40     0          0          0          0
42000            816.00     0          0          0          0
43000            810.40     0          0          0          0
11000            810.50     0          0          0          0
44000            812.10     0          0          0          0
38000            825.00     0          0          0          0
39000            823.30     0          0          0          0
44010            825.00     0          0          0          0
36000            813.20     0          0          0          0
35000            807.30     0          0          0          0
34000            820.00     0          0          0          0
33000            807.80     0          0          0          0
33010            840.00     0          0          0          0
32000            815.00     0          0          0          0
31500            805.00     0          0          0          0
30010            819.50     0          0          0          0
30005            817.50     0          0          0          0
30000            824.00     0          0          0          0
25000            817.00     0          0          0          0
27000            823.70     0          0          0          0
27010            844.00     0          0          0          0
29000            800.20     0          0          0          0
28000            793.20     0          0          0          0
last             717.00     0          0          0          0
second           698.00     0          0          0          0
outfall          693.00     0          0          0          0
43000            810.40     0          0          0          0

[OUTFALLS]
;;Name           Elev       Type       Stage      Gated
;;-------------- ---------- ---------- ---------- -----
208              0          FREE                  NO

[STORAGE]
;;Name           Elev       MaxDepth   InitDepth  Shape      Curve/Params
;;-------------- ---------- ---------- ---------- ---------- ----------
reserv           150.00     0          0          FUNCTIONAL 10.00 0          0
lake             100.00     0          0          FUNCTIONAL 0 0          0
mh               125.00     -25.00     0          FUNCTIONAL 0 0          0
10976            70.00      -39.44     1.00       FUNCTIONAL 0 0          0
Inflow           100.00     -85.00     0          FUNCTIONAL 0 0          0
100              0          0          0          FUNCTIONAL 10000.00 0          0
6250             70.00      219.00     1.00       FUNCTIONAL 0 0          0
Pike             830.00     0          0          FUNCTIONAL 0 0          0
Dean             752.00     0          0          FUNCTIONAL 0 0          0
11100            812.00     0          0          FUNCTIONAL 6000.00 0          0
NP               289.00     -2.00      0          FUNCTIONAL 0 0          0
45000            810.00     0          0          FUNCTIONAL 99999.00 0          0
37000            811.00     0          0          FUNCTIONAL 35300.00 0          0

[CONDUITS]
;;Name           From             To               Length     Roughness  InOffset   OutOffset  InitFlow   MaxFlow
;;-------------- ---------------- ---------------- ---------- ---------- ---------- ---------- ---------- ----------
chan1            reserv           mh               500.00     0.0200     100.00     99.00      0          0
la1              mh               mh               1800.00    0.0150     124.60     118.30     0          0
spill            reserv           o/flow           100.00     0.0050     103.00     103.00     0          0
la2              mh               mh               2075.00    0.0150     118.30     114.50     0          0
la3              mh               mh               5000.00    0.0340     112.30     102.80     0          0
la4              mh               mh               500.00     0.0150     102.80     102.00     0          0
la5              mh               mh               300.00     0.0150     102.00     101.60     0          0
la6              mh               outlet           4500.00    0.0160     101.60     89.90      0          0
lb1              mh               mh               5100.00    0.0150     128.20     117.50     0          0
lb2              mh               mh               3500.00    0.0150     117.50     111.50     0          0
lb3              mh               mh               5000.00    0.0154     111.50     102.00     0          0
P13.1            P13              10801            55.00      0          9.10       9.10       0          0
P2.1             P2               10155            50.00      0          1.56       1.56       0          0
P17              10976            10926            50.00      0          0.56       0.40       0          0
P15              10926            10856            70.00      0          0.40       0.35       0          0
P12              10801            10749            52.00      0          0.30       0.25       0          0
P11              10749            10619            130.00     0          0.25       0.20       0          0
207              ?                ?                10.00      0.0150     0          0          0          0
pipe1            Inflow           K4.3             100.00     0.0140     81.00      80.00      0          0
209              ?                ?                10.00      0.0150     0          0          0          0
pipe2            K4.2             Outfall          100.00     0.0140     80.00      79.00      0          0
211              ?                ?                10.00      0.0150     0          0          0          0
212.1            212.2            212.3            10.00      0.0150     0          0          0          0
ab               BMPa             Watershed        100.00     0.0120     0          0          0          0
8500             85000            86000            180.00     0.0170     824.60     824.20     0          0
216.1            216.2            216.3            210.00     0.0220     6.20       5.89       0          0
217              ?                ?                33.00      0.0140     0.03       0          0          0
209              109              108              165.00     0.0220     5.89       5.26       0          0
208              108              107              40.00      0.0220     5.26       4.31       0          0
207              107              106              90.00      0.0220     4.31       3.66       0          0
206              106              208              40.00      0.0220     3.66       2.50       0          0
2000             107              18000            223.00     0.0170     822.90     822.35     0          0
204              104              102              105.00     0.0220     3.10       3.06       0          0
202              102              210              32.00      0.0220     3.06       2.11       0          0
1130             11300            102              317.00     0.0170     824.00     822.44     0          0
203              103              102              105.00     0.0220     3.14       3.06       0          0
1600             102              14000            386.00     0.0170     822.40     821.32     0          0
212              112              K4.3             110.00     0.0220     3.17       3.08       0          0
1400             14000            13900            232.00     0.0170     821.20     820.88     0          0
121              100              102              700.00     0.0350     10.00      8.60       0          0
122              102              103              1100.00    0.0350     10.00      7.80       0          0
123              103              104              2400.00    0.0350     10.00      5.20       0          0
125              104              9000             1600.00    0.0350     10.00      9.99       0          0
1240             9000             8400             353.00     0.0170     818.50     817.00     0          0
BB7              8400             7700             695.00     0.0130     292.32     289.09     0          0
BB8              7700             7400             609.00     0.0130     289.09     285.81     0          0
BB9              7400             7000             710.00     0.0130     285.72     281.64     0          0
BB10             7000             6250             445.00     0.0130     281.64     278.93     0          0
c2               9600             9000             600.00     0          -1.67      -2.43      0          0
c3               9000             8650             350.00     0          -2.43      -3.36      0          0
c4               8650             8400             250.00     0          -3.36      -3.18      0          0
8405             108              84000            249.00     0.0170     822.00     820.50     0          0
c5               8400             8250             150.00     0          -3.18      -2.04      0          0
c6               8250             7700             470.00     0          -2.04      -3.25      0          0
c7               7700             7580             200.00     0          -3.25      -2.59      0          0
c8               7580             7400             180.00     0          -2.59      -1.88      0          0
c9               7400             7120             200.00     0          -1.88      -3.52      0          0
c10              7120             7000             200.00     0          -3.52      -3.94      0          0
c11              7000             6900             150.00     0          -3.94      -3.71      0          0
c12              6900             6250             600.00     0          -3.71      -2.87      0          0
8000             PD2              Outfall          198.00     0.0170     812.50     811.90     0          0
c13              6250             5990             260.00     0          -2.87      -3.77      0          0
c14              5990             5500             490.00     0          -3.77      -4.58      0          0
c15              5500             5000             500.00     0          -4.58      -4.90      0          0
7701             77010            Outfall          120.00     0.0170     812.10     811.90     0          0
c1               10000            9600             580.00     0          -1.00      -1.67      0          0
c0               10155            10000            161.00     0          0          -1.00      0          0
CP               Pike             PikeLkRdUS       2000.00    0.0350     822.00     806.93     0          0
7500             75000            74000            323.00     0.0170     810.90     809.26     0          0
P6               10460            10350            107.00     0          0.17       0.07       0          0
CP               CR               CP4              1700.00    0.0350     766.30     753.00     0          0
7300             CP4              74000            274.00     0.0170     819.20     809.26     0          0
CP               PD1              PD2              650.00     0.0350     749.93     748.55     0          0
CP               PD2              PD3              750.00     0.0350     748.55     747.84     0          0
P8.1             P8               10460            335.00     0.0170     806.70     801.87     0          0
CP               PD3              Dean             1500.00    0.0350     747.84     747.00     0          0
7101             71010            70000            150.00     0.0170     798.50     796.70     0          0
CP               Dean             DeanLkRdUS       200.00     0.0350     747.00     740.30     0          0
P5               P5.1             10320            30.00      0.0500     0.07       0.07       0          0
P5b              10320            10205            118.00     0          0.07       0.05       0          0
6800             PD1              69000            400.00     0.0170     813.50     811.50     0          0
FF1              f1               f2               1892.00    0.0130     291.04     287.06     0          0
FF2              f2               f3               718.00     0.0130     287.06     285.96     0          0
pipe1            1                2                199.00     0.0170     814.80     813.80     0          0
pipe2            2                3                200.00     0.0140     740.30     700.00     0          0
pipe3            3                4                7000.00    0.0350     868.00     860.41     0          0
5900             4                inflo1           330.00     0.0170     807.30     804.06     0          0
road             inflo1           inflo2           10.00      0.0140     99.40      99.30      0          0
5901             inflo1           61000            120.00     0.0170     798.20     797.20     0          0
road             inflo2           inflo3           10.00      0.0140     99.30      99.25      0          0
road             inflo3           roadjunc         55.00      0.0140     99.25      99.10      0          0
6200             62000            61000            336.00     0.0170     798.80     797.20     0          0
user1            4                outletp          110.00     0.0150     96.40      96.00      0          0
road             roadjunc         outletrd         103.00     0.0140     99.10      99.00      0          0
6000             outletrd         60010            114.00     0.0170     803.00     802.53     0          0
6001             60010            61000            110.00     0.0170     797.70     797.20     0          0
6100             61000            70000            324.00     0.0170     797.20     796.70     0          0
7000             70000            47000            360.00     0.0170     796.70     795.80     0          0
4700             47000            48000            364.00     0.0170     795.80     795.10     0          0
5400             54000            53000            255.00     0.0170     813.80     808.70     0          0
FF3              f3               6250             1007.00    0.0130     285.96     283.89     0          0
NS               NP               6250             54.80      0.0130     280.04     279.22     0          0
5100             NP               50000            132.00     0.0170     805.80     805.00     0          0
1120             11200            50000            100.00     0.0170     806.90     805.00     0          0
345              ?                ?                100.00     0.0140     274.00     274.00     0          0
5001             outlet           49000            125.00     0.0170     799.80     798.90     0          0
4900             48000            49000            580.00     0.0170     798.11     798.90     0          0
4800             45000            48000            150.00     0.0170     798.90     795.10     0          0
4000             40000            41000            280.00     0.0170     820.00     818.20     0          0
4100             41000            42000            330.00     0.0170     818.20     812.80     0          0
4200             42000            43000            280.00     0.0170     812.80     806.90     0          0
4300             43000            11000            77.00      0.0170     806.90     804.90     0          0
1100             11000            44000            241.00     0.0170     804.90     802.44     0          0
3800             38000            39000            376.00     0.0170     819.30     818.20     0          0
3900             39000            44000            325.00     0.0170     818.20     806.33     0          0
4400             44000            44010            329.00     0.0170     801.90     794.70     0          0
4401             44010            45000            170.00     0.0170     794.70     798.90     0          0
3700             ?                ?                100.00     0.0170     808.00     806.90     0          0
4901             49000            36000            467.00     0.0170     798.90     797.90     0          0
3600             36000            35000            429.00     0.0170     797.90     797.16     0          0
3500             35000            34000            380.00     0.0170     797.00     796.10     0          0
3300             33000            33010            440.00     0.0170     802.00     800.21     0          0
3301             33010            34000            85.00      0.0170     796.40     796.10     0          0
3400             34000            32000            502.00     0.0170     796.10     794.10     0          0
3150             31500            33000            450.00     0.0170     803.00     802.00     0          0
3001             30010            30005            570.00     0.0170     812.20     806.50     0          0
3005             30005            32000            379.00     0.0170     806.50     794.10     0          0
3200             32000            30000            329.00     0.0170     794.10     792.19     0          0
2500             25000            27000            408.00     0.0170     810.60     809.40     0          0
2700             27000            27010            408.00     0.0170     809.40     808.16     0          0
2701             27010            30000            70.00      0.0170     792.20     792.10     0          0
3000             30000            29000            356.00     0.0170     792.10     789.23     0          0
2900             29000            28000            261.00     0.0170     789.10     786.90     0          0
2800             28000            last             165.00     0.0170     780.00     710.00     0          0
28               last             second           126.00     0.0170     710.00     692.70     0          0
27               second           outfall          140.00     0.0170     692.70     690.00     0          0
4200             42000            43000            280.00     0.0170     812.80     806.90     0          0
3700             37000            43000            100.00     0.0170     808.00     806.90     0          0
4300             43000            11000            77.00      0.0170     806.90     804.90     0          0

[ORIFICES]
;;Name           From             To               Type       Offset     Qcoeff     Gated    CloseTime
;;-------------- ---------------- ---------------- ---------- ---------- ---------- -------- ----------
205.1            205.2            10535            SIDE       0.20       0.650      NO       0
206.1            ?                ?                SIDE       826.90     0.650      NO       0
800              100              BMPa             SIDE       0          0.650      NO       0
manhole          inflo2           2                SIDE       0          0.650      NO       0
manhole          inflo1           1                SIDE       800.90     0.650      NO       0
manhole          inflo3           3                SIDE       0          0.650      NO       0
manhole          roadjunc         4                SIDE       800.60     0.650      NO       0

[WEIRS]
;;Name           From             To               Type       CrestHt    Qcoeff     Gated    EndCon   EndCoeff   Surcharge
;;-------------- ---------------- ---------------- ---------- ---------- ---------- -------- -------- ---------- ----------
pd1_arch1        pd1_arch2        PD1_weir         TRANSVERSE 755.60     1.840      NO       0        0          YES
pd2_30"CMP       pd2_36"RCP       pd2_weir         TRANSVERSE 755.50     1.840      NO       0        0          YES
PD3_30"CMP       pd3_42"CMP       pd3_weir         TRANSVERSE 753.00     1.840      NO       0        0          YES
CR42_36cmp       CR42_WEIR        10000            TRANSVERSE 868.00     1.840      NO       0        0          YES
PKLR_42cmp       PKLRD_WEIR       PikeLkRdDS       TRANSVERSE 818.90     1.840      NO       0        0          YES
CR16_48cmp       CR16_WEIR        CR               TRANSVERSE 781.30     1.840      NO       0        0          YES
DNLR_36cmp       DNLRD_WEIR       DeanLkRdDS       TRANSVERSE 745.30     1.840      NO       0        0          YES

[PUMPS]
;;Name           From             To               PumpCurve  Status   Startup    Shutoff
;;-------------- ---------------- ---------------- ---------- -------- ---------- ----------
Pump             lake             reserv           *          ON       0          0         
240.1            104              105              *          ON       0          0         

[XSECTIONS]
;;Link           Shape        Geom1      Geom2      Geom3      Geom4      Barrels
;;-------------- ------------ ---------- ---------- ---------- ---------- ----------
chan1            POWER        10.00      16.00      0          0          1
la1              CIRCULAR     4.00       0          0          0          1
spill            TRAPEZOIDAL  20.00      20.00      0          0          1
la2              CIRCULAR     4.50       0          0          0          1
la3              CIRCULAR     5.00       0          0          0          1
la4              CIRCULAR     6.00       0          0          0          1
la5              TRAPEZOIDAL  9.00       0          0          0          1
la6              IRREGULAR    9.00       0          0          0          1
lb1              CIRCULAR     4.50       0          0          0          1
lb2              CIRCULAR     4.50       0          0          0          1
lb3              CIRCULAR     5.50       0          0          0          1
P13.1            IRREGULAR    30.00      0          0          0          1
P2.1             IRREGULAR    30.00      0          0          0          1
P17              IRREGULAR    30.00      0          0          0          1
P15              IRREGULAR    30.00      0          0          0          1
P12              IRREGULAR    30.00      0          0          0          1
P11              IRREGULAR    30.00      0          0          0          2
207              CIRCULAR     4.00       0          0          0          1
pipe1            CIRCULAR     3.00       0          0          0          1
209              CIRCULAR     8.00       0          0          0          1
pipe2            CIRCULAR     3.00       0          0          0          1
211              CIRCULAR     4.00       0          0          0          1
212.1            CIRCULAR     4.00       0          0          0          1
ab               RECT_CLOSED  3.00       3.00       0          0          1
8500             CIRCULAR     1.25       0          0          0          1
216.1            CIRCULAR     2.00       0          0          0          1
217              RECT_CLOSED  2.00       1.00       0          0          1
209              CIRCULAR     2.25       0          0          0          1
208              CIRCULAR     2.50       0          0          0          1
207              CIRCULAR     3.00       0          0          0          1
206              CIRCULAR     3.00       0          0          0          1
2000             CIRCULAR     2.83       0          0          0          1
204              CIRCULAR     1.50       0          0          0          1
202              CIRCULAR     1.50       0          0          0          1
1130             CIRCULAR     1.50       0          0          0          1
203              CIRCULAR     1.50       0          0          0          1
1600             CIRCULAR     2.83       0          0          0          1
212              CIRCULAR     1.75       0          0          0          1
1400             CIRCULAR     2.83       0          0          0          1
121              CIRCULAR     5.00       3.00       0          0          1
122              HORSESHOE    5.00       3.00       0          0          1
123              HORSESHOE    5.00       3.00       0          0          1
125              POWER        7.00       5.00       0          0          1
1240             CIRCULAR     3.00       0          0          0          1
BB7              CIRCULAR     5.00       0          0          0          1
BB8              CIRCULAR     5.00       0          0          0          1
BB9              CIRCULAR     5.50       0          0          0          1
BB10             CIRCULAR     5.50       0          0          0          1
c2               IRREGULAR    25.00      0          0          0          1
c3               IRREGULAR    25.00      0          0          0          1
c4               IRREGULAR    25.00      0          0          0          1
8405             CIRCULAR     2.25       0          0          0          1
c5               IRREGULAR    25.00      0          0          0          1
c6               IRREGULAR    25.00      0          0          0          1
c7               IRREGULAR    25.00      0          0          0          1
c8               IRREGULAR    25.00      0          0          0          1
c9               IRREGULAR    25.00      0          0          0          1
c10              IRREGULAR    25.00      0          0          0          1
c11              IRREGULAR    25.00      0          0          0          1
c12              IRREGULAR    25.00      0          0          0          1
8000             CIRCULAR     2.50       0          0          0          1
c13              IRREGULAR    25.00      0          0          0          1
c14              IRREGULAR    25.00      0          0          0          1
c15              IRREGULAR    25.00      0          0          0          1
7701             CIRCULAR     2.00       0          0          0          1
c1               IRREGULAR    25.00      0          0          0          1
c0               IRREGULAR    25.00      0          0          0          1
CP               TRAPEZOIDAL  5.00       5.00       0          0          1
7500             CIRCULAR     2.50       0          0          0          1
P6               IRREGULAR    30.00      0          0          0          1
CP               TRAPEZOIDAL  5.00       4.00       0          0          1
7300             CIRCULAR     1.25       0          0          0          1
CP               TRAPEZOIDAL  5.00       10.00      0          0          1
CP               TRAPEZOIDAL  5.00       10.00      0          0          1
P8.1             CIRCULAR     3.00       0          0          0          1
CP               TRAPEZOIDAL  5.00       5.00       0          0          1
7101             CIRCULAR     3.00       0          0          0          1
CP               TRAPEZOIDAL  5.00       12.00      0          0          1
P5               RECT_CLOSED  5.60       55.40      0          0          1
P5b              IRREGULAR    30.00      0          0          0          1
6800             CIRCULAR     1.25       0          0          0          1
FF1              CIRCULAR     3.00       0          0          0          1
FF2              CIRCULAR     3.00       0          0          0          1
pipe1            CIRCULAR     1.25       0          0          0          1
pipe2            TRAPEZOIDAL  5.00       10.00      0          0          1
pipe3            TRAPEZOIDAL  5.00       15.00      0          0          1
5900             CIRCULAR     2.00       0          0          0          1
road             IRREGULAR    0.60       0.00       0          0          1
5901             CIRCULAR     2.00       0          0          0          1
road             IRREGULAR    0.60       0.00       0          0          1
road             IRREGULAR    0.60       0.00       0          0          1
6200             CIRCULAR     1.50       0          0          0          1
user1            CIRCULAR     0.60       0          0          0          1
road             IRREGULAR    0.60       0.00       0          0          1
6000             CIRCULAR     1.50       0          0          0          1
6001             CIRCULAR     1.50       0          0          0          1
6100             CIRCULAR     2.00       0          0          0          1
7000             CIRCULAR     4.00       0          0          0          1
4700             CIRCULAR     4.00       0          0          0          1
5400             CIRCULAR     1.00       0          0          0          1
FF3              CIRCULAR     3.00       0          0          0          1
NS               CIRCULAR     1.50       0          0          0          1
5100             CIRCULAR     2.00       0          0          0          1
1120             CIRCULAR     1.00       0          0          0          1
345              CUSTOM       15.00      1.00       0          0          1
5001             CIRCULAR     2.00       0          0          0          1
4900             CIRCULAR     2.00       0          0          0          1
4800             CIRCULAR     4.00       0          0          0          1
4000             CIRCULAR     1.25       0          0          0          1
4100             CIRCULAR     1.25       0          0          0          1
4200             CIRCULAR     1.25       0          0          0          1
4300             CIRCULAR     1.50       0          0          0          1
1100             CIRCULAR     1.50       0          0          0          1
3800             CIRCULAR     1.25       0          0          0          1
3900             CIRCULAR     1.25       0          0          0          1
4400             CIRCULAR     1.50       0          0          0          1
4401             CIRCULAR     4.00       0          0          0          1
3700             CIRCULAR     1.00       0          0          0          1
4901             CIRCULAR     2.00       0          0          0          1
3600             CIRCULAR     2.00       0          0          0          1
3500             CIRCULAR     2.25       0          0          0          1
3300             CIRCULAR     1.00       0          0          0          1
3301             CIRCULAR     1.00       0          0          0          1
3400             CIRCULAR     2.25       0          0          0          1
3150             CIRCULAR     0.83       0          0          0          1
3001             CIRCULAR     4.00       0          0          0          1
3005             CIRCULAR     4.00       0          0          0          1
3200             CIRCULAR     2.50       0          0          0          1
2500             CIRCULAR     1.50       0          0          0          1
2700             CIRCULAR     1.50       0          0          0          1
2701             CIRCULAR     1.50       0          0          0          1
3000             CIRCULAR     2.50       0          0          0          1
2900             CIRCULAR     2.50       0          0          0          1
2800             CIRCULAR     2.00       0          0          0          1
28               CIRCULAR     2.00       0          0          0          1
27               CIRCULAR     2.50       0          0          0          1
4200             CIRCULAR     1.25       0          0          0          1
3700             CIRCULAR     1.00       0          0          0          1
4300             CIRCULAR     1.50       0          0          0          1
205.1            RECT_CLOSED  30.00      0          0          0          
206.1            RECT_CLOSED  9.50       0          0          0          
800              RECT_CLOSED  0          0          0          0          
manhole          RECT_CLOSED  0.15       0          0          0          
manhole          RECT_CLOSED  0.15       0          0          0          
manhole          RECT_CLOSED  0.15       0          0          0          
manhole          RECT_CLOSED  0.15       0          0          0          
pd1_arch1        RECT_OPEN    0          66.70      0          0          
pd2_30"CMP       RECT_OPEN    0          72.50      0          0          
PD3_30"CMP       RECT_OPEN    0          61.60      0          0          
CR42_36cmp       RECT_OPEN    0          60.50      0          0          
PKLR_42cmp       RECT_OPEN    0          64.90      0          0          
CR16_48cmp       RECT_OPEN    0          100.20     0          0          
DNLR_36cmp       RECT_OPEN    0          42.00      0          0          

[LOSSES]
;;Link           Inlet      Outlet     Average    Flap Gate
;;-------------- ---------- ---------- ---------- ----------
chan1            0          0          0          NO
la1              0          0          0          NO
spill            0          0          0          NO
la2              0          0          0          NO
la3              0          0          0          NO
la4              0          0          0          NO
la5              0          0          0          NO
la6              0          0          0          NO
lb1              0          0          0          NO
lb2              0          0          0          NO
lb3              0          0          0          NO
P13.1            0          0          0          NO
P2.1             0          0          0          NO
P17              0          0          0          NO
P15              0          0          0          NO
P12              0          0          0          NO
P11              0          0          0          NO
207              0          0          0          NO
pipe1            0          0          0          NO
209              0          0          0          NO
pipe2            0          0          0          NO
211              0          0          0          NO
212.1            0          0          0          NO
ab               0          0          0          NO
8500             0          0          0          NO
216.1            0          0          0          NO
217              0          0          0          NO
209              0          0          0          NO
208              0          0          0          NO
207              0          0          0          NO
206              0          0          0          NO
2000             0          0          0          NO
204              0          0          0          NO
202              0          0          0          NO
1130             0          0          0          NO
203              0          0          0          NO
1600             0          0          0          NO
212              0          0          0          NO
1400             0          0          0          NO
121              0          0          0          NO
122              0          0          0          NO
123              0          0          0          NO
125              0          0          0          NO
1240             0          0          0          NO
BB7              0          0          0          NO
BB8              0          0          0          NO
BB9              0          0          0          NO
BB10             0          0          0          NO
c2               0          0          0          NO
c3               0          0          0          NO
c4               0          0          0          NO
8405             0          0          0          NO
c5               0          0          0          NO
c6               0          0          0          NO
c7               0          0          0          NO
c8               0          0          0          NO
c9               0          0          0          NO
c10              0          0          0          NO
c11              0          0          0          NO
c12              0          0          0          NO
8000             0          0          0          NO
c13              0          0          0          NO
c14              0          0          0          NO
c15              0          0          0          NO
7701             0          0          0          NO
c1               0          0          0          NO
c0               0          0          0          NO
CP               0          0          0          NO
7500             0          0          0          NO
P6               0          0          0          NO
CP               0          0          0          NO
7300             0          0          0          NO
CP               0          0          0          NO
CP               0          0          0          NO
P8.1             0          0          0          NO
CP               0          0          0          NO
7101             0          0          0          NO
CP               0          0          0          NO
P5               0          0          0          NO
P5b              0          0          0          NO
6800             0          0          0          NO
FF1              0          0          0          NO
FF2              0          0          0          NO
pipe1            0          0          0          NO
pipe2            0          0          0          NO
pipe3            0          0          0          NO
5900             0          0          0          NO
road             0          0          0          NO
5901             0          0          0          NO
road             0          0          0          NO
road             0          0          0          NO
6200             0          0          0          NO
user1            0          0          0          NO
road             0          0          0          NO
6000             0          0          0          NO
6001             0          0          0          NO
6100             0          0          0          NO
7000             0          0          0          NO
4700             0          0          0          NO
5400             0          0          0          NO
FF3              0          0          0          NO
NS               0          0          0          NO
5100             0          0          0          NO
1120             0          0          0          NO
345              0          0          0          NO
5001             0          0          0          NO
4900             0          0          0          NO
4800             0          0          0          NO
4000             0          0          0          NO
4100             0          0          0          NO
4200             0          0          0          NO
4300             0          0          0          NO
1100             0          0          0          NO
3800             0          0          0          NO
3900             0          0          0          NO
4400             0          0          0          NO
4401             0          0          0          NO
3700             0          0          0          NO
4901             0          0          0          NO
3600             0          0          0          NO
3500             0          0          0          NO
3300             0          0          0          NO
3301             0          0          0          NO
3400             0          0          0          NO
3150             0          0          0          NO
3001             0          0          0          NO
3005             0          0          0          NO
3200             0          0          0          NO
2500             0          0          0          NO
2700             0          0          0          NO
2701             0          0          0          NO
3000             0          0          0          NO
2900             0          0          0          NO
2800             0          0          0          NO
28               0          0          0          NO
27               0          0          0          NO
4200             0          0          0          NO
3700             0          0          0          NO
4300             0          0          0          NO

[INFLOWS]
;;Node           Constituent  Time Series      Type     Mfactor  Sfactor  Baseline Pattern
;;-------------- ------------ ---------------- -------- -------- -------- -------- --------
Prior            FLOW         ""               FLOW     1.0      1.0      50.00

[COORDINATES]
;;Node           X-Coord            Y-Coord
;;-------------- ------------------ ------------------
reserv           57.33              97.33             
mh               17.33              97.33             
mh               27.41              64.52             
o/flow           57.33              157.33            
mh               71.31              64.52             
lake             77.33              37.33             
mh               97.33              137.33            
mh               117.33             137.33            
mh               106.31             147.20            
outlet           106.31             217.15            
mh               74.05              216.23            
mh               74.05              157.20            
mh               74.05              107.20            
10976            45.23              -396.43           
10926            47.47              -370.84           
10856            42.19              -352.44           
10801            43.49              -334.92           
10749            43.92              -314.68           
10619            45.23              -297.94           
10535            46.09              -276.92           
10460            43.89              -253.56           
10350            44.05              -227.26           
10205            42.91              -187.93           
10155            43.20              -167.63           
Watershed        28.25              28.25             
202              337.64             17.64             
Inflow           337.64             32.64             
K4.3             17.00              57.64             
K4.2             337.64             47.64             
Outfall          48.25              88.25             
255              337.64             57.64             
208              37.64              77.64             
485              327.64             57.64             
210              108.25             88.25             
86000            337.64             72.64             
BMPa             138.25             88.25             
85000            327.64             72.64             
110              -1.75              148.25            
109              337.64             82.64             
108              337.64             92.64             
107              337.64             102.64            
106              327.64             102.64            
18000            337.64             112.64            
104              88.25              128.25            
102              337.64             122.64            
11300            327.64             122.64            
103              128.25             128.25            
14000            337.64             132.64            
112              48.25              48.25             
13900            337.64             142.64            
100              52.56              9.03              
102              337.64             152.64            
103              337.64             162.64            
104              337.64             172.64            
105              337.64             182.64            
9600             59.89              -111.82           
9000             337.64             192.64            
8650             80.12              -27.27            
8400             337.64             202.64            
8250             85.25              41.75             
7700             337.64             212.64            
7580             95.04              117.89            
7400             337.64             222.64            
7120             99.70              165.99            
7000             337.64             232.64            
6900             111.82             210.75            
6250             337.64             242.64            
11600            337.64             252.64            
84000            347.64             97.64             
83000            352.64             102.64            
Prior            147.64             172.64            
Pike             357.64             107.64            
PikeLkRdDS       102.64             57.64             
CR               362.64             112.64            
PD1              57.64              127.64            
PD2              367.64             117.64            
Dean             62.64              37.64             
Outfall          372.64             122.64            
5990             114.62             254.67            
5500             372.64             82.64             
5000             372.64             92.64             
77000            372.64             102.64            
78000            362.64             97.64             
77010            372.64             112.64            
10000            147.64             92.64             
75000            372.64             127.64            
PikeLkRdUS       132.64             47.64             
74000            372.64             137.64            
CR               102.64             82.64             
72000            362.64             147.64            
CP4              372.64             147.64            
PD3              87.64              77.64             
PD2              377.64             137.64            
71010            387.64             137.64            
PD3              87.64              37.64             
70000            397.64             137.64            
DeanLkRdUS       27.64              62.64             
10320            372.64             167.64            
PD1              382.64             152.64            
69000            387.64             152.64            
f1               72.64              37.64             
f2               392.64             147.64            
55000            397.64             227.64            
55010            397.64             217.64            
57000            397.64             207.64            
1                37.64              37.64             
2                387.64             212.64            
DeanLkRdDS       27.64              102.64            
3                397.64             197.64            
4                397.64             187.64            
inflo1           397.64             177.64            
inflo2           19.49              78.26             
61000            397.64             162.64            
inflo3           44.01              112.67            
65000            372.64             182.64            
roadjunc         377.64             182.64            
63000            382.64             177.64            
62000            387.64             172.64            
outletp          97.64              117.64            
11100            417.64             167.64            
outletrd         412.64             162.64            
60010            402.64             162.64            
47000            407.64             137.64            
48000            417.64             137.64            
54000            402.64             177.64            
53000            407.64             177.64            
f3               417.64             182.64            
NP               422.64             182.64            
50000            427.64             172.64            
11200            437.64             177.64            
outlet           422.64             167.64            
49000            417.64             147.64            
45000            422.64             137.64            
40000            407.64             92.64             
41000            412.64             97.64             
42000            417.64             102.64            
43000            417.64             112.64            
11000            417.64             117.64            
44000            417.64             122.64            
38000            432.64             102.64            
39000            427.64             117.64            
44010            417.64             127.64            
37000            422.64             112.64            
36000            422.64             147.64            
35000            432.64             147.64            
34000            437.64             147.64            
33000            437.64             127.64            
33010            437.64             137.64            
32000            457.64             147.64            
31500            437.64             117.64            
30010            457.64             177.64            
30005            457.64             162.64            
30000            467.64             147.64            
25000            467.64             182.64            
27000            467.64             172.64            
27010            467.64             162.64            
29000            477.64             147.64            
28000            487.64             147.64            
last             492.64             147.64            
second           497.64             147.64            
outfall          502.64             147.64            
43000            417.64             112.64            

[MAP]
DIMENSIONS -1.75 -396.43 502.64 254.67
Units      None

[REPORT]
INPUT            YES
SUBCATCHMENTS    ALL
NODES            ALL
LINKS            ALL



