;; SWMM5 .inp converted from XPSWMM .xp file
;; Generated by XPSWMM Card Reader
;; Source format: XP_CARD | Original title: The City of Toledo -- Swan Creek and West Side Interceptors

[TITLE]
;;Project Title/Notes
The City of Toledo -- Swan Creek and West Side Interceptors

[OPTIONS]
FLOW_UNITS           CFS
INFILTRATION         HORTON
FLOW_ROUTING         DYNWAVE
LINK_OFFSETS         DEPTH
MIN_SLOPE            0.0
ALLOW_PONDING        NO
SKIP_STEADY_STATE    NO
ROUTING_STEP         00:00:10
VARIABLE_STEP        0.75
INERTIAL_DAMPING     PARTIAL
NORMAL_FLOW_LIMITED  BOTH
HEAD_TOLERANCE       0.0033

[JUNCTIONS]
;;Name           Elev       MaxDepth   InitDepth  SurDepth   Aponded
;;-------------- ---------- ---------- ---------- ---------- ----------
MH27057          602.07     0          0          0          0
MH27098          616.80     0          0          0          0
MH27250          614.14     0          0          0          0
MH27111          613.90     0          0          0          0
MH27112          615.10     0          0          0          0
MH27114          601.40     0          0          0          0
MH25749          614.10     0          0          0          0
MH21725          591.40     0          0          0          0
MH21417          607.35     0          0          0          0
MH21419          611.12     0          0          0          0
MH24821          585.50     0          0          0          0
MH21959          576.21     0          0          0          0
MH27100          613.90     0          0          0          0
MH27110          616.30     0          0          0          0
MH27142          615.10     0          0          0          0
MH25747          614.90     0          0          0          0
MH21732          609.61     0          0          0          0
MH21726          590.80     0          0          0          0
MH24968          594.10     0          0          0          0
MH27119          585.75     0          0          0          0
MH27117          585.14     0          0          0          0
MH27116          591.04     0          0          0          0
R42              584.13     0          0          0          0
67               584.13     0          0          0          0
REG42            580.00     0          0          0          0
71               584.13     0          0          0          0
73               584.00     0          0          0          0
75               585.50     0          0          0          0
CSO42            584.00     0          0          0          0
79               584.13     0          0          0          0
83               587.00     0          0          0          0
R43              593.00     0          0          0          0
REG43            593.00     0          0          0          0
89               593.00     0          0          0          0
92               593.00     0          0          0          0
ANWAYNE          594.00     0          0          0          0
99               594.00     0          0          0          0
CSO43SCN         580.00     0          0          0          0
R44              591.40     0          0          0          0
REG44            591.40     0          0          0          0
O44              591.40     0          0          0          0
R45              610.00     0          0          0          0
REG45            610.00     0          0          0          0
113              610.00     0          0          0          0
115              610.00     0          0          0          0
123              606.00     0          0          0          0
125              609.00     0          0          0          0
DC45             606.00     0          0          0          0
143              606.00     0          0          0          0
148              610.00     0          0          0          0
CSO45            580.00     0          0          0          0
200              606.00     0          0          0          0
X51              595.00     0          0          0          0
163              595.00     0          0          0          0
REG51            596.75     0          0          0          0
167              596.75     0          0          0          0
R51              596.75     0          0          0          0
172              595.00     0          0          0          0
R47              618.00     0          0          0          0
DC47             618.00     0          0          0          0
REG47            586.00     0          0          0          0
196              586.00     0          0          0          0
197              585.00     0          0          0          0
201              586.00     0          0          0          0
XX               585.00     0          0          0          0
206              585.00     0          0          0          0
215              613.18     0          0          0          0
REG46            608.51     0          0          0          0
218              608.51     0          0          0          0
220              608.51     0          0          0          0
CSO46            594.00     0          0          0          0
DC46             613.18     0          0          0          0
228              613.18     0          0          0          0
46FG             616.09     0          0          0          0
R48              587.00     0          0          0          0
REG48            586.00     0          0          0          0
241              586.00     0          0          0          0
D48FG            581.30     0          0          0          0
245              594.00     0          0          0          0
249              586.00     0          0          0          0
DC48             585.00     0          0          0          0
CSO48            585.00     0          0          0          0
R49              603.00     0          0          0          0
REG49            602.07     0          0          0          0
262              602.07     0          0          0          0
265              602.07     0          0          0          0
CSO49            602.00     0          0          0          0
S                590.00     0          0          0          0
R50              610.00     0          0          0          0
REG50            591.00     0          0          0          0
274              591.00     0          0          0          0
276              591.00     0          0          0          0
DC50             584.00     0          0          0          0
280              584.00     0          0          0          0
CSO50            584.00     0          0          0          0
285              600.00     0          0          0          0
298              586.00     0          0          0          0
MH29             587.60     0          0          0          0
MH28             585.52     0          0          0          0
MH25             612.07     0          0          0          0
MH24             593.09     0          0          0          0
MH23             594.16     0          0          0          0
MH22             596.99     0          0          0          0
MH21             600.14     0          0          0          0
MH19             601.04     0          0          0          0
MH18             601.79     0          0          0          0
MH17             604.17     0          0          0          0
MH16             605.55     0          0          0          0
MH15             607.25     0          0          0          0
MH14             603.95     0          0          0          0
MH13             600.08     0          0          0          0
MH12             599.95     0          0          0          0
MH11             597.98     0          0          0          0
MH10             597.34     0          0          0          0
MH09             596.17     0          0          0          0
MH08             593.42     0          0          0          0
MH07             594.66     0          0          0          0
MH06             593.09     0          0          0          0
MH05             590.23     0          0          0          0
MH04             590.81     0          0          0          0
MH03             588.34     0          0          0          0
MH02             588.29     0          0          0          0
MH01             584.10     0          0          0          0
MH73             585.16     0          0          0          0
MH72             589.16     0          0          0          0
MH60             607.51     0          0          0          0
MH59             609.76     0          0          0          0
DWF41            600.88     0          0          0          0
377              589.08     0          0          0          0
379              586.16     0          0          0          0
MH56             583.67     0          0          0          0
MH70             614.15     0          0          0          0
MH69             616.19     0          0          0          0
MH66             612.32     0          0          0          0
MH64             612.06     0          0          0          0
MH62             604.52     0          0          0          0
398              589.08     0          0          0          0
R32              586.16     0          0          0          0
REG32            586.16     0          0          0          0
405              586.16     0          0          0          0
CSO32            586.16     0          0          0          0
R33              614.15     0          0          0          0
REG33            614.15     0          0          0          0
413              614.15     0          0          0          0
CSODT            579.00     0          0          0          0
R31              587.41     0          0          0          0
DC31             587.41     0          0          0          0
423              587.41     0          0          0          0
REG31            582.89     0          0          0          0
428              582.89     0          0          0          0
431              582.89     0          0          0          0
CSO31            582.70     0          0          0          0
R30              595.99     0          0          0          0
DC30             595.99     0          0          0          0
REG30            584.16     0          0          0          0
455              584.16     0          0          0          0
458              584.16     0          0          0          0
CSO30            584.16     0          0          0          0
R29              589.46     0          0          0          0
DC29             589.46     0          0          0          0
466              589.46     0          0          0          0
REG29            584.18     0          0          0          0
473              584.18     0          0          0          0
476              584.18     0          0          0          0
429              579.00     0          0          0          0
CSO29B           578.00     0          0          0          0
R28B             589.80     0          0          0          0
DC28B            589.80     0          0          0          0
REG28B           587.07     0          0          0          0
R28A             592.96     0          0          0          0
DC28A            592.96     0          0          0          0
REG28            587.07     0          0          0          0
493              587.07     0          0          0          0
496              587.07     0          0          0          0
498              587.07     0          0          0          0
JUNC28           580.00     0          0          0          0
CSO28            580.00     0          0          0          0
505              589.80     0          0          0          0
508              592.96     0          0          0          0
R27              603.60     0          0          0          0
DC27             603.60     0          0          0          0
516              603.60     0          0          0          0
REG27            586.07     0          0          0          0
521              586.07     0          0          0          0
524              586.07     0          0          0          0
CSO27            580.00     0          0          0          0
R26              601.13     0          0          0          0
REG26            601.13     0          0          0          0
532              601.13     0          0          0          0
CSO26            601.13     0          0          0          0
536              601.13     0          0          0          0
R25              589.56     0          0          0          0
REG25            589.56     0          0          0          0
542              589.56     0          0          0          0
545              589.56     0          0          0          0
FLAP25           589.56     0          0          0          0
CSO25            589.56     0          0          0          0
R24              593.64     0          0          0          0
REG24            587.50     0          0          0          0
554              587.50     0          0          0          0
557              587.50     0          0          0          0
EXT24            587.50     0          0          0          0
FLAP24           587.50     0          0          0          0
CSO24            587.50     0          0          0          0
R23              593.46     0          0          0          0
REG23            593.46     0          0          0          0
568              593.46     0          0          0          0
571              593.46     0          0          0          0
CSO23            593.46     0          0          0          0
DWF22            592.70     0          0          0          0
CSO29A           578.00     0          0          0          0
583              586.00     0          0          0          0
BAYOUT           581.16     0          0          0          0
@46B             608.00     0          0          0          0
R46              618.00     0          0          0          0
@46A             615.00     0          0          0          0
880              614.00     0          0          0          0
CSO33            600.00     0          0          0          0
890              590.00     0          0          0          0
CSOSCS           590.00     0          0          0          0
CSO47            585.00     0          0          0          0

[STORAGE]
;;Name           Elev       MaxDepth   InitDepth  Shape      Curve/Params
;;-------------- ---------- ---------- ---------- ---------- ----------
SWANNORTH        595.00     0          0          FUNCTIONAL 0 0          0
SWANSOUTH        596.00     0          0          FUNCTIONAL 0 0          0
DOWNTOWN         583.10     0          0          FUNCTIONAL 0 0          0
BAYVIEW          581.16     0          0          FUNCTIONAL 0 0          0

[CONDUITS]
;;Name           From             To               Length     Roughness  InOffset   OutOffset  InitFlow   MaxFlow
;;-------------- ---------------- ---------------- ---------- ---------- ---------- ---------- ---------- ----------
swan1            MH27057          MH27098          838.00     0.0150     570.77     570.20     0          0
swan2            MH27098          MH27250          433.00     0.0150     570.20     568.30     0          0
swan6            MH27111          MH27112          303.00     0.0150     568.05     568.65     0          0
swan7            MH27112          MH27114          890.00     0.0150     568.65     566.55     0          0
swan14           MH21417          MH21419          1366.00    0.0150     561.50     560.54     0          0
swan17           MH24821          MH21959          1352.00    0.0150     562.50     561.71     0          0
swan3            MH27250          MH27100          486.00     0.0150     568.30     569.70     0          0
swan4            MH27100          MH27110          826.00     0.0150     569.70     569.05     0          0
swan5            MH27110          MH27111          634.00     0.0150     569.05     568.05     0          0
swan8            MH27114          MH27142          971.00     0.0150     566.55     566.00     0          0
swan9            MH27142          MH25749          951.00     0.0150     566.00     566.20     0          0
swan10           MH25749          MH25747          1090.00    0.0150     566.20     564.55     0          0
swan11           MH25747          MH21732          1984.00    0.0150     564.55     563.56     0          0
swan12           MH21732          MH21725          1174.00    0.0150     563.56     562.10     0          0
swan13           MH21726          MH21417          614.00     0.0150     560.65     561.50     0          0
swan15           MH21419          MH24968          900.00     0.0150     560.54     560.70     0          0
swan16           MH24968          MH24821          867.00     0.0150     560.70     562.50     0          0
swan18           MH27119          MH27117          257.00     0.0150     569.25     569.09     0          0
swan19           MH27117          MH27116          528.00     0.0150     569.09     568.64     0          0
swan20           MH27116          MH27114          718.00     0.0150     568.64     568.05     0          0
CS42             R42              67               300.00     0.0160     573.61     573.01     0          0
DRY42            67               REG42            60.00      0.0160     573.01     572.89     0          0
OVR42            73               CSO42            170.00     0.0160     572.89     572.55     0          0
TNL42A           71               79               40.00      0.0150     571.50     571.34     0          0
TNL42B           79               83               524.00     0.0150     571.34     569.97     0          0
TNL42C           83               SWANNORTH        312.00     0.0150     569.97     569.00     0          0
CS43             R43              REG43            500.00     0.0150     573.48     573.10     0          0
WET43            92               ANWAYNE          92.00      0.0150     573.10     571.87     0          0
OVR43            99               CSO43SCN         104.00     0.0150     571.74     571.36     0          0
TNL43            ANWAYNE          SWANNORTH        32.00      0.0150     569.63     568.17     0          0
CS44             R44              REG44            500.00     0.0150     573.67     572.42     0          0
RET44            O44              MH21725          8.00       0.0150     571.25     568.01     0          0
CS45             R45              REG45            500.00     0.0160     581.10     579.10     0          0
5145C            125              MH21417          17.20      0.0150     565.37     565.31     0          0
WET45            115              DC45             40.00      0.0160     579.10     578.25     0          0
RET51B           143              123              22.40      0.0150     570.65     570.57     0          0
5145A            123              148              468.70     0.0150     570.28     568.14     0          0
5145B            148              125              987.70     0.0150     568.14     565.37     0          0
OVR45            200              CSO45            170.00     0.0160     578.00     572.00     0          0
SAN51A           X51              163              480.00     0.0150     575.51     574.07     0          0
SAN51B           163              REG51            165.00     0.0150     574.07     573.25     0          0
CS51             R51              REG51            400.00     0.0150     577.45     576.25     0          0
TNL51            172              SWANNORTH        21.00      0.0150     574.00     573.50     0          0
30"              36"              MH21726          175.00     0.0150     562.31     552.27     0          0
RET51A           167              143              364.00     0.0150     573.25     571.09     0          0
CS47A            R47              DC47             500.00     0.0150     575.80     575.20     0          0
CS47B            DC47             REG47            1225.00    0.0150     575.20     573.73     0          0
OVR47            196              197              35.00      0.0150     573.73     573.30     0          0
16" A            16" B            MH27119          95.50      0.0150     571.74     562.74     0          0
WET46            215              REG46            209.55     0.0160     582.61     578.00     0          0
TNL46A           228              46FG             722.00     0.0150     555.04     551.42     0          0
TNL46B           46FG             SWANSOUTH        100.00     0.0150     551.40     550.62     0          0
CS48             R48              REG48            300.00     0.0160     578.59     576.34     0          0
TNL48B           D48FG            245              200.00     0.0150     551.70     551.44     0          0
RET48            249              206              1320.00    0.0150     575.35     573.22     0          0
WET48            241              DC48             120.00     0.0160     576.34     574.80     0          0
TNL48A           DC48             D48FG            324.00     0.0150     570.72     568.43     0          0
OVR48            DC48             CSO48            280.00     0.0160     574.80     572.66     0          0
TNL48C           245              SWANSOUTH        1009.00    0.0150     551.44     550.31     0          0
CS49             R49              REG49            150.00     0.0160     589.48     589.25     0          0
RET49            262              MH27057          50.00      0.0150     587.46     585.00     0          0
OVR49            265              CSO49            280.00     0.0160     589.25     583.35     0          0
OVRSCS           SWANSOUTH        S                170.00     0.0150     567.17     567.58     0          0
CS50             R50              REG50            330.00     0.0160     582.57     581.25     0          0
WET50            276              DC50             224.00     0.0150     581.25     574.80     0          0
TNL50            280              SWANSOUTH        1738.04    0.0150     557.03     553.44     0          0
RET50A           274              285              480.00     0.0150     581.00     574.25     0          0
RET50B           285              MH27057          373.00     0.0150     573.26     572.02     0          0
OVR50            DC50             CSO50            36.00      0.0160     574.50     573.71     0          0
RETURN42         75               MH24821          350.00     0.0150     571.67     568.00     0          0
RETURN43         89               MH24968          15.00      0.0150     570.58     569.53     0          0
RETURN45         113              123              40.00      0.0110     578.10     571.41     0          0
20" GATE         20" FREE         298              8.00       0.0150     573.30     573.00     0          0
RET47B           298              206              50.00      0.0150     573.00     572.14     0          0
RETURN46         218              MH25749          228.00     0.0150     574.37     569.00     0          0
west1            MH21959          MH29             1350.00    0.0150     559.73     559.40     0          0
west2            MH29             MH28             585.00     0.0150     559.40     559.07     0          0
west3            MH28             MH25             660.00     0.0150     559.07     558.62     0          0
west4            MH25             MH24             590.00     0.0150     558.12     557.79     0          0
west5            MH24             MH23             540.00     0.0150     557.79     557.59     0          0
west6            MH23             MH22             530.00     0.0150     557.59     557.39     0          0
west7            MH22             MH21             530.00     0.0150     557.39     557.24     0          0
west8            MH21             MH19             1570.00    0.0150     556.99     556.04     0          0
west10           MH18             MH17             950.00     0.0150     555.89     555.47     0          0
west11           MH17             MH16             1175.00    0.0150     555.47     555.15     0          0
west12           MH16             MH15             1020.00    0.0150     555.15     554.55     0          0
west13           MH15             MH14             830.00     0.0150     554.55     554.30     0          0
west14           MH14             MH13             1010.00    0.0150     554.30     554.25     0          0
west15           MH13             MH12             1010.00    0.0150     554.25     553.80     0          0
west16           MH12             MH11             1000.00    0.0150     553.80     553.23     0          0
west17           MH11             MH10             610.00     0.0150     553.23     552.64     0          0
west18           MH10             MH09             780.00     0.0150     552.64     552.22     0          0
west19           MH09             MH08             890.00     0.0150     552.22     551.77     0          0
west20           MH08             MH07             1390.00    0.0150     551.77     551.31     0          0
west21           MH07             MH06             1000.00    0.0150     551.31     551.03     0          0
west22           MH06             MH05             1380.00    0.0150     551.03     550.18     0          0
west23           MH05             MH04             920.00     0.0150     550.18     550.02     0          0
west24           MH04             MH03             960.00     0.0150     550.02     549.33     0          0
west25           MH03             MH02             880.00     0.0150     549.33     549.29     0          0
west26           MH02             MH01             1000.00    0.0150     549.29     548.58     0          0
RET32A           MH73             MH72             610.00     0.0150     572.22     571.29     0          0
RET32B           MH72             MH60             720.00     0.0150     571.29     570.31     0          0
wsb1             MH60             MH59             450.00     0.0150     569.81     568.91     0          0
wsb2             MH59             DWF41            760.00     0.0150     568.91     568.58     0          0
wsb3             DWF41            377              300.00     0.0160     568.08     566.86     0          0
wsb4             379              MH56             35.00      0.0160     563.66     563.47     0          0
wsb5             MH56             MH21959          50.00      0.0160     563.47     561.16     0          0
RET33A           MH70             MH69             680.00     0.0140     583.95     583.39     0          0
RET33B           MH69             MH66             1320.00    0.0140     583.39     580.72     0          0
RET33C           MH66             MH64             1350.00    0.0140     580.72     576.46     0          0
RET33D           MH64             MH62             1150.00    0.0140     576.46     573.30     0          0
RET33E           MH62             MH60             1350.00    0.0140     573.30     570.31     0          0
14"a             12"a             398              82.00      0.0140     565.74     551.76     0          0
14"b             12"b             379              95.00      0.0140     551.76     551.51     0          0
CS32             R32              REG32            200.00     0.0160     573.40     572.90     0          0
OVR32            405              CSO32            228.00     0.0160     572.90     572.33     0          0
CS33             R33              REG33            500.00     0.0160     588.37     587.87     0          0
OVRDT            DOWNTOWN         CSODT            154.00     0.0150     563.70     566.00     0          0
CS31A            R31              DC31             500.00     0.0160     574.42     574.17     0          0
TNL31            423              DOWNTOWN         37.50      0.0150     549.07     548.92     0          0
CS31B            DC31             REG31            720.00     0.0160     574.17     573.75     0          0
OVR31            431              CSO31            274.00     0.0160     573.75     572.38     0          0
RETURN31         428              MH25             200.00     0.0150     572.04     570.44     0          0
CS30A            R30              DC30             500.00     0.0160     574.90     573.80     0          0
CS30B            DC30             REG30            760.00     0.0160     573.80     573.10     0          0
RETURN30         455              MH24             120.00     0.0150     571.16     570.20     0          0
OVR30            458              CSO30            380.00     0.0160     573.10     571.08     0          0
CS29A            R29              DC29             500.00     0.0160     574.50     573.67     0          0
TNL29            466              DOWNTOWN         30.00      0.0150     548.19     548.07     0          0
CS29B            DC29             REG29            760.00     0.0160     573.67     572.89     0          0
RETURN29         473              MH22             80.00      0.0150     570.17     569.69     0          0
OVR29            476              429              140.00     0.0160     572.89     572.66     0          0
CS28C            R28B             DC28B            500.00     0.0160     578.00     574.00     0          0
CS28D            DC28B            REG28B           850.00     0.0160     574.00     573.05     0          0
CS28A            R28A             DC28A            500.00     0.0160     573.36     572.91     0          0
CS28B            DC28A            REG28            900.00     0.0160     572.80     572.30     0          0
RETURN28         493              MH21             260.00     0.0150     571.45     568.20     0          0
OVR28B           496              JUNC28           200.00     0.0160     573.05     571.25     0          0
OVR28A           498              JUNC28           200.00     0.0160     572.30     571.25     0          0
OVR28            JUNC28           CSO28            190.91     0.0150     571.82     569.72     0          0
TNL28B           505              DOWNTOWN         28.00      0.0150     548.15     547.73     0          0
TNL28A           508              DOWNTOWN         70.37      0.0150     546.58     546.39     0          0
CS27A            R27              DC27             500.00     0.0160     583.20     582.70     0          0
TNL27            516              DOWNTOWN         7.00       0.0150     545.76     545.72     0          0
CS27B            DC27             REG27            680.00     0.0160     582.70     576.75     0          0
RETURN27         521              MH19             200.00     0.0150     576.26     574.08     0          0
OVR27            524              CSO27            360.00     0.0160     576.75     572.16     0          0
west9            MH19             MH18             1000.00    0.0150     556.04     555.89     0          0
CS26             R26              REG26            500.00     0.0160     580.57     580.07     0          0
OVR26            532              CSO26            370.00     0.0160     580.07     571.41     0          0
RET26            536              MH16             21.00      0.0150     578.07     577.94     0          0
CS25             R25              REG25            500.00     0.0160     576.34     575.89     0          0
RET25            542              MH13             120.00     0.0150     574.22     573.02     0          0
OVR25A           545              FLAP25           202.00     0.0160     575.89     574.78     0          0
OVR25B           FLAP25           CSO25            378.00     0.0160     574.78     572.69     0          0
CS24             R24              REG24            500.00     0.0160     576.47     575.22     0          0
RET24            554              MH11             40.00      0.0150     572.76     572.36     0          0
OVR24A           557              EXT24            173.00     0.0160     575.22     572.98     0          0
OVR24B           EXT24            FLAP24           110.00     0.0150     572.98     572.18     0          0
OVR24C           FLAP24           CSO24            412.00     0.0150     572.18     571.69     0          0
CS23             R23              REG23            500.00     0.0160     572.40     572.07     0          0
RET23            568              MH08             45.00      0.0150     569.24     568.79     0          0
OVR23            571              CSO23            315.00     0.0150     572.07     571.57     0          0
RET22            DWF22            MH06             22.00      0.0150     570.52     570.30     0          0
OVR29B           429              CSO29B           280.00     0.0150     572.66     570.12     0          0
OVR29A           429              CSO29A           280.00     0.0150     572.66     570.02     0          0
FREE47           583              298              8.00       0.0150     573.30     573.00     0          0
96"              MH01             BAYVIEW          219.00     0.0150     548.58     547.66     0          0
OVR46A           220              @46B             139.55     0.0160     578.00     574.93     0          0
OVR46B           ?                Node_1071422     360.00     0.0160     574.93     573.85     0          0
CS46A            ?                Node_10761077    300.00     0.0160     585.10     584.20     0          0
CS46B            ?                Node_1077426     71.36      0.0160     584.20     582.63     0          0
OVR33A           413              880              227.08     0.0160     587.87     573.33     0          0
OVR33B           ?                Node_10801082    440.00     0.0160     573.33     572.89     0          0
DUMMYSCS         ?                Node_10901092    200.00     0.0140     571.00     570.00     0          0
DUMMY47          XX               CSO47            200.00     0.0140     573.30     572.30     0          0

[ORIFICES]
;;Name           From             To               Type       Offset     Qcoeff     Gated    CloseTime
;;-------------- ---------------- ---------------- ---------- ---------- ---------- -------- ----------
GATE 42          REG42            75               SIDE       0          0.650      NO       0
GATE43           REG43            89               SIDE       0          0.650      NO       0
GATE44           REG44            O44              SIDE       0          0.650      NO       0
GATE45           REG45            113              SIDE       0          0.650      NO       0
DROP45           DC45             SWANNORTH        SIDE       0          0.650      NO       0
BLUCHER          REG51            167              SIDE       0          0.650      NO       0
GATE47a          GATE47b          201              SIDE       0          0.650      NO       0
GATE46           REG46            218              SIDE       0          0.650      NO       0
ORIF46A          WEIR46A          215              SIDE       0          0.650      NO       0
GATE48           REG48            249              SIDE       0          0.650      NO       0
GATE49A          GATE49B          262              SIDE       0          0.650      NO       0
ORIFICE50        REG50            274              SIDE       0          0.650      NO       0
42" ORIF.        DC50             280              SIDE       0          0.650      NO       0
GATE33           REG33            MH70             SIDE       0          0.650      NO       0
GATE 31          REG31            428              SIDE       0          0.650      NO       0
GATE 30          REG30            455              SIDE       0          0.650      NO       0
GATE 29          REG29            473              SIDE       0          0.650      NO       0
ORIF 28          REG28B           REG28            SIDE       0          0.650      NO       0
GATE 28          REG28            493              SIDE       0          0.650      NO       0
GATE 27          REG27            521              SIDE       0          0.650      NO       0
PINCH 26         REG26            536              SIDE       0          0.650      NO       0
PINCH 25         REG25            542              SIDE       0          0.650      NO       0
PINCH 24         REG24            554              SIDE       0          0.650      NO       0
PINCH 23         REG23            568              SIDE       0          0.650      NO       0
NOFLOAT47        REG47            583              SIDE       0          0.650      NO       0
GATE32           REG32            MH73             SIDE       0          0.650      NO       0

[WEIRS]
;;Name           From             To               Type       CrestHt    Qcoeff     Gated    EndCon   EndCoeff   Surcharge
;;-------------- ---------------- ---------------- ---------- ---------- ---------- -------- -------- ---------- ----------
WEIR42A          67               71               V-NOTCH    573.76     1.840      NO       0        0          YES
WEIR42B          REG42            73               TRANSVERSE 574.55     1.840      NO       0        0          YES
WEIR43A          REG43            92               TRANSVERSE 575.50     1.840      NO       0        0          YES
WEIR43B          ANWAYNE          99               TRANSVERSE 575.96     1.840      NO       0        0          YES
WEIR45A          REG45            115              TRANSVERSE 580.00     1.840      NO       0        0          YES
WEIR45B          DC45             200              TRANSVERSE 579.25     1.840      NO       0        0          YES
WEIR51           163              172              V-NOTCH    574.95     1.840      NO       0        0          YES
DROP47           DC47             SWANNORTH        V-NOTCH    577.30     1.840      NO       0        0          YES
WEIR47a          REG47            196              TRANSVERSE 575.84     1.840      NO       0        0          YES
WEIR47b          197              XX               TRANSVERSE 578.80     1.840      NO       0        0          YES
W46B             REG46            220              TRANSVERSE 579.00     1.840      NO       0        0          YES
DROP46           DC46             228              V-NOTCH    584.64     1.840      NO       0        0          YES
WEIR48           REG48            241              TRANSVERSE 577.19     1.840      NO       0        0          YES
WEIR49           REG49            265              TRANSVERSE 590.51     1.840      NO       0        0          YES
WEIR50           REG50            276              TRANSVERSE 582.25     1.840      NO       0        0          YES
WEIR32           REG32            405              TRANSVERSE 574.46     1.840      NO       0        0          YES
WEIR33           REG33            413              TRANSVERSE 588.95     1.840      NO       0        0          YES
DROP 31          DC31             423              TRANSVERSE 575.21     1.840      NO       0        0          YES
WEIR 31          REG31            431              TRANSVERSE 576.38     1.840      NO       0        0          YES
WEIR 30          REG30            458              TRANSVERSE 576.74     1.840      NO       0        0          YES
DRPSHFT30        DC30             DOWNTOWN         TRANSVERSE 574.93     1.840      NO       0        0          YES
DROP 29          DC29             466              TRANSVERSE 574.66     1.840      NO       0        0          YES
WEIR 29          REG29            476              TRANSVERSE 575.81     1.840      NO       0        0          YES
WEIR 28B         REG28B           496              TRANSVERSE 576.06     1.840      NO       0        0          YES
WEIR 28          REG28            498              TRANSVERSE 575.50     1.840      NO       0        0          YES
DROP 28          DC28B            505              TRANSVERSE 575.20     1.840      NO       0        0          YES
DROPORANG        DC28A            508              TRANSVERSE 574.01     1.840      NO       0        0          YES
DROP 27          DC27             516              TRANSVERSE 583.26     1.840      NO       0        0          YES
WEIR 27          REG27            524              TRANSVERSE 578.42     1.840      NO       0        0          YES
WEIR 26          REG26            532              TRANSVERSE 580.98     1.840      NO       0        0          YES
WEIR 25          REG25            545              TRANSVERSE 576.77     1.840      NO       0        0          YES
WEIR 24          REG24            557              TRANSVERSE 575.76     1.840      NO       0        0          YES
WEIR 23          REG23            571              TRANSVERSE 575.99     1.840      NO       0        0          YES
HDWALLSCS        S                890              TRANSVERSE 574.00     1.840      NO       0        0          YES

[PUMPS]
;;Name           From             To               PumpCurve  Status   Startup    Shutoff
;;-------------- ---------------- ---------------- ---------- -------- ---------- ----------
BAYVIEW2         ?                Node_10601062    PC_BAYVIEW2 ON       0          0         

[CURVES]
;;Name           Type       X-Value    Y-Value
;;-------------- ---------- ---------- ----------
PC_BAYVIEW2      Pump2      0          0
;

[XSECTIONS]
;;Link           Shape        Geom1      Geom2      Geom3      Geom4      Barrels
;;-------------- ------------ ---------- ---------- ---------- ---------- ----------
swan1            CIRCULAR     4.25       0          0          0          1
swan2            CIRCULAR     4.25       0          0          0          1
swan6            CIRCULAR     4.25       0          0          0          1
swan7            CIRCULAR     4.25       0          0          0          1
swan14           CIRCULAR     6.25       0          0          0          1
swan17           CIRCULAR     6.25       0          0          0          1
swan3            CIRCULAR     4.25       0          0          0          1
swan4            CIRCULAR     4.25       0          0          0          1
swan5            CIRCULAR     4.25       0          0          0          1
swan8            CIRCULAR     5.50       0          0          0          1
swan9            CIRCULAR     5.50       0          0          0          1
swan10           CIRCULAR     6.25       0          0          0          1
swan11           CIRCULAR     6.25       0          0          0          1
swan12           CIRCULAR     6.25       0          0          0          1
swan13           CIRCULAR     6.25       0          0          0          1
swan15           CIRCULAR     6.25       0          0          0          1
swan16           CIRCULAR     6.25       0          0          0          1
swan18           CIRCULAR     3.00       0          0          0          1
swan19           CIRCULAR     3.00       0          0          0          1
swan20           CIRCULAR     3.00       0          0          0          1
CS42             CIRCULAR     2.00       0          0          0          1
DRY42            CIRCULAR     2.00       0          0          0          1
OVR42            CIRCULAR     2.00       0          0          0          1
TNL42A           CIRCULAR     2.50       0          0          0          1
TNL42B           CIRCULAR     3.00       0          0          0          1
TNL42C           CIRCULAR     3.00       0          0          0          1
CS43             CIRCULAR     8.00       0          0          0          1
WET43            CIRCULAR     8.00       0          0          0          1
OVR43            CIRCULAR     8.00       0          0          0          1
TNL43            CIRCULAR     7.00       0          0          0          1
CS44             CIRCULAR     2.50       0          0          0          1
RET44            CIRCULAR     1.00       0          0          0          1
CS45             CIRCULAR     4.00       0          0          0          1
5145C            CIRCULAR     3.00       0          0          0          1
WET45            CIRCULAR     4.00       0          0          0          1
RET51B           CIRCULAR     2.25       0          0          0          1
5145A            CIRCULAR     3.50       0          0          0          1
5145B            CIRCULAR     3.50       0          0          0          1
OVR45            CIRCULAR     4.00       0          0          0          1
SAN51A           CIRCULAR     0.83       0          0          0          1
SAN51B           CIRCULAR     0.83       0          0          0          1
CS51             CIRCULAR     2.00       0          0          0          1
TNL51            CIRCULAR     2.00       0          0          0          1
30"              CIRCULAR     2.50       0          0          0          1
RET51A           CIRCULAR     1.50       0          0          0          1
CS47A            CIRCULAR     8.00       0          0          0          1
CS47B            CIRCULAR     8.00       0          0          0          1
OVR47            CIRCULAR     8.00       0          0          0          1
16" A            CIRCULAR     1.33       0          0          0          1
WET46            CIRCULAR     5.00       0          0          0          1
TNL46A           CIRCULAR     4.50       0          0          0          1
TNL46B           CIRCULAR     4.50       0          0          0          1
CS48             CIRCULAR     2.00       0          0          0          1
TNL48B           CIRCULAR     3.00       0          0          0          1
RET48            CIRCULAR     1.67       0          0          0          1
WET48            CIRCULAR     2.00       0          0          0          1
TNL48A           CIRCULAR     2.00       0          0          0          1
OVR48            CIRCULAR     2.00       0          0          0          1
TNL48C           CIRCULAR     4.50       0          0          0          1
CS49             HORSESHOE    5.00       0          0          0          1
RET49            CIRCULAR     2.00       0          0          0          1
OVR49            HORSESHOE    5.00       0          0          0          1
OVRSCS           CIRCULAR     6.00       0          0          0          1
CS50             CIRCULAR     5.00       0          0          0          1
WET50            CIRCULAR     5.00       0          0          0          1
TNL50            CIRCULAR     4.50       0          0          0          1
RET50A           CIRCULAR     1.25       0          0          0          1
RET50B           CIRCULAR     3.00       0          0          0          1
OVR50            CIRCULAR     5.00       0          0          0          1
RETURN42         CIRCULAR     1.00       0          0          0          1
RETURN43         CIRCULAR     1.67       0          0          0          1
RETURN45         CIRCULAR     1.25       0          0          0          1
20" GATE         CIRCULAR     1.67       0          0          0          1
RET47B           CIRCULAR     3.00       0          0          0          1
RETURN46         CIRCULAR     2.00       0          0          0          1
west1            CIRCULAR     6.50       0          0          0          1
west2            CIRCULAR     6.50       0          0          0          1
west3            CIRCULAR     6.50       0          0          0          1
west4            CIRCULAR     7.00       0          0          0          1
west5            CIRCULAR     7.00       0          0          0          1
west6            CIRCULAR     7.00       0          0          0          1
west7            CIRCULAR     7.00       0          0          0          1
west8            CIRCULAR     7.25       0          0          0          1
west10           CIRCULAR     7.25       0          0          0          1
west11           CIRCULAR     7.25       0          0          0          1
west12           CIRCULAR     7.25       0          0          0          1
west13           CIRCULAR     7.25       0          0          0          1
west14           CIRCULAR     7.25       0          0          0          1
west15           CIRCULAR     7.25       0          0          0          1
west16           CIRCULAR     7.25       0          0          0          1
west17           CIRCULAR     7.25       0          0          0          1
west18           CIRCULAR     7.25       0          0          0          1
west19           CIRCULAR     7.25       0          0          0          1
west20           CIRCULAR     7.25       0          0          0          1
west21           CIRCULAR     7.25       0          0          0          1
west22           CIRCULAR     7.25       0          0          0          1
west23           CIRCULAR     7.25       0          0          0          1
west24           CIRCULAR     7.25       0          0          0          1
west25           CIRCULAR     7.25       0          0          0          1
west26           CIRCULAR     7.25       0          0          0          1
RET32A           CIRCULAR     1.50       0          0          0          1
RET32B           CIRCULAR     1.50       0          0          0          1
wsb1             CIRCULAR     2.00       0          0          0          1
wsb2             CIRCULAR     2.00       0          0          0          1
wsb3             CIRCULAR     2.50       0          0          0          1
wsb4             CIRCULAR     2.50       0          0          0          1
wsb5             CIRCULAR     2.50       0          0          0          1
RET33A           CIRCULAR     1.50       0          0          0          1
RET33B           CIRCULAR     1.50       0          0          0          1
RET33C           CIRCULAR     1.50       0          0          0          1
RET33D           CIRCULAR     1.50       0          0          0          1
RET33E           CIRCULAR     1.50       0          0          0          1
14"a             CIRCULAR     1.67       0          0          0          1
14"b             CIRCULAR     1.67       0          0          0          1
CS32             CIRCULAR     3.00       0          0          0          1
OVR32            CIRCULAR     3.00       0          0          0          1
CS33             CIRCULAR     5.00       0          0          0          1
OVRDT            RECT_CLOSED  7.00       16.00      0          0          1
CS31A            CIRCULAR     5.00       0          0          0          1
TNL31            CIRCULAR     5.00       0          0          0          1
CS31B            CIRCULAR     5.00       0          0          0          1
OVR31            CIRCULAR     5.00       0          0          0          1
RETURN31         CIRCULAR     2.00       0          0          0          1
CS30A            CIRCULAR     5.00       0          0          0          1
CS30B            CIRCULAR     5.00       0          0          0          1
RETURN30         CIRCULAR     1.67       0          0          0          1
OVR30            CIRCULAR     5.00       0          0          0          1
CS29A            CIRCULAR     6.00       0          0          0          1
TNL29            CIRCULAR     5.00       0          0          0          1
CS29B            CIRCULAR     6.00       0          0          0          1
RETURN29         CIRCULAR     1.50       0          0          0          1
OVR29            CIRCULAR     6.00       0          0          0          1
CS28C            CIRCULAR     5.00       0          0          0          1
CS28D            CIRCULAR     5.00       0          0          0          1
CS28A            CIRCULAR     6.25       0          0          0          1
CS28B            CIRCULAR     6.25       0          0          0          1
RETURN28         CIRCULAR     1.67       0          0          0          1
OVR28B           CIRCULAR     5.00       0          0          0          1
OVR28A           CIRCULAR     6.25       0          0          0          1
OVR28            CIRCULAR     8.00       0          0          0          1
TNL28B           CIRCULAR     4.50       0          0          0          1
TNL28A           CIRCULAR     5.00       0          0          0          1
CS27A            CIRCULAR     4.00       0          0          0          1
TNL27            CIRCULAR     4.00       0          0          0          1
CS27B            CIRCULAR     4.00       0          0          0          1
RETURN27         CIRCULAR     1.33       0          0          0          1
OVR27            CIRCULAR     4.00       0          0          0          1
west9            CIRCULAR     7.25       0          0          0          1
CS26             CIRCULAR     5.00       0          0          0          1
OVR26            CIRCULAR     5.00       0          0          0          1
RET26            CIRCULAR     1.25       0          0          0          1
CS25             CIRCULAR     5.00       0          0          0          1
RET25            CIRCULAR     1.25       0          0          0          1
OVR25A           CIRCULAR     5.00       0          0          0          1
OVR25B           CIRCULAR     4.00       0          0          0          1
CS24             CIRCULAR     2.50       0          0          0          1
RET24            CIRCULAR     1.00       0          0          0          1
OVR24A           CIRCULAR     2.50       0          0          0          1
OVR24B           CIRCULAR     2.50       0          0          0          1
OVR24C           CIRCULAR     2.50       0          0          0          1
CS23             CIRCULAR     8.50       0          0          0          1
RET23            CIRCULAR     1.00       0          0          0          1
OVR23            CIRCULAR     8.50       0          0          0          1
RET22            CIRCULAR     1.25       0          0          0          1
OVR29B           CIRCULAR     5.00       0          0          0          1
OVR29A           CIRCULAR     5.00       0          0          0          1
FREE47           CIRCULAR     1.67       0          0          0          1
96"              CIRCULAR     8.00       0          0          0          1
OVR46A           CIRCULAR     5.00       0          0          0          1
OVR46B           CIRCULAR     5.00       0          0          0          1
CS46A            CIRCULAR     5.00       0          0          0          1
CS46B            CIRCULAR     5.00       0          0          0          1
OVR33A           CIRCULAR     5.00       0          0          0          1
OVR33B           CIRCULAR     5.00       0          0          0          1
DUMMYSCS         CIRCULAR     8.00       0          0          0          1
DUMMY47          CIRCULAR     9.00       0          0          0          1
GATE 42          RECT_CLOSED  0          0          0          0          
GATE43           RECT_CLOSED  1.00       0          0          0          
GATE44           RECT_CLOSED  0          0          0          0          
GATE45           RECT_CLOSED  1.00       0          0          0          
DROP45           RECT_CLOSED  0          0          0          0          
BLUCHER          RECT_CLOSED  0          0          0          0          
GATE47a          RECT_CLOSED  1.00       0          0          0          
GATE46           RECT_CLOSED  1.00       0          0          0          
ORIF46A          RECT_CLOSED  0          0          0          0          
GATE48           RECT_CLOSED  1.00       0          0          0          
GATE49A          RECT_CLOSED  1.00       0          0          0          
ORIFICE50        RECT_CLOSED  0          0          0          0          
42" ORIF.        RECT_CLOSED  0          0          0          0          
GATE33           RECT_CLOSED  0          0          0          0          
GATE 31          RECT_CLOSED  1.00       0          0          0          
GATE 30          RECT_CLOSED  1.00       0          0          0          
GATE 29          RECT_CLOSED  1.00       0          0          0          
ORIF 28          RECT_CLOSED  1.00       0          0          0          
GATE 28          RECT_CLOSED  1.00       0          0          0          
GATE 27          RECT_CLOSED  1.00       0          0          0          
PINCH 26         RECT_CLOSED  0          0          0          0          
PINCH 25         RECT_CLOSED  0          0          0          0          
PINCH 24         RECT_CLOSED  0          0          0          0          
PINCH 23         RECT_CLOSED  0          0          0          0          
NOFLOAT47        RECT_CLOSED  1.00       0          0          0          
GATE32           RECT_CLOSED  0          0          0          0          
WEIR42A          RECT_OPEN    0          10.00      0          0          
WEIR42B          RECT_OPEN    0          2.00       0          0          
WEIR43A          RECT_OPEN    0          8.00       0          0          
WEIR43B          RECT_OPEN    0          10.00      0          0          
WEIR45A          RECT_OPEN    0          4.00       0          0          
WEIR45B          RECT_OPEN    0          3.50       0          0          
WEIR51           RECT_OPEN    0          5.00       0          0          
DROP47           RECT_OPEN    0          28.27      0          0          
WEIR47a          RECT_OPEN    0          9.00       0          0          
WEIR47b          RECT_OPEN    0          21.00      0          0          
W46B             RECT_OPEN    0          4.50       0          0          
DROP46           RECT_OPEN    0          15.71      0          0          
WEIR48           RECT_OPEN    0          2.00       0          0          
WEIR49           RECT_OPEN    0          3.33       0          0          
WEIR50           RECT_OPEN    0          6.50       0          0          
WEIR32           RECT_OPEN    0          3.00       0          0          
WEIR33           RECT_OPEN    0          5.00       0          0          
DROP 31          RECT_OPEN    0          18.85      0          0          
WEIR 31          RECT_OPEN    0          5.00       0          0          
WEIR 30          RECT_OPEN    0          5.00       0          0          
DRPSHFT30        RECT_OPEN    0          18.85      0          0          
DROP 29          RECT_OPEN    0          18.85      0          0          
WEIR 29          RECT_OPEN    0          6.00       0          0          
WEIR 28B         RECT_OPEN    0          5.00       0          0          
WEIR 28          RECT_OPEN    0          6.25       0          0          
DROP 28          RECT_OPEN    0          17.28      0          0          
DROPORANG        RECT_OPEN    0          18.85      0          0          
DROP 27          RECT_OPEN    0          15.71      0          0          
WEIR 27          RECT_OPEN    0          4.00       0          0          
WEIR 26          RECT_OPEN    0          5.00       0          0          
WEIR 25          RECT_OPEN    0          5.00       0          0          
WEIR 24          RECT_OPEN    0          2.50       0          0          
WEIR 23          RECT_OPEN    0          8.50       0          0          
HDWALLSCS        RECT_OPEN    0          6.00       0          0          

[LOSSES]
;;Link           Inlet      Outlet     Average    Flap Gate
;;-------------- ---------- ---------- ---------- ----------
swan1            0          0          0          NO
swan2            0          0          0          NO
swan6            0          0          0          NO
swan7            0          0          0          NO
swan14           0          0          0          NO
swan17           0          0          0          NO
swan3            0          0          0          NO
swan4            0          0          0          NO
swan5            0          0          0          NO
swan8            0          0          0          NO
swan9            0          0          0          NO
swan10           0          0          0          NO
swan11           0          0          0          NO
swan12           0          0          0          NO
swan13           0          0          0          NO
swan15           0          0          0          NO
swan16           0          0          0          NO
swan18           0          0          0          NO
swan19           0          0          0          NO
swan20           0          0          0          NO
CS42             0          0          0          NO
DRY42            0          0          0          NO
OVR42            0          0          0          NO
TNL42A           0          0          0          NO
TNL42B           0          0          0          NO
TNL42C           0          0          0          NO
CS43             0          0          0          NO
WET43            0          0          0          NO
OVR43            0          0          0          NO
TNL43            0          0          0          NO
CS44             0          0          0          NO
RET44            0          0          0          NO
CS45             0          0          0          NO
5145C            0          0          0          NO
WET45            0          0          0          NO
RET51B           0          0          0          NO
5145A            0          0          0          NO
5145B            0          0          0          NO
OVR45            0          0          0          NO
SAN51A           0          0          0          NO
SAN51B           0          0          0          NO
CS51             0          0          0          NO
TNL51            0          0          0          NO
30"              0          0          0          NO
RET51A           0          0          0          NO
CS47A            0          0          0          NO
CS47B            0          0          0          NO
OVR47            0          0          0          NO
16" A            0          0          0          NO
WET46            0          0          0          NO
TNL46A           0          0          0          NO
TNL46B           0          0          0          NO
CS48             0          0          0          NO
TNL48B           0          0          0          NO
RET48            0          0          0          NO
WET48            0          0          0          NO
TNL48A           0          0          0          NO
OVR48            0          0          0          NO
TNL48C           0          0          0          NO
CS49             0          0          0          NO
RET49            0          0          0          NO
OVR49            0          0          0          NO
OVRSCS           0          0          0          NO
CS50             0          0          0          NO
WET50            0          0          0          NO
TNL50            0          0          0          NO
RET50A           0          0          0          NO
RET50B           0          0          0          NO
OVR50            0          0          0          NO
RETURN42         0          0          0          NO
RETURN43         0          0          0          NO
RETURN45         0          0          0          NO
20" GATE         0          0          0          NO
RET47B           0          0          0          NO
RETURN46         0          0          0          NO
west1            0          0          0          NO
west2            0          0          0          NO
west3            0          0          0          NO
west4            0          0          0          NO
west5            0          0          0          NO
west6            0          0          0          NO
west7            0          0          0          NO
west8            0          0          0          NO
west10           0          0          0          NO
west11           0          0          0          NO
west12           0          0          0          NO
west13           0          0          0          NO
west14           0          0          0          NO
west15           0          0          0          NO
west16           0          0          0          NO
west17           0          0          0          NO
west18           0          0          0          NO
west19           0          0          0          NO
west20           0          0          0          NO
west21           0          0          0          NO
west22           0          0          0          NO
west23           0          0          0          NO
west24           0          0          0          NO
west25           0          0          0          NO
west26           0          0          0          NO
RET32A           0          0          0          NO
RET32B           0          0          0          NO
wsb1             0          0          0          NO
wsb2             0          0          0          NO
wsb3             0          0          0          NO
wsb4             0          0          0          NO
wsb5             0          0          0          NO
RET33A           0          0          0          NO
RET33B           0          0          0          NO
RET33C           0          0          0          NO
RET33D           0          0          0          NO
RET33E           0          0          0          NO
14"a             0          0          0          NO
14"b             0          0          0          NO
CS32             0          0          0          NO
OVR32            0          0          0          NO
CS33             0          0          0          NO
OVRDT            0          0          0          NO
CS31A            0          0          0          NO
TNL31            0          0          0          NO
CS31B            0          0          0          NO
OVR31            0          0          0          NO
RETURN31         0          0          0          NO
CS30A            0          0          0          NO
CS30B            0          0          0          NO
RETURN30         0          0          0          NO
OVR30            0          0          0          NO
CS29A            0          0          0          NO
TNL29            0          0          0          NO
CS29B            0          0          0          NO
RETURN29         0          0          0          NO
OVR29            0          0          0          NO
CS28C            0          0          0          NO
CS28D            0          0          0          NO
CS28A            0          0          0          NO
CS28B            0          0          0          NO
RETURN28         0          0          0          NO
OVR28B           0          0          0          NO
OVR28A           0          0          0          NO
OVR28            0          0          0          NO
TNL28B           0          0          0          NO
TNL28A           0          0          0          NO
CS27A            0          0          0          NO
TNL27            0          0          0          NO
CS27B            0          0          0          NO
RETURN27         0          0          0          NO
OVR27            0          0          0          NO
west9            0          0          0          NO
CS26             0          0          0          NO
OVR26            0          0          0          NO
RET26            0          0          0          NO
CS25             0          0          0          NO
RET25            0          0          0          NO
OVR25A           0          0          0          NO
OVR25B           0          0          0          NO
CS24             0          0          0          NO
RET24            0          0          0          NO
OVR24A           0          0          0          NO
OVR24B           0          0          0          NO
OVR24C           0          0          0          NO
CS23             0          0          0          NO
RET23            0          0          0          NO
OVR23            0          0          0          NO
RET22            0          0          0          NO
OVR29B           0          0          0          NO
OVR29A           0          0          0          NO
FREE47           0          0          0          NO
96"              0          0          0          NO
OVR46A           0          0          0          NO
OVR46B           0          0          0          NO
CS46A            0          0          0          NO
CS46B            0          0          0          NO
OVR33A           0          0          0          NO
OVR33B           0          0          0          NO
DUMMYSCS         0          0          0          NO
DUMMY47          0          0          0          NO

[INFLOWS]
;;Node           Constituent  Time Series      Type     Mfactor  Sfactor  Baseline Pattern
;;-------------- ------------ ---------------- -------- -------- -------- -------- --------
MH27057          FLOW         ""               FLOW     1.0      1.0      13.92
MH25749          FLOW         ""               FLOW     1.0      1.0      13.92
R42              FLOW         ""               FLOW     1.0      1.0      0.20
R43              FLOW         ""               FLOW     1.0      1.0      1.30
R44              FLOW         ""               FLOW     1.0      1.0      0.20
R45              FLOW         ""               FLOW     1.0      1.0      1.00
143              FLOW         ""               FLOW     1.0      1.0      0.04
X51              FLOW         ""               FLOW     1.0      1.0      0.00
R51              FLOW         ""               FLOW     1.0      1.0      0.05
R47              FLOW         ""               FLOW     1.0      1.0      3.80
R48              FLOW         ""               FLOW     1.0      1.0      0.60
R49              FLOW         ""               FLOW     1.0      1.0      1.80
R50              FLOW         ""               FLOW     1.0      1.0      0.20
DWF41            FLOW         ""               FLOW     1.0      1.0      0.70
R32              FLOW         ""               FLOW     1.0      1.0      0.70
R33              FLOW         ""               FLOW     1.0      1.0      1.30
R31              FLOW         ""               FLOW     1.0      1.0      0.70
R30              FLOW         ""               FLOW     1.0      1.0      2.00
R29              FLOW         ""               FLOW     1.0      1.0      2.60
R28B             FLOW         ""               FLOW     1.0      1.0      0.26
R28A             FLOW         ""               FLOW     1.0      1.0      0.39
R27              FLOW         ""               FLOW     1.0      1.0      0.70
R26              FLOW         ""               FLOW     1.0      1.0      2.10
R25              FLOW         ""               FLOW     1.0      1.0      0.90
R24              FLOW         ""               FLOW     1.0      1.0      0.30
R23              FLOW         ""               FLOW     1.0      1.0      5.70
DWF22            FLOW         ""               FLOW     1.0      1.0      1.20

[COORDINATES]
;;Node           X-Coord            Y-Coord
;;-------------- ------------------ ------------------
MH27057          481.94             14.41             
MH27098          481.94             14.98             
MH27250          481.93             15.30             
MH27111          481.39             16.14             
MH27112          481.40             16.33             
MH27114          480.79             16.96             
MH25749          480.86             18.47             
MH21725          479.28             20.53             
MH21417          478.16             20.53             
MH21419          478.17             21.16             
MH24821          478.29             22.43             
MH21959          477.97             22.85             
MH27100          481.94             15.64             
MH27110          481.93             16.14             
MH27142          480.83             17.70             
MH25747          480.29             19.45             
MH21732          479.64             20.61             
MH21726          479.04             20.53             
MH24968          478.20             21.87             
MH27119          480.13             16.39             
MH27117          480.28             16.43             
MH27116          480.43             16.96             
SWANNORTH        479.23             21.88             
R42              479.30             22.77             
67               479.06             22.61             
REG42            478.89             22.48             
71               479.20             22.55             
73               478.78             22.37             
75               478.75             22.60             
CSO42            478.65             22.30             
79               479.34             22.35             
83               479.28             22.12             
R43              479.44             21.06             
REG43            479.29             21.20             
89               479.08             20.97             
92               479.16             21.33             
ANWAYNE          479.03             21.46             
99               478.92             21.55             
CSO43SCN         478.76             21.65             
R44              479.51             19.77             
REG44            479.31             20.12             
O44              479.46             20.22             
R45              477.52             19.34             
REG45            478.25             19.34             
113              478.25             19.59             
115              478.40             19.34             
123              477.98             19.87             
125              477.98             20.52             
DC45             478.54             19.34             
143              477.99             19.59             
148              477.98             20.13             
CSO45            478.79             19.25             
200              478.69             19.31             
X51              478.67             18.18             
163              478.49             18.52             
REG51            478.34             18.76             
167              478.28             18.86             
R51              478.17             18.42             
172              478.67             18.69             
R47              477.90             16.03             
DC47             478.35             16.03             
REG47            479.49             16.03             
196              479.77             16.03             
197              479.96             16.06             
201              479.49             16.21             
XX               480.08             16.12             
206              479.99             16.40             
215              481.51             18.69             
REG46            481.16             18.69             
218              481.15             18.45             
220              480.96             18.69             
CSO46            480.34             18.64             
DC46             481.71             18.68             
228              481.71             18.42             
46FG             481.39             17.93             
SWANSOUTH        481.59             14.89             
R48              481.04             15.88             
REG48            480.84             16.01             
241              480.67             16.01             
D48FG            480.56             16.28             
245              480.57             16.72             
249              480.84             15.71             
DC48             480.50             16.08             
CSO48            480.42             16.18             
R49              482.18             14.21             
REG49            481.74             14.21             
262              481.74             14.40             
265              481.57             14.21             
CSO49            481.35             14.16             
S                481.40             14.88             
R50              481.16             13.00             
REG50            481.30             13.26             
274              481.58             13.26             
276              481.36             13.46             
DC50             481.43             13.71             
280              481.46             13.92             
CSO50            481.64             13.95             
285              481.93             13.51             
298              479.49             16.40             
MH29             477.59             23.66             
MH28             477.15             23.99             
MH25             476.93             24.42             
MH24             476.48             24.69             
MH23             476.23             24.85             
MH22             475.99             24.99             
MH21             475.32             25.38             
MH19             474.84             26.02             
MH18             474.32             26.84             
MH17             474.12             27.17             
MH16             473.85             27.59             
MH15             473.52             28.11             
MH14             473.25             28.55             
MH13             472.45             29.27             
MH12             471.74             29.89             
MH11             471.12             30.34             
MH10             470.72             30.61             
MH09             470.31             30.83             
MH08             469.98             31.12             
MH07             469.13             31.86             
MH06             468.08             32.79             
MH05             467.53             33.29             
MH04             467.04             33.71             
MH03             466.70             34.01             
MH02             466.39             34.27             
MH01             466.25             35.20             
MH73             480.09             23.99             
MH72             480.10             23.53             
MH60             479.33             23.00             
MH59             478.84             23.49             
DWF41            478.57             23.23             
377              478.40             23.15             
379              478.17             23.12             
MH56             478.16             22.92             
MH70             482.33             21.28             
MH69             481.87             21.28             
MH66             481.30             21.28             
MH64             480.54             21.80             
MH62             479.79             22.56             
398              478.29             23.13             
R32              479.89             23.58             
REG32            479.89             24.04             
405              479.89             24.20             
CSO32            479.89             24.39             
R33              481.79             21.56             
REG33            482.36             21.56             
413              482.55             21.56             
DOWNTOWN         474.86             26.56             
CSODT            475.00             26.66             
R31              476.17             23.16             
DC31             476.44             23.59             
423              476.21             23.71             
REG31            476.63             23.91             
428              476.62             24.14             
431              476.80             24.09             
CSO31            477.14             24.57             
R30              475.69             23.42             
DC30             475.97             23.87             
REG30            476.17             24.18             
455              476.15             24.41             
458              476.34             24.37             
CSO30            476.72             24.91             
R29              475.20             23.72             
DC29             475.48             24.14             
466              475.32             24.24             
REG29            475.68             24.49             
473              475.68             24.73             
476              475.86             24.66             
429              476.01             24.86             
CSO29B           476.30             25.23             
R28B             474.83             23.90             
DC28B            475.11             24.37             
REG28B           475.42             24.86             
R28A             474.04             24.58             
DC28A            474.53             24.78             
REG28            475.07             25.11             
493              474.96             25.32             
496              475.52             25.03             
498              475.27             25.22             
JUNC28           475.63             25.38             
CSO28            475.77             25.69             
505              475.23             24.30             
508              474.41             25.03             
R27              473.66             25.38             
DC27             474.16             25.60             
516              474.07             25.80             
REG27            474.48             25.75             
521              474.63             25.92             
524              474.75             25.78             
CSO27            475.35             26.18             
R26              473.00             27.06             
REG26            473.44             27.33             
532              473.68             27.36             
CSO26            474.20             27.77             
536              473.47             27.54             
R25              471.65             28.56             
REG25            472.08             28.89             
542              472.16             29.09             
545              472.32             28.96             
FLAP25           472.61             29.31             
CSO25            472.81             29.55             
R24              470.45             29.48             
REG24            470.76             29.86             
554              470.76             30.11             
557              470.95             29.85             
EXT24            471.29             30.29             
FLAP24           471.43             30.52             
CSO24            471.60             30.75             
R23              469.24             30.34             
REG23            469.62             30.73             
568              469.63             31.00             
571              469.85             30.73             
CSO23            470.52             31.77             
DWF22            467.90             32.54             
CSO29A           476.23             25.29             
583              479.57             16.21             
BAYVIEW          466.37             35.39             
BAYOUT           466.54             35.59             
@46B             480.65             18.69             
R46              482.40             18.68             
@46A             482.12             18.68             
880              482.88             21.56             
CSO33            483.22             21.56             
890              481.41             15.15             
CSOSCS           481.78             15.14             
CSO47            480.23             16.13             

[MAP]
DIMENSIONS 466.25 13.00 483.22 35.59
Units      None

[REPORT]
INPUT            YES
SUBCATCHMENTS    ALL
NODES            ALL
LINKS            ALL



