;; SWMM5 .inp converted from XPSWMM .xp file
;; Generated by XPSWMM Card Reader
;; Source format: XP_CARD | Original title: CITY OF SACRAMENTO -HAGGINWOOD DRAINAGE STUDY - DEWANTE & STOWELL ENGRS

[TITLE]
;;Project Title/Notes
CITY OF SACRAMENTO -HAGGINWOOD DRAINAGE STUDY - DEWANTE & STOWELL ENGRS

[OPTIONS]
FLOW_UNITS           CFS
INFILTRATION         HORTON
FLOW_ROUTING         DYNWAVE
LINK_OFFSETS         DEPTH
MIN_SLOPE            0.0
ALLOW_PONDING        NO
SKIP_STEADY_STATE    NO
ROUTING_STEP         00:00:05
VARIABLE_STEP        0.75
INERTIAL_DAMPING     NONE
NORMAL_FLOW_LIMITED  BOTH
MAX_TRIALS           50

[JUNCTIONS]
;;Name           Elev       MaxDepth   InitDepth  SurDepth   Aponded
;;-------------- ---------- ---------- ---------- ---------- ----------
0                45.00      0          0          0          0
0                45.00      0          0          0          0
0                50.00      0          0          0          0
0                55.00      0          0          0          0
0                55.00      0          0          0          0
0                48.40      0          0          0          0
0                50.00      0          0          0          0
0                50.00      0          0          0          0
0                50.00      0          0          0          0
0                50.00      0          0          0          0
0                50.00      0          0          0          0
0                47.00      0          0          0          0
0                45.10      0          0          0          0
0                45.20      0          0          0          0
0                45.10      0          0          0          0
0                45.10      0          0          0          0
0                48.30      0          0          0          0
0                49.00      0          0          0          0
0                48.00      0          0          0          0
0                48.00      0          0          0          0
0                70.60      0          0          0          0
0                70.40      0          0          0          0
0                69.50      0          0          0          0
0                68.20      0          0          0          0
0                66.70      0          0          0          0
0                68.30      0          0          0          0
0                62.10      0          0          0          0
0                59.00      0          0          0          0
0                55.30      0          0          0          0
0                56.00      0          0          0          0
0                55.20      0          0          0          0
0                52.80      0          0          0          0
0                52.90      0          0          0          0
0                52.50      0          0          0          0
0                63.20      0          0          0          0
0                65.00      0          0          0          0
0                64.40      0          0          0          0
0                65.30      0          0          0          0
0                66.40      0          0          0          0
0                69.40      0          0          0          0
0                71.30      0          0          0          0
0                69.60      0          0          0          0
0                69.00      0          0          0          0
0                71.00      0          0          0          0
0                71.50      0          0          0          0
0                50.00      0          0          0          0
0                49.60      0          0          0          0
0                48.50      0          0          0          0
0                50.00      0          0          0          0
0                50.00      0          0          0          0
0                50.00      0          0          0          0
0                51.00      0          0          0          0
0                51.00      0          0          0          0
0                51.30      0          0          0          0
0                51.30      0          0          0          0
0                52.60      0          0          0          0
0                52.60      0          0          0          0
0                65.50      0          0          0          0
0                52.60      0          0          0          0
0                54.72      0          0          0          0
0                56.00      0          0          0          0
0                56.05      0          0          0          0
0                56.00      0          0          0          0
0                57.90      0          0          0          0
0                49.20      0          0          0          0
0                49.40      0          0          0          0
0                51.20      0          0          0          0
0                52.27      0          0          0          0
0                54.00      0          0          0          0
0                51.00      0          0          0          0
0                53.20      0          0          0          0
0                0          0          0          0          0
0                0          0          0          0          0
0                0          0          0          0          0
0                0          0          0          0          0
0                0          0          0          0          0
0                0          0          0          0          0
0                0          0          0          0          0
0                0          0          0          0          0
0                0          0          0          0          0
0                0          0          0          0          0
0                0          0          0          0          0
0                0          0          0          0          0
0                0          0          0          0          0
0                0          0          0          0          0
0                0          0          0          0          0
0                0          0          0          0          0
0                0          0          0          0          0
0                0          0          0          0          0
0                0          0          0          0          0
0                0          0          0          0          0
0                0          0          0          0          0
0                0          0          0          0          0
0                0          0          0          0          0
0                0          0          0          0          0
0                0          0          0          0          0
0                0          0          0          0          0
0                0          0          0          0          0
0                0          0          0          0          0
0                0          0          0          0          0
0                0          0          0          0          0
0                0          0          0          0          0
0                0          0          0          0          0
0                0          0          0          0          0
0                0          0          0          0          0
0                0          0          0          0          0
0                0          0          0          0          0
0                0          0          0          0          0
0                0          0          0          0          0
0                0          0          0          0          0
0                0          0          0          0          0
0                0          0          0          0          0
0                0          0          0          0          0
0                0          0          0          0          0
0                0          0          0          0          0
0                0          0          0          0          0
0                0          0          0          0          0
0                0          0          0          0          0
0                0          0          0          0          0
0                0          0          0          0          0
0                0          0          0          0          0
0                0          0          0          0          0
0                0          0          0          0          0
0                0          0          0          0          0
0                0          0          0          0          0
0                0          0          0          0          0
0                0          0          0          0          0
0                0          0          0          0          0
0                0          0          0          0          0
0                0          0          0          0          0
0                0          0          0          0          0
0                0          0          0          0          0
0                0          0          0          0          0
0                0          0          0          0          0
0                0          0          0          0          0
0                0          0          0          0          0
0                0          0          0          0          0
0                0          0          0          0          0
0                0          0          0          0          0
0                0          0          0          0          0
0                0          0          0          0          0
0                0          0          0          0          0
0                0          0          0          0          0
0                0          0          0          0          0
0                0          0          0          0          0
0                0          0          0          0          0
0                0          0          0          0          0

[STORAGE]
;;Name           Elev       MaxDepth   InitDepth  Shape      Curve/Params
;;-------------- ---------- ---------- ---------- ---------- ----------
0                50.00      0          0          FUNCTIONAL 100.00 0          0
0                48.00      0          0          FUNCTIONAL 0 0          0
0                48.00      0          0          FUNCTIONAL 0 0          0

[CONDUITS]
;;Name           From             To               Length     Roughness  InOffset   OutOffset  InitFlow   MaxFlow
;;-------------- ---------------- ---------------- ---------- ---------- ---------- ---------- ---------- ----------
201              ?                0                1185.00    0.0172     27.45      26.05      0          0
201              0                0                1185.00    0.0172     27.45      26.05      0          0
206              0                0                371.00     0.0360     28.72      28.35      0          0
208              0                0                1029.92    0.0180     29.75      28.72      0          0
210              0                0                589.00     0.0300     30.33      29.75      0          0
212              0                0                665.00     0.0302     31.30      30.33      0          0
210              0                0                322.00     0.0332     38.00      41.74      0          0
214              0                0                490.00     0.0197     41.74      41.50      0          0
216              0                0                380.00     0.0211     41.50      41.30      0          0
21221            21223            0                250.00     0.0207     41.30      41.17      0          0
21231            21232            0                188.00     0.0071     41.17      41.00      0          0
222              0                0                535.00     0.2400     42.50      40.00      0          0
224              0                0                190.00     0.1000     40.00      38.00      0          0
226              0                0                220.00     0.0108     38.00      37.90      0          0
228              0                0                220.00     0.0426     37.90      37.80      0          0
230              0                0                220.00     0.0102     37.80      37.75      0          0
232              0                0                180.00     0.0707     37.75      37.50      0          0
234              0                0                200.00     0.0178     37.50      37.45      0          0
201              0                0                100.00     0.0327     42.00      40.50      0          0
237              0                0                260.00     0.0500     40.50      37.59      0          0
21341            21342            0                220.00     0.0193     37.59      37.48      0          0
241              0                0                875.00     0.0500     37.48      34.37      0          0
243              0                0                260.00     0.0121     34.37      34.11      0          0
247              0                0                210.00     0.0150     57.99      56.70      0          0
248              0                0                565.00     0.0150     56.70      53.60      0          0
250              0                0                470.00     0.0150     53.60      50.90      0          0
252              0                0                340.00     0.0150     50.90      50.00      0          0
254              0                0                700.00     0.0150     50.00      48.05      0          0
256              0                0                982.00     0.0150     45.53      43.50      0          0
258              0                0                885.00     0.0150     43.50      41.50      0          0
260              0                0                382.00     0.0150     41.50      40.78      0          0
262              0                0                80.00      0.0150     39.78      39.75      0          0
264              0                0                569.00     0.0150     39.75      39.13      0          0
266              0                0                1279.00    0.0150     39.13      36.41      0          0
268              0                0                708.00     0.0150     36.41      33.93      0          0
270              0                0                375.00     0.0150     33.93      32.63      0          0
272              0                0                430.00     0.0150     32.63      31.00      0          0
275              0                0                820.00     0.0150     46.17      45.53      0          0
277              0                0                660.00     0.0150     47.20      46.17      0          0
279              0                0                655.00     0.0150     48.13      47.20      0          0
281              0                0                310.00     0.0150     49.11      48.63      0          0
283              0                0                328.00     0.0150     49.69      49.11      0          0
285              0                0                432.00     0.0150     50.77      50.19      0          0
287              0                0                336.00     0.0150     51.23      50.77      0          0
289              0                0                385.00     0.0150     52.50      50.75      0          0
291              0                0                32.00      0.0300     64.00      56.95      0          0
293              0                0                17.00      0.0150     66.01      64.00      0          0
295              0                0                526.00     0.0150     67.72      66.01      0          0
297              0                0                200.00     0.0250     44.10      38.00      0          0
300              0                0                538.00     0.0150     34.07      33.00      0          0
298              0                0                466.00     0.0150     35.18      34.07      0          0
303              0                0                150.00     0.0180     44.15      44.10      0          0
305              0                0                360.00     0.0250     44.87      44.15      0          0
307              0                0                701.00     0.0250     45.69      44.15      0          0
309              0                0                510.00     0.0150     46.76      45.69      0          0
311              0                0                280.00     0.0150     47.18      46.76      0          0
313              0                0                130.00     0.0150     47.56      47.18      0          0
315              0                0                125.00     0.0200     48.16      47.56      0          0
317              0                0                360.00     0.0150     49.20      48.16      0          0
319              0                0                120.00     0.0104     49.36      49.20      0          0
321              0                0                670.00     0.0150     50.11      49.36      0          0
319              0                0                125.00     0.0250     49.36      48.86      0          0
323              0                0                330.00     0.0250     48.86      47.56      0          0
326              0                0                650.00     0.0050     51.72      50.11      0          0
328              0                0                38.00      0.0470     48.80      42.75      0          0
330              0                0                10.00      0.0200     51.40      51.00      0          0
333              0                0                235.00     0.0400     52.69      51.40      0          0
335              0                0                323.00     0.0150     38.03      37.10      0          0
337              0                0                392.00     0.0150     38.90      38.03      0          0
339              0                0                250.00     0.0150     41.15      40.35      0          0
341              0                0                295.00     0.0150     42.45      41.40      0          0
343              0                0                395.00     0.0150     44.56      42.45      0          0
345              0                0                470.00     0.0250     42.09      40.40      0          0
347              0                0                365.00     0.0250     43.47      42.09      0          0
409              0                0                110.00     0.0250     0          0          0          0
351              0                0                90.00      0.0300     0          0          0          0
352              0                0                40.00      0.0250     0          0          0          0
353              0                0                420.00     0.0300     0          0          0          0
414              0                0                1900.00    0.0250     0          0          0          0
354              0                0                100.00     0.0300     0          0          0          0
417              0                0                1650.00    0.0300     0          0          0          0
419              0                0                370.00     0.0250     0          0          0          0
355              0                0                455.00     0.0250     0          0          0          0
356              0                0                480.00     0.0300     0          0          0          0
423              0                0                280.00     0.0200     0          0          0          0
357              0                0                317.00     0.0250     0          0          0          0
358              0                0                244.00     0.0150     0          0          0          0
359              0                0                240.00     0.0150     0          0          0          0
360              0                0                600.00     0.0150     0          0          0          0
429              0                0                320.00     0.0250     0          0          0          0
431              0                0                110.00     0.0250     0          0          0          0
361              0                0                190.00     0.0250     0          0          0          0
362              0                0                90.00      0.0230     0          0          0          0
363              0                0                10.00      0.0560     0          0          0          0
364              0                0                100.00     0.0190     0          0          0          0
365              0                0                600.00     0.0150     0          0          0          0
366              0                0                50.00      0.0200     0          0          0          0
367              0                0                360.00     0.0150     0          0          0          0
368              0                0                270.00     0.0150     0          0          0          0
369              0                0                100.00     0.0280     0          0          0          0
370              0                0                420.00     0.0280     0          0          0          0
371              0                0                100.00     0.0280     0          0          0          0
372              0                0                275.00     0.0280     0          0          0          0
445              0                0                675.00     0.0280     0          0          0          0
373              0                0                230.00     0.0280     0          0          0          0
374              0                0                360.00     0.0250     0          0          0          0
375              0                0                150.00     0.0250     0          0          0          0
450              0                0                256.00     0.0200     0          0          0          0
452              0                0                880.00     0.0250     0          0          0          0
376              0                0                345.00     0.0150     0          0          0          0
377              0                0                155.00     0.0250     0          0          0          0
378              0                0                485.00     0.0260     0          0          0          0
379              0                0                455.00     0.0260     0          0          0          0
381              0                0                165.00     0.0260     0          0          0          0
380              0                0                410.00     0.0260     0          0          0          0
460              0                0                410.00     0.0260     0          0          0          0
462              0                0                100.00     0.0260     0          0          0          0
382              0                0                460.00     0.0250     0          0          0          0
465              0                0                535.00     0.0250     0          0          0          0
467              0                0                470.00     0.0250     0          0          0          0
383              0                0                280.00     0.0260     0          0          0          0
384              0                0                175.00     0.0260     0          0          0          0
385              0                0                80.00      0.0260     0          0          0          0
386              0                0                170.00     0.0400     0          0          0          0
387              0                0                805.00     0.0150     0          0          0          0
388              0                0                44.00      0.0125     0          0          0          0
389              0                0                378.00     0.0150     0          0          0          0
390              0                0                42.00      0.0125     0          0          0          0
391              0                0                214.00     0.0150     0          0          0          0
392              0                0                42.00      0.0125     0          0          0          0
393              0                0                285.00     0.0150     0          0          0          0
394              0                0                578.00     0.0150     0          0          0          0
395              0                0                48.00      0.0200     0          0          0          0
396              0                0                208.00     0.0150     0          0          0          0
397              0                0                44.00      0.0200     0          0          0          0
398              0                0                754.00     0.0150     0          0          0          0
485              0                0                45.00      0.0200     0          0          0          0
399              0                0                635.00     0.0250     0          0          0          0
400              0                0                200.00     0.0300     0          0          0          0
401              0                0                420.00     0.0400     0          0          0          0
402              0                0                40.00      0.0370     0          0          0          0
403              0                0                420.00     0.0400     0          0          0          0
492              0                0                375.00     0.0400     0          0          0          0
404              0                0                45.47      0.0150     0          0          0          0
495              0                0                47.22      0.0150     0          0          0          0
405              0                0                150.00     0.0250     0          0          0          0
406              0                0                160.00     0.0250     0          0          0          0
407              0                0                245.00     0.0250     0          0          0          0
408              0                0                240.00     0.0250     0          0          0          0
501              0                0                230.00     0.0250     0          0          0          0

[WEIRS]
;;Name           From             To               Type       CrestHt    Qcoeff     Gated    EndCon   EndCoeff   Surcharge
;;-------------- ---------------- ---------------- ---------- ---------- ---------- -------- -------- ---------- ----------
330              0                0                V-NOTCH    51.70      1.840      NO       0        0          YES
331              0                0                TRANSVERSE 51.74      1.840      NO       0        0          YES

[XSECTIONS]
;;Link           Shape        Geom1      Geom2      Geom3      Geom4      Barrels
;;-------------- ------------ ---------- ---------- ---------- ---------- ----------
201              CIRCULAR     6.00       0          0          0          1
201              CIRCULAR     6.00       0          0          0          1
206              CIRCULAR     8.00       0          0          0          1
208              CIRCULAR     8.00       0          0          0          1
210              CIRCULAR     8.00       0          0          0          1
212              CIRCULAR     10.50      0          0          0          1
210              CIRCULAR     4.50       0          0          0          1
214              CIRCULAR     5.00       0          0          0          1
216              CIRCULAR     5.00       0          0          0          1
21221            CIRCULAR     3.50       0          0          0          1
21231            CIRCULAR     3.00       0          0          0          1
222              POWER        4.00       150.00     0          0          1
224              TRAPEZOIDAL  7.00       5.00       0          0          1
226              CIRCULAR     3.50       0          0          0          1
228              TRAPEZOIDAL  7.20       6.00       0          0          1
230              CIRCULAR     3.50       0          0          0          1
232              TRAPEZOIDAL  7.20       15.00      0          0          1
234              RECT_CLOSED  5.50       4.52       0          0          1
201              RECT_CLOSED  2.00       4.00       0          0          1
237              TRAPEZOIDAL  7.00       40.00      0          0          1
21341            CIRCULAR     4.00       0          0          0          1
241              TRAPEZOIDAL  7.00       10.00      0          0          1
243              CIRCULAR     4.00       0          0          0          1
247              CIRCULAR     3.50       0          0          0          1
248              CIRCULAR     3.50       0          0          0          1
250              CIRCULAR     3.50       0          0          0          1
252              CIRCULAR     3.50       0          0          0          1
254              CIRCULAR     3.50       0          0          0          1
256              CIRCULAR     6.00       0          0          0          1
258              CIRCULAR     6.00       0          0          0          1
260              CIRCULAR     6.00       0          0          0          1
262              CIRCULAR     7.00       0          0          0          1
264              CIRCULAR     7.00       0          0          0          1
266              CIRCULAR     7.00       0          0          0          1
268              CIRCULAR     7.00       0          0          0          1
270              CIRCULAR     7.00       0          0          0          1
272              CIRCULAR     7.00       0          0          0          1
275              CIRCULAR     5.50       0          0          0          1
277              CIRCULAR     5.50       0          0          0          1
279              CIRCULAR     5.50       0          0          0          1
281              CIRCULAR     5.00       0          0          0          1
283              CIRCULAR     5.00       0          0          0          1
285              CIRCULAR     4.50       0          0          0          1
287              CIRCULAR     4.50       0          0          0          1
289              CIRCULAR     4.50       0          0          0          1
291              CIRCULAR     4.00       0          0          0          1
293              TRAPEZOIDAL  4.00       6.00       0          0          1
295              TRAPEZOIDAL  1.50       6.00       0          0          1
297              CIRCULAR     4.50       0          0          0          1
300              CIRCULAR     6.00       0          0          0          1
298              CIRCULAR     5.00       0          0          0          1
303              RECT_CLOSED  3.00       8.00       0          0          1
305              CIRCULAR     4.17       0          0          0          1
307              CIRCULAR     3.50       0          0          0          1
309              TRAPEZOIDAL  4.00       10.00      0          0          1
311              CIRCULAR     3.50       0          0          0          1
313              CIRCULAR     3.50       0          0          0          1
315              RECT_CLOSED  2.00       10.00      0          0          1
317              TRAPEZOIDAL  3.00       5.00       0          0          1
319              TRAPEZOIDAL  2.00       10.00      0          0          1
321              TRAPEZOIDAL  3.00       5.00       0          0          1
319              CIRCULAR     3.00       0          0          0          1
323              CIRCULAR     3.00       0          0          0          1
326              CIRCULAR     3.00       0          0          0          1
328              CIRCULAR     4.50       0          0          0          1
330              TRAPEZOIDAL  4.30       8.00       0          0          1
333              TRAPEZOIDAL  4.30       9.00       0          0          1
335              CIRCULAR     4.00       0          0          0          1
337              CIRCULAR     4.00       0          0          0          1
339              CIRCULAR     2.50       0          0          0          1
341              CIRCULAR     2.25       0          0          0          1
343              CIRCULAR     2.00       0          0          0          1
345              CIRCULAR     3.00       0          0          0          1
347              CIRCULAR     3.00       0          0          0          1
409              CIRCULAR     2.00       0          0          0          1
351              TRAPEZOIDAL  2.00       2.00       0          0          1
352              CIRCULAR     2.00       0          0          0          1
353              TRAPEZOIDAL  2.00       4.00       0          0          1
414              TRAPEZOIDAL  4.00       4.00       0          0          1
354              CIRCULAR     2.00       0          0          0          1
417              TRAPEZOIDAL  2.00       4.00       0          0          1
419              CIRCULAR     2.00       0          0          0          1
355              CIRCULAR     2.50       0          0          0          1
356              TRAPEZOIDAL  1.50       6.00       0          0          1
423              TRAPEZOIDAL  2.00       1.00       0          0          1
357              CIRCULAR     2.00       0          0          0          1
358              CIRCULAR     2.00       0          0          0          1
359              CIRCULAR     2.00       0          0          0          1
360              CIRCULAR     3.00       0          0          0          1
429              CIRCULAR     2.00       0          0          0          1
431              CIRCULAR     2.00       0          0          0          1
361              CIRCULAR     2.00       0          0          0          1
362              TRAPEZOIDAL  2.50       6.00       0          0          1
363              TRAPEZOIDAL  2.50       6.00       0          0          1
364              CIRCULAR     2.50       0          0          0          1
365              CIRCULAR     2.25       0          0          0          1
366              CIRCULAR     1.75       0          0          0          1
367              CIRCULAR     1.50       0          0          0          1
368              CIRCULAR     1.50       0          0          0          1
369              CIRCULAR     2.50       0          0          0          1
370              CIRCULAR     2.00       0          0          0          1
371              CIRCULAR     2.00       0          0          0          1
372              CIRCULAR     2.00       0          0          0          1
445              CIRCULAR     1.25       0          0          0          1
373              CIRCULAR     2.25       0          0          0          1
374              CIRCULAR     2.00       0          0          0          1
375              CIRCULAR     1.50       0          0          0          1
450              TRAPEZOIDAL  3.50       3.00       0          0          1
452              CIRCULAR     2.00       0          0          0          1
376              CIRCULAR     2.00       0          0          0          1
377              CIRCULAR     2.50       0          0          0          1
378              CIRCULAR     2.50       0          0          0          1
379              CIRCULAR     2.50       0          0          0          1
381              CIRCULAR     1.75       0          0          0          1
380              CIRCULAR     1.33       0          0          0          1
460              CIRCULAR     1.33       0          0          0          1
462              CIRCULAR     1.33       0          0          0          1
382              CIRCULAR     1.50       0          0          0          1
465              CIRCULAR     1.00       0          0          0          1
467              CIRCULAR     1.50       0          0          0          1
383              CIRCULAR     1.50       0          0          0          1
384              CIRCULAR     1.50       0          0          0          1
385              TRAPEZOIDAL  3.00       4.00       0          0          1
386              TRAPEZOIDAL  4.30       7.00       0          0          1
387              TRAPEZOIDAL  4.00       5.00       0          0          1
388              CIRCULAR     2.37       0          0          0          1
389              TRAPEZOIDAL  4.00       5.00       0          0          1
390              CIRCULAR     2.37       0          0          0          1
391              TRAPEZOIDAL  4.00       5.00       0          0          1
392              CIRCULAR     2.37       0          0          0          1
393              TRAPEZOIDAL  4.00       5.00       0          0          1
394              CIRCULAR     4.00       0          0          0          1
395              TRAPEZOIDAL  2.00       6.00       0          0          1
396              TRAPEZOIDAL  2.00       2.00       0          0          1
397              TRAPEZOIDAL  2.00       6.00       0          0          1
398              TRAPEZOIDAL  3.00       3.00       0          0          1
485              TRAPEZOIDAL  2.00       6.00       0          0          1
399              CIRCULAR     2.25       0          0          0          1
400              CIRCULAR     2.00       0          0          0          1
401              TRAPEZOIDAL  3.00       3.00       0          0          1
402              CIRCULAR     2.00       0          0          0          1
403              CIRCULAR     2.00       0          0          0          1
492              CIRCULAR     2.00       0          0          0          1
404              CIRCULAR     2.00       0          0          0          1
495              CIRCULAR     1.75       0          0          0          1
405              CIRCULAR     3.00       0          0          0          1
406              CIRCULAR     3.00       0          0          0          1
407              CIRCULAR     3.00       0          0          0          1
408              CIRCULAR     3.00       0          0          0          1
501              CIRCULAR     3.00       0          0          0          1
330              RECT_OPEN    0          7.00       0          0          
331              RECT_OPEN    0          8.50       0          0          

[LOSSES]
;;Link           Inlet      Outlet     Average    Flap Gate
;;-------------- ---------- ---------- ---------- ----------
201              0          0          0          NO
201              0          0          0          NO
206              0          0          0          NO
208              0          0          0          NO
210              0          0          0          NO
212              0          0          0          NO
210              0          0          0          NO
214              0          0          0          NO
216              0          0          0          NO
21221            0          0          0          NO
21231            0          0          0          NO
222              0          0          0          NO
224              0          0          0          NO
226              0          0          0          NO
228              0          0          0          NO
230              0          0          0          NO
232              0          0          0          NO
234              0          0          0          NO
201              0          0          0          NO
237              0          0          0          NO
21341            0          0          0          NO
241              0          0          0          NO
243              0          0          0          NO
247              0          0          0          NO
248              0          0          0          NO
250              0          0          0          NO
252              0          0          0          NO
254              0          0          0          NO
256              0          0          0          NO
258              0          0          0          NO
260              0          0          0          NO
262              0          0          0          NO
264              0          0          0          NO
266              0          0          0          NO
268              0          0          0          NO
270              0          0          0          NO
272              0          0          0          NO
275              0          0          0          NO
277              0          0          0          NO
279              0          0          0          NO
281              0          0          0          NO
283              0          0          0          NO
285              0          0          0          NO
287              0          0          0          NO
289              0          0          0          NO
291              0          0          0          NO
293              0          0          0          NO
295              0          0          0          NO
297              0          0          0          NO
300              0          0          0          NO
298              0          0          0          NO
303              0          0          0          NO
305              0          0          0          NO
307              0          0          0          NO
309              0          0          0          NO
311              0          0          0          NO
313              0          0          0          NO
315              0          0          0          NO
317              0          0          0          NO
319              0          0          0          NO
321              0          0          0          NO
319              0          0          0          NO
323              0          0          0          NO
326              0          0          0          NO
328              0          0          0          NO
330              0          0          0          NO
333              0          0          0          NO
335              0          0          0          NO
337              0          0          0          NO
339              0          0          0          NO
341              0          0          0          NO
343              0          0          0          NO
345              0          0          0          NO
347              0          0          0          NO
409              0          0          0          NO
351              0          0          0          NO
352              0          0          0          NO
353              0          0          0          NO
414              0          0          0          NO
354              0          0          0          NO
417              0          0          0          NO
419              0          0          0          NO
355              0          0          0          NO
356              0          0          0          NO
423              0          0          0          NO
357              0          0          0          NO
358              0          0          0          NO
359              0          0          0          NO
360              0          0          0          NO
429              0          0          0          NO
431              0          0          0          NO
361              0          0          0          NO
362              0          0          0          NO
363              0          0          0          NO
364              0          0          0          NO
365              0          0          0          NO
366              0          0          0          NO
367              0          0          0          NO
368              0          0          0          NO
369              0          0          0          NO
370              0          0          0          NO
371              0          0          0          NO
372              0          0          0          NO
445              0          0          0          NO
373              0          0          0          NO
374              0          0          0          NO
375              0          0          0          NO
450              0          0          0          NO
452              0          0          0          NO
376              0          0          0          NO
377              0          0          0          NO
378              0          0          0          NO
379              0          0          0          NO
381              0          0          0          NO
380              0          0          0          NO
460              0          0          0          NO
462              0          0          0          NO
382              0          0          0          NO
465              0          0          0          NO
467              0          0          0          NO
383              0          0          0          NO
384              0          0          0          NO
385              0          0          0          NO
386              0          0          0          NO
387              0          0          0          NO
388              0          0          0          NO
389              0          0          0          NO
390              0          0          0          NO
391              0          0          0          NO
392              0          0          0          NO
393              0          0          0          NO
394              0          0          0          NO
395              0          0          0          NO
396              0          0          0          NO
397              0          0          0          NO
398              0          0          0          NO
485              0          0          0          NO
399              0          0          0          NO
400              0          0          0          NO
401              0          0          0          NO
402              0          0          0          NO
403              0          0          0          NO
492              0          0          0          NO
404              0          0          0          NO
495              0          0          0          NO
405              0          0          0          NO
406              0          0          0          NO
407              0          0          0          NO
408              0          0          0          NO
501              0          0          0          NO

[COORDINATES]
;;Node           X-Coord            Y-Coord
;;-------------- ------------------ ------------------
0                1171.35            139.86            
0                1191.35            139.86            
0                1211.35            139.86            
0                1151.35            139.86            
0                1131.35            139.86            
0                891.35             139.86            
0                871.35             139.86            
0                911.35             139.86            
0                931.35             139.86            
0                951.35             139.86            
0                971.35             139.86            
0                991.35             139.86            
0                1011.35            139.86            
0                1031.35            139.86            
0                1051.35            139.86            
0                1071.35            139.86            
0                1091.35            139.86            
0                1111.35            139.86            
0                1231.35            139.86            
0                1251.35            139.86            
0                1271.35            139.86            
0                1291.35            139.86            
0                1311.35            139.86            
0                557.41             135.90            
0                577.41             135.90            
0                597.41             135.90            
0                617.41             135.90            
0                637.41             135.90            
0                657.41             135.90            
0                677.41             135.90            
0                697.41             135.90            
0                751.35             139.86            
0                771.35             139.86            
0                791.35             139.86            
0                811.35             139.86            
0                831.35             139.86            
0                851.35             139.86            
0                657.41             115.90            
0                664.25             97.11             
0                671.09             78.31             
0                683.95             62.99             
0                696.80             47.67             
0                709.66             32.35             
0                722.51             17.03             
0                735.37             1.71              
0                748.23             -13.61            
0                761.08             -28.93            
0                773.94             -44.26            
0                671.35             139.86            
0                691.35             139.86            
0                711.35             139.86            
0                651.35             139.86            
0                631.35             139.86            
0                611.35             139.86            
0                591.35             139.86            
0                571.35             139.86            
0                551.35             139.86            
0                531.35             139.86            
0                511.35             139.86            
0                491.35             139.86            
0                471.35             139.86            
0                551.35             119.86            
0                451.35             139.86            
0                731.35             139.86            
0                717.41             175.90            
0                359.93             153.09            
0                717.41             195.90            
0                691.35             159.86            
0                691.35             179.86            
0                684.51             198.65            
0                677.67             217.45            
0                670.83             236.24            
0                698.19             198.65            
0                705.03             217.45            
0                988.93             182.28            
0                1003.07            168.14            
0                1017.21            154.00            
0                991.35             119.86            
0                1111.35            179.86            
0                1111.35            159.86            
0                477.41             135.90            
0                497.41             135.90            
0                517.41             135.90            
0                537.41             135.90            
0                650.57             97.11             
0                786.79             -59.58            
0                799.65             -74.90            
0                819.35             -78.37            
0                839.04             -81.84            
0                858.74             -85.32            
0                878.43             -88.79            
0                898.13             -92.26            
0                917.83             -95.74            
0                937.52             -99.21            
0                957.22             -102.68           
0                976.91             -106.15           
0                816.97             -84.90            
0                836.67             -88.37            
0                856.36             -91.84            
0                842.68             -115.54           
0                829.83             -100.22           
0                812.50             -90.22            
0                825.36             -105.54           
0                832.20             -124.33           
0                842.68             -115.54           
0                806.49             -93.69            
0                799.65             -114.90           
0                799.65             -94.90            
0                717.41             215.90            
0                717.41             235.90            
0                717.41             255.90            
0                717.41             275.90            
0                717.41             295.90            
0                717.41             315.90            
0                717.41             335.90            
0                717.41             355.90            
0                717.41             375.90            
0                717.41             395.90            
0                717.41             415.90            
0                717.41             435.90            
0                717.41             455.90            
0                717.41             475.90            
0                671.09             58.31             
0                671.09             38.31             
0                671.09             18.31             
0                671.09             -1.69             
0                671.09             -21.69            
0                663.99             255.03            
0                711.87             236.24            
0                718.72             255.03            
0                725.56             273.83            
0                732.40             292.62            
0                974.79             196.43            
0                991.35             99.86             
0                1031.35            119.86            
0                1111.35            199.86            
0                457.41             135.90            
0                637.41             155.90            
0                643.73             78.31             
0                996.61             -109.63           
0                876.06             -95.32            
0                855.54             -130.86           
0                839.04             -143.13           
0                860.00             -125.54           
0                813.33             -112.48           
0                799.65             -134.90           
0                717.41             495.90            
0                671.09             -41.69            
0                657.15             273.83            
0                739.24             311.42            

[MAP]
DIMENSIONS 359.93 -143.13 1311.35 495.90
Units      None

[REPORT]
INPUT            YES
SUBCATCHMENTS    ALL
NODES            ALL
LINKS            ALL



