;; SWMM5 .inp converted from XPSWMM .xp file
;; Generated by XPSWMM Card Reader
;; Source format: XP_CARD | Original title: AMAZON CREEK BASIN STORM DRAINAGE MODEL

[TITLE]
;;Project Title/Notes
AMAZON CREEK BASIN STORM DRAINAGE MODEL

[OPTIONS]
FLOW_UNITS           CFS
INFILTRATION         HORTON
FLOW_ROUTING         DYNWAVE
LINK_OFFSETS         DEPTH
MIN_SLOPE            0.0
ALLOW_PONDING        NO
SKIP_STEADY_STATE    NO
ROUTING_STEP         00:00:15
VARIABLE_STEP        0.75
INERTIAL_DAMPING     PARTIAL
NORMAL_FLOW_LIMITED  BOTH
MAX_TRIALS           50
HEAD_TOLERANCE       0.0033

[JUNCTIONS]
;;Name           Elev       MaxDepth   InitDepth  SurDepth   Aponded
;;-------------- ---------- ---------- ---------- ---------- ----------
65392            561.40     0          0          0          0
65295            533.80     0          0          0          0
66776            523.50     0          0          0          0
65344            518.10     0          0          0          0
66656            517.80     0          0          0          0
67175            517.80     0          0          0          0
65379            517.80     0          0          0          0
65396            476.40     0          0          0          0
65398            476.40     0          0          0          0
65370            466.40     0          0          0          0
65310            478.80     0          0          0          0
50602            518.00     0          0          0          0
50739            550.00     0          0          0          0
67978            456.28     0          0          0          0
50517            456.28     0          0          0          0
65582            662.00     0          0          0          0
65601            550.80     0          0          0          0
50200            542.00     0          0          0          0
50671            530.80     0          0          0          0
50653            487.50     0          0          0          0
50090            567.22     0          0          0          0
50238            567.22     0          0          0          0
50110            605.00     0          0          0          0
50109            605.00     0          0          0          0
66910            628.25     0          0          0          0
50108            628.25     0          0          0          0
50130            672.00     0          0          0          0
50129            672.00     0          0          0          0
71047            659.65     0          0          0          0
50544            451.10     0          0          0          0
66944            446.30     0          0          0          0
51850            446.50     0          0          0          0
66678            448.00     0          0          0          0
51763            449.00     0          0          0          0
50531            491.50     0          0          0          0
50660            501.20     0          0          0          0
51729            440.90     0          0          0          0
51730            440.50     0          0          0          0
51841            449.80     0          0          0          0
68653            452.00     0          0          0          0
51296            486.00     0          0          0          0
66447            489.20     0          0          0          0
51285            509.00     0          0          0          0
68670            514.70     0          0          0          0
68668            514.00     0          0          0          0
51271            523.00     0          0          0          0
51284            533.00     0          0          0          0
51256            540.00     0          0          0          0
51239            546.00     0          0          0          0
51204            589.90     0          0          0          0
50107            606.00     0          0          0          0
50163            630.40     0          0          0          0
50115            608.60     0          0          0          0
51757            439.60     0          0          0          0
51751            438.10     0          0          0          0
51750            438.10     0          0          0          0
71000            442.31     0          0          0          0
71001            442.31     0          0          0          0
71051            435.90     0          0          0          0
71052            435.90     0          0          0          0
51964            433.50     0          0          0          0
51963            437.00     0          0          0          0
51344            455.00     0          0          0          0
51302            445.00     0          0          0          0
51303            442.00     0          0          0          0
68667            437.80     0          0          0          0
51305            440.60     0          0          0          0
51306            440.00     0          0          0          0
51307            437.00     0          0          0          0
51309            442.00     0          0          0          0
66460            435.00     0          0          0          0
54362            433.10     0          0          0          0
66967            0          0          0          0          0
51961            435.00     0          0          0          0
54175            0          0          0          0          0
54174            0          0          0          0          0
54172            0          0          0          0          0
54330            429.80     0          0          0          0
54353            428.10     0          0          0          0
66486            449.20     0          0          0          0
54335            430.80     0          0          0          0
54325            452.20     0          0          0          0
54271            462.60     0          0          0          0
54254            465.30     0          0          0          0
54295            446.00     0          0          0          0
54267            454.00     0          0          0          0
54260            482.80     0          0          0          0
51437            557.50     0          0          0          0
51411            534.90     0          0          0          0
66702            490.30     0          0          0          0
66485            438.80     0          0          0          0
54315            432.00     0          0          0          0
71053            0          0          0          0          0
71054            0          0          0          0          0
71055            0          0          0          0          0
71056            0          0          0          0          0
71057            0          0          0          0          0
71058            0          0          0          0          0
71059            0          0          0          0          0
71060            0          0          0          0          0
71061            0          0          0          0          0
71062            0          0          0          0          0
71063            0          0          0          0          0
71064            0          0          0          0          0
71065            0          0          0          0          0
71066            0          0          0          0          0
71067            0          0          0          0          0
71068            0          0          0          0          0
71069            0          0          0          0          0
71070            0          0          0          0          0
71071            0          0          0          0          0
71072            0          0          0          0          0
71073            0          0          0          0          0
71074            0          0          0          0          0
71075            0          0          0          0          0
71076            0          0          0          0          0
71077            0          0          0          0          0
71078            0          0          0          0          0
292              0          0          0          0          0
294              0          0          0          0          0
296              0          0          0          0          0
298              0          0          0          0          0
55256            0          0          0          0          0
302              0          0          0          0          0
304              0          0          0          0          0
53390            448.20     0          0          0          0
53388            447.80     0          0          0          0
53405            443.00     0          0          0          0
53457            426.00     0          0          0          0
53474            426.00     0          0          0          0
66476            424.10     0          0          0          0
52689            419.00     0          0          0          0
55290            0          0          0          0          0
53415            443.30     0          0          0          0
53422            456.50     0          0          0          0
53416            444.20     0          0          0          0
53426            444.40     0          0          0          0
68811            424.40     0          0          0          0
53408            458.30     0          0          0          0
53401            430.00     0          0          0          0
53447            425.00     0          0          0          0
53448            428.60     0          0          0          0
68813            425.70     0          0          0          0
52687            416.00     0          0          0          0
53400            425.80     0          0          0          0
53358            428.60     0          0          0          0
52707            452.00     0          0          0          0
52685            429.80     0          0          0          0
52686            416.50     0          0          0          0
55289            0          0          0          0          0
366              0          0          0          0          0
368              0          0          0          0          0
55274            0          0          0          0          0
52730            467.00     0          0          0          0
52733            444.20     0          0          0          0
52736            426.00     0          0          0          0
55382            415.00     0          0          0          0
55369            411.30     0          0          0          0
55396            410.90     0          0          0          0
55395            409.20     0          0          0          0
52573            472.00     0          0          0          0
52713            469.20     0          0          0          0
52716            437.20     0          0          0          0
68794            425.10     0          0          0          0
55272            0          0          0          0          0
55432            406.40     0          0          0          0
55446            405.20     0          0          0          0
402              0          0          0          0          0
404              0          0          0          0          0
406              0          0          0          0          0
55294            0          0          0          0          0
55365            421.70     0          0          0          0
55344            404.90     0          0          0          0
68093            403.20     0          0          0          0
416              0          0          0          0          0
418              0          0          0          0          0
420              0          0          0          0          0
422              0          0          0          0          0
428              0          0          0          0          0
430              0          0          0          0          0
54752            398.57     0          0          0          0
52167            487.00     0          0          0          0
68649            444.60     0          0          0          0
52213            434.00     0          0          0          0
67805            427.00     0          0          0          0
52214            471.60     0          0          0          0
52163            0          0          0          0          0
52255            411.00     0          0          0          0
66465            451.80     0          0          0          0
52240            438.20     0          0          0          0
52248            427.00     0          0          0          0
52243            420.00     0          0          0          0
54815            407.50     0          0          0          0
54889            404.80     0          0          0          0
54773            404.00     0          0          0          0
52145            466.00     0          0          0          0
52217            440.00     0          0          0          0
52216            435.50     0          0          0          0
475              0          0          0          0          0
54898            408.50     0          0          0          0
54909            396.50     0          0          0          0
54811            395.90     0          0          0          0
66976            395.00     0          0          0          0
54747            394.00     0          0          0          0
54748            0          0          0          0          0
51995            452.20     0          0          0          0
51993            427.00     0          0          0          0
54809            410.60     0          0          0          0
68843            401.60     0          0          0          0
54489            400.10     0          0          0          0
54488            397.30     0          0          0          0
54486            393.60     0          0          0          0
63127            0          0          0          0          0
66971            0          0          0          0          0
54522            391.00     0          0          0          0
63126            0          0          0          0          0
63173            394.70     0          0          0          0
513              0          0          0          0          0
515              0          0          0          0          0
517              0          0          0          0          0
519              0          0          0          0          0
521              0          0          0          0          0
523              0          0          0          0          0
525              0          0          0          0          0
527              0          0          0          0          0
529              0          0          0          0          0
534              0          0          0          0          0
51313            438.90     0          0          0          0
51314            439.50     0          0          0          0
51311            440.00     0          0          0          0
65533            473.00     0          0          0          0
54772            404.00     0          0          0          0
53441            434.50     0          0          0          0

[CONDUITS]
;;Name           From             To               Length     Roughness  InOffset   OutOffset  InitFlow   MaxFlow
;;-------------- ---------------- ---------------- ---------- ---------- ---------- ---------- ---------- ----------
AM940C           65392            65295            593.00     0.0150     556.40     526.20     0          0
AM940B           65295            66776            353.00     0.0150     526.20     516.10     0          0
AM940A           66776            65344            174.00     0.0150     514.80     510.60     0          0
AM930B           65344            66656            352.00     0.0160     510.50     504.70     0          0
AM930A           67175            66656            79.00      0.0180     510.70     506.60     0          0
Main920C         66656            65379            45.00      0.0220     504.80     502.40     0          0
Main920B         65379            65396            2100.00    0          502.40     467.00     0          0
Snell C.         Snell R.         65398            36.80      0.0340     467.00     467.00     0          0
Main910A         65398            65370            1050.00    0          467.00     457.00     0          0
Main880B         65370            67978            1400.00    0          457.00     446.78     0          0
Main880A1        Main880A2        Fox R.           224.80     0.0140     447.50     446.50     0          0
AM830B           65582            65601            2040.90    0.0140     623.40     545.20     0          0
AM830A           65601            50200            547.00     0.0150     545.20     534.20     0          0
AM820A           50200            50671            882.20     0.0150     533.80     521.35     0          0
AM810B           50671            50653            2580.30    0.0150     521.40     473.00     0          0
AM810A           50653            50517            686.60     0.0160     473.00     448.00     0          0
AM860D           50130            71047            140.00     0          660.00     650.40     0          0
AM860C           71047            50108            460.00     0          650.40     619.00     0          0
AM850B1          AM850B2          50110            114.00     0.0190     594.00     590.00     0          0
Main800B         50517            50544            1340.00    0          446.48     441.30     0          0
Main800A         50544            66944            1240.00    0          441.30     436.50     0          0
AM780C           51763            66678            136.00     0.0190     446.00     442.00     0          0
AM780B           66678            51850            80.00      0.0150     440.40     438.40     0          0
AM780A           51850            66944            642.40     0.0150     436.70     436.50     0          0
AM830C           50238            50200            1132.80    0.0150     551.70     534.20     0          0
Will C.          Will R.          50238            127.90     0.0210     558.00     551.70     0          0
AM860E           50129            50130            148.00     0.0220     668.00     660.00     0          0
Braeb C.         Braeb R.         66910            59.00      0.0240     619.00     618.00     0          0
AM860A           66910            50109            350.00     0          617.00     594.00     0          0
AM850A           50110            50090            950.00     0          590.00     558.00     0          0
AM890C           50602            65310            1966.10    0.0150     510.00     461.90     0          0
AM890D           50739            50602            844.60     0.0150     542.40     510.00     0          0
AM780D           50531            51763            1550.00    0          484.10     446.00     0          0
AM790A           50660            50531            314.10     0.0160     493.80     484.10     0          0
Main770          66944            51729            1390.00    0          436.50     431.10     0          0
Main740          51729            51730            220.00     0.0350     431.10     429.60     0          0
AM740A           51841            51730            1314.20    0.0150     444.70     432.43     0          0
AM740B           68653            51841            214.40     0.0140     447.00     444.70     0          0
AM740C           51296            68653            1254.10    0.0140     480.90     447.45     0          0
AM740D           66447            51296            145.60     0.0150     485.00     481.87     0          0
AM740E           51285            66447            321.30     0.0150     499.00     485.40     0          0
AM740F           68670            51285            185.20     0.0170     508.10     499.94     0          0
AM740G           68668            68670            40.70      0.0180     510.00     508.14     0          0
AM740H           51271            68668            101.70     0.0150     514.70     510.00     0          0
AM740I           51284            51271            282.50     0.0170     523.50     517.24     0          0
AM740J           51256            51284            177.50     0.0160     531.20     523.87     0          0
AM740K           51239            51256            92.30      0.0200     543.00     531.87     0          0
AM750A           51204            51239            675.00     0          586.90     543.00     0          0
AM750B           50107            51204            320.00     0.0160     600.00     586.90     0          0
AM750D           50163            50115            655.20     0.0170     621.20     601.60     0          0
AM750C           50115            50107            75.00      0          601.60     600.00     0          0
Main730B         51730            51757            268.00     0          429.60     428.80     0          0
Main730A         51757            51751            415.00     0          428.80     427.50     0          0
Main720D         51751            51750            84.00      0.0350     427.50     427.50     0          0
Main720C         51750            71000            335.00     0          427.50     426.76     0          0
30th B.          30th R.          71001            79.00      0          426.80     426.70     0          0
Main720A         71001            71051            725.00     0          426.70     425.00     0          0
29th C.          29th R.          71052            80.00      0.0480     425.00     425.00     0          0
AM680A           51964            71052            1050.70    0.0150     428.80     425.97     0          0
AM680B           51963            51964            731.00     0.0140     433.20     428.80     0          0
AM690H           51344            51302            710.00     0.0150     449.30     439.30     0          0
AM690G           51302            51303            288.00     0.0150     438.60     437.39     0          0
AM690A           68667            51963            150.00     0.0160     435.40     433.20     0          0
AM690I           51303            51305            472.70     0.0160     436.70     436.00     0          0
AM690J-N         AM690J-S         51306            250.70     0.0140     436.00     435.50     0          0
AM690K-N         AM690K-S         51307            277.40     0.0140     435.50     433.60     0          0
AM690F           51303            51309            32.20      0.0190     437.40     437.25     0          0
AM690L           51307            66460            164.00     0.0160     433.60     429.00     0          0
AM660B           66460            54362            772.40     0.0160     428.50     423.40     0          0
AM660A           54362            66967            1291.10    0.0140     423.40     420.00     0          0
AM690M           51963            51961            387.80     0.0140     433.30     428.00     0          0
AM670A           51961            54175            2444.90    0.0150     428.00     421.02     0          0
Main670          71052            54175            700.00     0          425.00     423.20     0          0
Main710          54175            54174            175.00     0          423.20     422.70     0          0
Main660          54174            66967            150.00     0          422.70     422.30     0          0
Main620          66967            54172            1300.00    0          422.30     418.90     0          0
AM620D           66486            54335            1157.10    0.0150     435.70     423.90     0          0
AM620C           54335            54330            646.00     0.0180     423.90     422.85     0          0
AM620E           54325            66486            481.00     0.0150     444.20     436.35     0          0
AM620F           54271            54325            711.50     0.0160     455.10     444.20     0          0
AM620H           54295            66486            383.90     0.0160     437.97     435.70     0          0
AM620I           54267            54295            1498.70    0.0150     445.50     437.97     0          0
AM620J           54271            54267            482.20     0.0140     457.00     450.00     0          0
42" East         24" West         54271            231.70     0.0180     458.00     455.07     0          0
AM620K           54260            54254            638.80     0.0160     476.14     458.30     0          0
AM640C           51437            51411            526.30     0.0140     551.30     530.00     0          0
AM640B           51411            66702            1442.40    0.0140     530.00     483.70     0          0
AM640A           66702            54260            474.50     0.0150     483.70     476.20     0          0
AM620N           54295            66485            777.00     0.0150     437.40     431.80     0          0
AM620M           66485            54315            835.60     0.0140     431.80     424.80     0          0
AM620L           54315            54330            612.00     0.0160     424.80     423.50     0          0
60" North        60" South        54172            961.30     0.0150     421.00     419.50     0          0
83" Elps         42" South        54353            486.00     0.0150     422.90     422.05     0          0
Main610C         54172            71053            650.00     0          418.90     417.20     0          0
Main610A         71054            71055            1975.00    0          417.20     410.80     0          0
Main600A         71056            71057            350.00     0          410.80     410.20     0          0
Main580M         71058            71059            510.00     0          410.20     409.60     0          0
Main580K         71060            71061            350.00     0          409.60     409.50     0          0
Main580I         71062            71063            423.00     0          409.30     409.00     0          0
Main580G         71064            71065            376.00     0          409.00     408.70     0          0
Main580E         71066            71067            145.00     0          408.70     408.40     0          0
Main580C         71068            71069            126.00     0          408.40     408.20     0          0
Main580A         71070            71071            363.00     0          408.10     407.80     0          0
Main560F         71072            71073            337.00     0          407.70     407.30     0          0
Main560D         71074            71075            332.00     0          407.30     407.10     0          0
Main560B         71076            71077            327.00     0          407.00     406.67     0          0
293              71078            292              0          0          0          0          0          0
295              292              294              0          0          0          0          0          0
297              294              296              0          0          0          0          0          0
299              296              298              0          0          0          0          0          0
301              298              55256            0          0          0          0          0          0
303              55256            302              0          0          0          0          0          0
305              302              304              0          0          0          0          0          0
AM460G           53390            53388            360.50     0.0170     440.70     439.20     0          0
AM460F           53388            53405            779.40     0.0150     438.80     435.20     0          0
AM460B           53457            53474            28.00      0.0280     416.20     416.10     0          0
AM460A           53474            66476            256.00     0.0160     415.00     414.50     0          0
AM450B           52689            55290            1354.00    0.0140     411.40     405.86     0          0
AM450A           55290            55256            1262.50    0.0150     405.90     400.70     0          0
AM460E           53405            53415            658.90     0.0150     435.50     430.70     0          0
AM460I           53422            53416            458.90     0.0150     452.20     438.60     0          0
AM460H           53416            53415            26.00      0.0240     430.70     430.70     0          0
AM460L           53422            53426            422.40     0.0150     452.20     438.90     0          0
AM460K           53426            68811            1527.90    0.0140     438.70     418.00     0          0
AM460J           68811            53457            357.80     0.0140     417.50     416.30     0          0
AM460R           53408            53405            429.50     0.0150     451.30     437.40     0          0
AM460Q           53405            53401            888.30     0.0140     437.40     423.60     0          0
AM460S           53448            53447            180.00     0.0150     422.30     419.80     0          0
AM460N           53447            68813            1261.70    0.0150     419.60     415.40     0          0
AM460M           68813            66476            451.50     0.0150     415.40     413.60     0          0
48" West         60" East         52689            1092.40    0.0150     413.60     411.40     0          0
AM450E           52689            52687            572.70     0.0150     411.40     407.70     0          0
AM450D           52687            55256            1588.80    0.0150     407.70     401.50     0          0
AM460P           53401            53400            310.80     0.0140     423.50     421.40     0          0
AM460O           53400            53447            290.30     0.0150     421.40     419.60     0          0
AM460T           53358            53401            197.40     0.0150     423.60     423.50     0          0
AM460U           53358            53448            580.30     0.0160     423.80     422.30     0          0
AM430A           52707            52685            1549.60    0.0150     443.40     413.70     0          0
AM420C           52685            52686            1555.00    0.0140     413.70     408.50     0          0
AM420B           52686            55289            904.90     0.0150     408.50     406.10     0          0
AM420A           55289            55256            1261.50    0.0150     406.10     401.10     0          0
AM430B           53474            52685            390.70     0.0150     416.00     413.70     0          0
367              304              366              0          0          0          0          0          0
369              366              368              0          0          0          0          0          0
371              368              55274            0          0          0          0          0          0
AM340G           52730            52733            616.60     0.0140     462.50     436.58     0          0
AM340F           52733            52736            940.10     0.0140     436.40     422.84     0          0
AM340E           52736            55382            1053.00    0.0140     419.20     409.57     0          0
AM340D           55382            55369            621.10     0.0140     409.60     405.01     0          0
AM340C           55369            55396            10.50      0.0360     405.00     404.93     0          0
AM340B           55396            55395            256.00     0.0160     404.90     400.80     0          0
AM340A           55395            55274            650.10     0.0150     400.30     396.00     0          0
AM340L           52573            52713            115.00     0.0180     470.00     463.00     0          0
AM340K           52713            52716            872.00     0.0140     461.80     429.10     0          0
AM340J           52716            68794            884.30     0.0140     429.00     419.70     0          0
AM340I           68794            55382            1202.60    0.0160     419.70     409.60     0          0
AM340H           55382            55396            613.00     0.0140     409.60     404.90     0          0
396              55274            55272            0          0          0          0          0          0
AM370A           55432            55272            1773.10    0.0150     399.10     396.20     0          0
AM370C           55432            55446            1540.10    0.0140     400.60     398.60     0          0
AM370B           55446            55272            439.90     0.0150     398.60     395.30     0          0
403              55272            402              0          0          0          0          0          0
405              402              404              0          0          0          0          0          0
407              404              406              0          0          0          0          0          0
409              406              55294            0          0          0          0          0          0
AM300C           55365            55344            1238.10    0.0150     413.40     398.37     0          0
AM300B           55344            68093            420.00     0.0140     398.20     396.95     0          0
AM300A           68093            55294            765.90     0.0140     396.80     0          0          0
417              55294            416              0          0          0          0          0          0
419              416              418              0          0          0          0          0          0
421              418              420              0          0          0          0          0          0
423              420              422              0          0          0          0          0          0
429              422              428              0          0          0          0          0          0
431              428              430              0          0          0          0          0          0
433              430              54752            0          0          0          0          0          0
AM230C           52167            68649            1056.50    0.0160     479.50     438.10     0          0
AM230A           52213            67805            311.30     0.0160     423.10     416.60     0          0
AM230D           52214            68649            320.50     0.0160     465.30     438.10     0          0
AM230B           68649            52213            429.50     0.0140     436.10     424.10     0          0
AM220B           67805            52163            1271.50    0.0150     416.60     400.42     0          0
AM220A           52163            52255            515.40     0.0150     400.40     397.65     0          0
AM220F           66465            52240            290.00     0.0160     445.30     434.15     0          0
AM220E           52240            52248            441.70     0.0150     432.70     423.85     0          0
AM220D           52248            52243            514.50     0.0140     421.80     413.56     0          0
AM220C           52243            52255            594.90     0.0150     411.80     405.56     0          0
AM200B           52255            54815            621.10     0.0140     397.30     393.22     0          0
AM200A           54815            54889            320.00     0.0150     393.00     392.75     0          0
AM210A           54889            54773            17.00      0.0290     393.00     392.90     0          0
AM170A           54773            54752            2886.40    0.0150     392.70     386.20     0          0
AM230G           52145            52217            372.10     0.0150     459.00     434.00     0          0
AM230F           52217            52216            230.20     0.0140     433.00     428.80     0          0
AM230E           52216            52213            170.00     0.0160     428.90     423.10     0          0
476              54752            475              0          0          0          0          0          0
AM140A           54898            54909            603.60     0.0160     388.70     386.90     0          0
AM130D           54909            54811            979.60     0.0150     386.90     385.27     0          0
AM130C           54811            66976            609.20     0.0160     384.90     387.60     0          0
AM130B           66976            54747            500.00     0          387.60     386.60     0          0
AM130A           54747            54748            444.80     0.0180     386.60     383.00     0          0
488              475              54748            0          0          0          0          0          0
AM110C           51995            51993            689.50     0.0150     444.40     420.58     0          0
AM110B           51993            54809            977.90     0.0140     420.00     406.28     0          0
AM110A           54809            68843            1144.30    0.0150     406.00     394.55     0          0
AM100D           68843            54489            508.20     0.0150     393.40     391.30     0          0
AM100C           54489            54488            358.20     0.0140     391.30     389.80     0          0
AM100B           54488            54486            2208.10    0.0140     389.80     386.70     0          0
AM100A           54486            63127            2250.20    0.0150     386.70     384.40     0          0
AM070B           66971            54522            760.90     0.0150     387.60     383.74     0          0
AM070A           54522            63126            1238.90    0.0150     383.60     381.70     0          0
AM090A           63173            63127            77.00      0.0220     383.20     383.00     0          0
511              54748            63127            0          0          0          0          0          0
512              63127            63126            0          0          0          0          0          0
514              63126            513              0          0          0          0          0          0
516              513              515              0          0          0          0          0          0
518              515              517              0          0          0          0          0          0
520              517              519              0          0          0          0          0          0
522              519              521              0          0          0          0          0          0
524              521              523              0          0          0          0          0          0
526              523              525              0          0          0          0          0          0
528              525              527              0          0          0          0          0          0
530              527              529              0          0          0          0          0          0
535              529              534              0          0          0          0          0          0
DB#1             DB#2             71054            46.00      0.0130     417.20     417.20     0          0
19th B.          19th R.          71056            53.00      0          410.80     410.80     0          0
18th B.          18th R.          71058            63.00      0.0140     410.20     410.20     0          0
Pearl B.         Pearl R.         71060            75.00      0          409.60     409.60     0          0
Oak R.           Oak B.           71062            60.00      0.0130     420.00     420.00     0          0
16th B.          16th R.          71064            120.00     0          409.00     409.00     0          0
Olive B.         Olive R.         71066            50.00      0          408.70     408.70     0          0
15th B.          15th R.          71068            45.00      0          408.40     408.40     0          0
Charnel B.       Charnel R.       71070            60.00      0          408.20     408.10     0          0
Lincoln B.       Lincoln R.       71072            55.00      0          407.80     407.70     0          0
Lawr B.          Lawr R.          71074            40.00      0          407.30     407.30     0          0
Wash B.          Wash R.          71076            40.00      0          407.10     407.00     0          0
Jefrsn B.        Jefrsn R.        71078            50.00      0          406.67     406.55     0          0
AM690C-N         AM690C-S         51314            30.60      0.0190     435.90     436.00     0          0
AM690B-N         AM690B-S         68667            182.40     0.0150     436.00     435.40     0          0
AM690E           51309            51311            105.90     0.0150     437.25     436.96     0          0
AM690D-N         AM690D-S         51313            489.20     0.0140     436.96     435.90     0          0
AM890B           65310            65533            19.40      0.0190     462.20     461.70     0          0
AM890A-N         AM890A-S         65370            400.90     0.0150     461.70     457.00     0          0
AM170C           54815            54772            312.00     0.0190     393.00     392.70     0          0
AM170B           54772            54752            2884.00    0.0150     392.70     386.20     0          0
AM460D           53415            53441            1373.50    0.0150     430.70     422.80     0          0
AM460C           53441            53457            765.70     0.0160     422.80     416.20     0          0

[XSECTIONS]
;;Link           Shape        Geom1      Geom2      Geom3      Geom4      Barrels
;;-------------- ------------ ---------- ---------- ---------- ---------- ----------
AM940C           CIRCULAR     2.50       0          0          0          1
AM940B           CIRCULAR     3.00       0          0          0          1
AM940A           CIRCULAR     4.00       0          0          0          1
AM930B           CIRCULAR     4.00       0          0          0          1
AM930A           CIRCULAR     3.00       0          0          0          1
Main920C         CIRCULAR     4.00       0          0          0          1
Main920B         IRREGULAR    9.40       0          0          0          1
Snell C.         CIRCULAR     6.00       0          0          0          1
Main910A         IRREGULAR    8.10       0          0          0          1
Main880B         IRREGULAR    0          0          0          0          1
Main880A1        CIRCULAR     72.00      0          0          0          1
AM830B           CIRCULAR     3.00       0          0          0          1
AM830A           CIRCULAR     3.50       0          0          0          1
AM820A           CIRCULAR     4.50       0          0          0          1
AM810B           CIRCULAR     4.50       0          0          0          1
AM810A           CIRCULAR     4.50       0          0          0          1
AM860D           IRREGULAR    0          0          0          0          1
AM860C           IRREGULAR    0          0          0          0          1
AM850B1          CIRCULAR     4.00       0          0          0          1
Main800B         IRREGULAR    0          0          0          0          1
Main800A         IRREGULAR    0          0          0          0          1
AM780C           CIRCULAR     3.00       0          0          0          1
AM780B           CIRCULAR     2.50       0          0          0          1
AM780A           CIRCULAR     4.50       0          0          0          1
AM830C           CIRCULAR     4.00       0          0          0          1
Will C.          CIRCULAR     3.50       0          0          0          1
AM860E           CIRCULAR     3.00       0          0          0          1
Braeb C.         CIRCULAR     3.00       0          0          0          1
AM860A           IRREGULAR    0          0          0          0          1
AM850A           IRREGULAR    0          0          0          0          1
AM890C           CIRCULAR     4.00       0          0          0          1
AM890D           CIRCULAR     3.00       0          0          0          1
AM780D           IRREGULAR    0          0          0          0          1
AM790A           CIRCULAR     3.00       0          0          0          1
Main770          IRREGULAR    0          0          0          0          1
Main740          HORSESHOE    8.00       15.00      0          0          1
AM740A           CIRCULAR     3.00       0          0          0          1
AM740B           CIRCULAR     3.00       0          0          0          1
AM740C           CIRCULAR     2.50       0          0          0          1
AM740D           CIRCULAR     3.00       0          0          0          1
AM740E           CIRCULAR     2.50       0          0          0          1
AM740F           CIRCULAR     3.00       0          0          0          1
AM740G           CIRCULAR     2.50       0          0          0          1
AM740H           CIRCULAR     2.25       0          0          0          1
AM740I           CIRCULAR     3.00       0          0          0          1
AM740J           CIRCULAR     2.75       0          0          0          1
AM740K           CIRCULAR     2.50       0          0          0          1
AM750A           IRREGULAR    0          0          0          0          1
AM750B           CIRCULAR     2.00       0          0          0          1
AM750D           CIRCULAR     3.00       0          0          0          1
AM750C           IRREGULAR    0          0          0          0          1
Main730B         IRREGULAR    0          0          0          0          1
Main730A         IRREGULAR    0          0          0          0          1
Main720D         HORSESHOE    7.50       15.00      0          0          1
Main720C         IRREGULAR    0          0          0          0          1
30th B.          IRREGULAR    0          0          0          0          1
Main720A         IRREGULAR    0          0          0          0          1
29th C.          HORSESHOE    7.50       15.00      0          0          1
AM680A           CIRCULAR     30.00      0          0          0          1
AM680B           CIRCULAR     2.25       0          0          0          1
AM690H           CIRCULAR     2.50       0          0          0          1
AM690G           CIRCULAR     3.00       0          0          0          1
AM690A           CIRCULAR     2.25       0          0          0          1
AM690I           CIRCULAR     4.00       0          0          0          1
AM690J-N         CIRCULAR     3.00       0          0          0          1
AM690K-N         CIRCULAR     2.00       0          0          0          1
AM690F           CIRCULAR     3.00       0          0          0          1
AM690L           CIRCULAR     2.50       0          0          0          1
AM660B           CIRCULAR     3.00       0          0          0          1
AM660A           CIRCULAR     3.50       0          0          0          1
AM690M           CIRCULAR     2.50       0          0          0          1
AM670A           CIRCULAR     3.50       0          0          0          1
Main670          IRREGULAR    0          0          0          0          1
Main710          IRREGULAR    0          0          0          0          1
Main660          IRREGULAR    0          0          0          0          1
Main620          IRREGULAR    0          0          0          0          1
AM620D           CIRCULAR     4.50       0          0          0          1
AM620C           CIRCULAR     6.92       0          0          0          1
AM620E           CIRCULAR     4.00       0          0          0          1
AM620F           CIRCULAR     3.50       0          0          0          1
AM620H           CIRCULAR     3.50       0          0          0          1
AM620I           CIRCULAR     2.50       0          0          0          1
AM620J           CIRCULAR     2.00       0          0          0          1
42" East         CIRCULAR     3.50       0          0          0          1
AM620K           CIRCULAR     3.50       0          0          0          1
AM640C           CIRCULAR     2.50       0          0          0          1
AM640B           CIRCULAR     3.00       0          0          0          1
AM640A           CIRCULAR     3.50       0          0          0          1
AM620N           CIRCULAR     2.50       0          0          0          1
AM620M           CIRCULAR     3.00       0          0          0          1
AM620L           CIRCULAR     3.50       0          0          0          1
60" North        CIRCULAR     5.00       0          0          0          1
83" Elps         HORSESHOE    6.92       0          0          0          1
Main610C         IRREGULAR    0          0          0          0          1
Main610A         IRREGULAR    0          0          0          0          1
Main600A         IRREGULAR    0          0          0          0          1
Main580M         IRREGULAR    0          0          0          0          1
Main580K         IRREGULAR    0          0          0          0          1
Main580I         IRREGULAR    0          0          0          0          1
Main580G         IRREGULAR    0          0          0          0          1
Main580E         IRREGULAR    0          0          0          0          1
Main580C         IRREGULAR    0          0          0          0          1
Main580A         IRREGULAR    0          0          0          0          1
Main560F         IRREGULAR    0          0          0          0          1
Main560D         IRREGULAR    0          0          0          0          1
Main560B         IRREGULAR    0          0          0          0          1
293              CIRCULAR     0          0          0          0          1
295              CIRCULAR     0          0          0          0          1
297              CIRCULAR     0          0          0          0          1
299              CIRCULAR     0          0          0          0          1
301              CIRCULAR     0          0          0          0          1
303              CIRCULAR     0          0          0          0          1
305              CIRCULAR     0          0          0          0          1
AM460G           CIRCULAR     4.00       0          0          0          1
AM460F           CIRCULAR     4.50       0          0          0          1
AM460B           CIRCULAR     4.00       0          0          0          1
AM460A           CIRCULAR     5.00       0          0          0          1
AM450B           CIRCULAR     5.00       0          0          0          1
AM450A           CIRCULAR     5.50       0          0          0          1
AM460E           CIRCULAR     4.50       0          0          0          1
AM460I           CIRCULAR     2.00       0          0          0          1
AM460H           CIRCULAR     4.50       0          0          0          1
AM460L           CIRCULAR     2.00       0          0          0          1
AM460K           CIRCULAR     2.25       0          0          0          1
AM460J           CIRCULAR     3.00       0          0          0          1
AM460R           CIRCULAR     2.00       0          0          0          1
AM460Q           CIRCULAR     2.00       0          0          0          1
AM460S           CIRCULAR     2.50       0          0          0          1
AM460N           CIRCULAR     3.50       0          0          0          1
AM460M           CIRCULAR     4.00       0          0          0          1
48" West         CIRCULAR     4.00       0          0          0          1
AM450E           CIRCULAR     4.00       0          0          0          1
AM450D           CIRCULAR     4.50       0          0          0          1
AM460P           CIRCULAR     2.00       0          0          0          1
AM460O           CIRCULAR     2.50       0          0          0          1
AM460T           CIRCULAR     1.75       0          0          0          1
AM460U           CIRCULAR     3.00       0          0          0          1
AM430A           CIRCULAR     3.00       0          0          0          1
AM420C           CIRCULAR     5.50       0          0          0          1
AM420B           CIRCULAR     5.00       0          0          0          1
AM420A           CIRCULAR     5.50       0          0          0          1
AM430B           CIRCULAR     4.00       0          0          0          1
367              CIRCULAR     0          0          0          0          1
369              CIRCULAR     0          0          0          0          1
371              CIRCULAR     0          0          0          0          1
AM340G           CIRCULAR     1.50       0          0          0          1
AM340F           CIRCULAR     2.00       0          0          0          1
AM340E           CIRCULAR     2.50       0          0          0          1
AM340D           CIRCULAR     2.50       0          0          0          1
AM340C           CIRCULAR     3.00       0          0          0          1
AM340B           CIRCULAR     3.50       0          0          0          1
AM340A           CIRCULAR     4.00       0          0          0          1
AM340L           CIRCULAR     2.50       0          0          0          1
AM340K           CIRCULAR     2.25       0          0          0          1
AM340J           CIRCULAR     2.50       0          0          0          1
AM340I           CIRCULAR     3.00       0          0          0          1
AM340H           CIRCULAR     3.50       0          0          0          1
396              CIRCULAR     0          0          0          0          1
AM370A           CIRCULAR     3.50       0          0          0          1
AM370C           CIRCULAR     2.00       0          0          0          1
AM370B           CIRCULAR     2.50       0          0          0          1
403              CIRCULAR     0          0          0          0          1
405              CIRCULAR     0          0          0          0          1
407              CIRCULAR     0          0          0          0          1
409              CIRCULAR     0          0          0          0          1
AM300C           CIRCULAR     3.00       0          0          0          1
AM300B           CIRCULAR     3.50       0          0          0          1
AM300A           CIRCULAR     4.00       0          0          0          1
417              CIRCULAR     0          0          0          0          1
419              CIRCULAR     0          0          0          0          1
421              CIRCULAR     0          0          0          0          1
423              CIRCULAR     0          0          0          0          1
429              CIRCULAR     0          0          0          0          1
431              CIRCULAR     0          0          0          0          1
433              CIRCULAR     0          0          0          0          1
AM230C           CIRCULAR     3.00       0          0          0          1
AM230A           CIRCULAR     4.50       0          0          0          1
AM230D           CIRCULAR     3.00       0          0          0          1
AM230B           CIRCULAR     4.00       0          0          0          1
AM220B           CIRCULAR     4.50       0          0          0          1
AM220A           CIRCULAR     5.50       0          0          0          1
AM220F           CIRCULAR     2.25       0          0          0          1
AM220E           CIRCULAR     2.50       0          0          0          1
AM220D           CIRCULAR     2.75       0          0          0          1
AM220C           CIRCULAR     3.00       0          0          0          1
AM200B           CIRCULAR     6.00       0          0          0          1
AM200A           CIRCULAR     5.50       0          0          0          1
AM210A           CIRCULAR     2.50       0          0          0          1
AM170A           CIRCULAR     6.00       0          0          0          1
AM230G           CIRCULAR     2.25       0          0          0          1
AM230F           CIRCULAR     2.50       0          0          0          1
AM230E           CIRCULAR     3.00       0          0          0          1
476              CIRCULAR     0          0          0          0          1
AM140A           CIRCULAR     4.00       0          0          0          1
AM130D           CIRCULAR     4.00       0          0          0          1
AM130C           CIRCULAR     4.50       0          0          0          1
AM130B           IRREGULAR    0          0          0          0          1
AM130A           CIRCULAR     4.50       0          0          0          1
488              CIRCULAR     0          0          0          0          1
AM110C           CIRCULAR     2.00       0          0          0          1
AM110B           CIRCULAR     2.25       0          0          0          1
AM110A           CIRCULAR     2.50       0          0          0          1
AM100D           CIRCULAR     3.50       0          0          0          1
AM100C           CIRCULAR     4.50       0          0          0          1
AM100B           CIRCULAR     5.00       0          0          0          1
AM100A           CIRCULAR     5.50       0          0          0          1
AM070B           CIRCULAR     3.50       0          0          0          1
AM070A           CIRCULAR     4.00       0          0          0          1
AM090A           CIRCULAR     3.00       0          0          0          1
511              CIRCULAR     0          0          0          0          1
512              CIRCULAR     0          0          0          0          1
514              CIRCULAR     0          0          0          0          1
516              CIRCULAR     0          0          0          0          1
518              CIRCULAR     0          0          0          0          1
520              CIRCULAR     0          0          0          0          1
522              CIRCULAR     0          0          0          0          1
524              CIRCULAR     0          0          0          0          1
526              CIRCULAR     0          0          0          0          1
528              CIRCULAR     0          0          0          0          1
530              CIRCULAR     0          0          0          0          1
535              CIRCULAR     0          0          0          0          1
DB#1             RECT_CLOSED  7.00       9.68       0          0          1
19th B.          IRREGULAR    0          0          0          0          1
18th B.          IRREGULAR    0          0          0          0          1
Pearl B.         IRREGULAR    0          0          0          0          1
Oak R.           RECT_CLOSED  15.00      22.00      0          0          1
16th B.          IRREGULAR    0          0          0          0          1
Olive B.         IRREGULAR    0          0          0          0          1
15th B.          IRREGULAR    0          0          0          0          1
Charnel B.       IRREGULAR    0          0          0          0          1
Lincoln B.       IRREGULAR    0          0          0          0          1
Lawr B.          IRREGULAR    0          0          0          0          1
Wash B.          IRREGULAR    0          0          0          0          1
Jefrsn B.        IRREGULAR    0          0          0          0          1
AM690C-N         CIRCULAR     1.50       0          0          0          1
AM690B-N         CIRCULAR     1.50       0          0          0          1
AM690E           CIRCULAR     1.50       0          0          0          1
AM690D-N         CIRCULAR     1.50       0          0          0          1
AM890B           CIRCULAR     4.00       0          0          0          1
AM890A-N         CIRCULAR     4.00       0          0          0          1
AM170C           CIRCULAR     5.50       0          0          0          1
AM170B           CIRCULAR     6.00       0          0          0          1
AM460D           CIRCULAR     4.50       0          0          0          1
AM460C           CIRCULAR     4.50       0          0          0          1

[LOSSES]
;;Link           Inlet      Outlet     Average    Flap Gate
;;-------------- ---------- ---------- ---------- ----------
AM940C           0          0          0          NO
AM940B           0          0          0          NO
AM940A           0          0          0          NO
AM930B           0          0          0          NO
AM930A           0          0          0          NO
Main920C         0          0          0          NO
Main920B         0          0          0          NO
Snell C.         0          0          0          NO
Main910A         0          0          0          NO
Main880B         0          0          0          NO
Main880A1        0          0          0          NO
AM830B           0          0          0          NO
AM830A           0          0          0          NO
AM820A           0          0          0          NO
AM810B           0          0          0          NO
AM810A           0          0          0          NO
AM860D           0          0          0          NO
AM860C           0          0          0          NO
AM850B1          0          0          0          NO
Main800B         0          0          0          NO
Main800A         0          0          0          NO
AM780C           0          0          0          NO
AM780B           0          0          0          NO
AM780A           0          0          0          NO
AM830C           0          0          0          NO
Will C.          0          0          0          NO
AM860E           0          0          0          NO
Braeb C.         0          0          0          NO
AM860A           0          0          0          NO
AM850A           0          0          0          NO
AM890C           0          0          0          NO
AM890D           0          0          0          NO
AM780D           0          0          0          NO
AM790A           0          0          0          NO
Main770          0          0          0          NO
Main740          0          0          0          NO
AM740A           0          0          0          NO
AM740B           0          0          0          NO
AM740C           0          0          0          NO
AM740D           0          0          0          NO
AM740E           0          0          0          NO
AM740F           0          0          0          NO
AM740G           0          0          0          NO
AM740H           0          0          0          NO
AM740I           0          0          0          NO
AM740J           0          0          0          NO
AM740K           0          0          0          NO
AM750A           0          0          0          NO
AM750B           0          0          0          NO
AM750D           0          0          0          NO
AM750C           0          0          0          NO
Main730B         0          0          0          NO
Main730A         0          0          0          NO
Main720D         0          0          0          NO
Main720C         0          0          0          NO
30th B.          0          0          0          NO
Main720A         0          0          0          NO
29th C.          0          0          0          NO
AM680A           0          0          0          NO
AM680B           0          0          0          NO
AM690H           0          0          0          NO
AM690G           0          0          0          NO
AM690A           0          0          0          NO
AM690I           0          0          0          NO
AM690J-N         0          0          0          NO
AM690K-N         0          0          0          NO
AM690F           0          0          0          NO
AM690L           0          0          0          NO
AM660B           0          0          0          NO
AM660A           0          0          0          NO
AM690M           0          0          0          NO
AM670A           0          0          0          NO
Main670          0          0          0          NO
Main710          0          0          0          NO
Main660          0          0          0          NO
Main620          0          0          0          NO
AM620D           0          0          0          NO
AM620C           0          0          0          NO
AM620E           0          0          0          NO
AM620F           0          0          0          NO
AM620H           0          0          0          NO
AM620I           0          0          0          NO
AM620J           0          0          0          NO
42" East         0          0          0          NO
AM620K           0          0          0          NO
AM640C           0          0          0          NO
AM640B           0          0          0          NO
AM640A           0          0          0          NO
AM620N           0          0          0          NO
AM620M           0          0          0          NO
AM620L           0          0          0          NO
60" North        0          0          0          NO
83" Elps         0          0          0          NO
Main610C         0          0          0          NO
Main610A         0          0          0          NO
Main600A         0          0          0          NO
Main580M         0          0          0          NO
Main580K         0          0          0          NO
Main580I         0          0          0          NO
Main580G         0          0          0          NO
Main580E         0          0          0          NO
Main580C         0          0          0          NO
Main580A         0          0          0          NO
Main560F         0          0          0          NO
Main560D         0          0          0          NO
Main560B         0          0          0          NO
293              0          0          0          NO
295              0          0          0          NO
297              0          0          0          NO
299              0          0          0          NO
301              0          0          0          NO
303              0          0          0          NO
305              0          0          0          NO
AM460G           0          0          0          NO
AM460F           0          0          0          NO
AM460B           0          0          0          NO
AM460A           0          0          0          NO
AM450B           0          0          0          NO
AM450A           0          0          0          NO
AM460E           0          0          0          NO
AM460I           0          0          0          NO
AM460H           0          0          0          NO
AM460L           0          0          0          NO
AM460K           0          0          0          NO
AM460J           0          0          0          NO
AM460R           0          0          0          NO
AM460Q           0          0          0          NO
AM460S           0          0          0          NO
AM460N           0          0          0          NO
AM460M           0          0          0          NO
48" West         0          0          0          NO
AM450E           0          0          0          NO
AM450D           0          0          0          NO
AM460P           0          0          0          NO
AM460O           0          0          0          NO
AM460T           0          0          0          NO
AM460U           0          0          0          NO
AM430A           0          0          0          NO
AM420C           0          0          0          NO
AM420B           0          0          0          NO
AM420A           0          0          0          NO
AM430B           0          0          0          NO
367              0          0          0          NO
369              0          0          0          NO
371              0          0          0          NO
AM340G           0          0          0          NO
AM340F           0          0          0          NO
AM340E           0          0          0          NO
AM340D           0          0          0          NO
AM340C           0          0          0          NO
AM340B           0          0          0          NO
AM340A           0          0          0          NO
AM340L           0          0          0          NO
AM340K           0          0          0          NO
AM340J           0          0          0          NO
AM340I           0          0          0          NO
AM340H           0          0          0          NO
396              0          0          0          NO
AM370A           0          0          0          NO
AM370C           0          0          0          NO
AM370B           0          0          0          NO
403              0          0          0          NO
405              0          0          0          NO
407              0          0          0          NO
409              0          0          0          NO
AM300C           0          0          0          NO
AM300B           0          0          0          NO
AM300A           0          0          0          NO
417              0          0          0          NO
419              0          0          0          NO
421              0          0          0          NO
423              0          0          0          NO
429              0          0          0          NO
431              0          0          0          NO
433              0          0          0          NO
AM230C           0          0          0          NO
AM230A           0          0          0          NO
AM230D           0          0          0          NO
AM230B           0          0          0          NO
AM220B           0          0          0          NO
AM220A           0          0          0          NO
AM220F           0          0          0          NO
AM220E           0          0          0          NO
AM220D           0          0          0          NO
AM220C           0          0          0          NO
AM200B           0          0          0          NO
AM200A           0          0          0          NO
AM210A           0          0          0          NO
AM170A           0          0          0          NO
AM230G           0          0          0          NO
AM230F           0          0          0          NO
AM230E           0          0          0          NO
476              0          0          0          NO
AM140A           0          0          0          NO
AM130D           0          0          0          NO
AM130C           0          0          0          NO
AM130B           0          0          0          NO
AM130A           0          0          0          NO
488              0          0          0          NO
AM110C           0          0          0          NO
AM110B           0          0          0          NO
AM110A           0          0          0          NO
AM100D           0          0          0          NO
AM100C           0          0          0          NO
AM100B           0          0          0          NO
AM100A           0          0          0          NO
AM070B           0          0          0          NO
AM070A           0          0          0          NO
AM090A           0          0          0          NO
511              0          0          0          NO
512              0          0          0          NO
514              0          0          0          NO
516              0          0          0          NO
518              0          0          0          NO
520              0          0          0          NO
522              0          0          0          NO
524              0          0          0          NO
526              0          0          0          NO
528              0          0          0          NO
530              0          0          0          NO
535              0          0          0          NO
DB#1             0          0          0          NO
19th B.          0          0          0          NO
18th B.          0          0          0          NO
Pearl B.         0          0          0          NO
Oak R.           0          0          0          NO
16th B.          0          0          0          NO
Olive B.         0          0          0          NO
15th B.          0          0          0          NO
Charnel B.       0          0          0          NO
Lincoln B.       0          0          0          NO
Lawr B.          0          0          0          NO
Wash B.          0          0          0          NO
Jefrsn B.        0          0          0          NO
AM690C-N         0          0          0          NO
AM690B-N         0          0          0          NO
AM690E           0          0          0          NO
AM690D-N         0          0          0          NO
AM890B           0          0          0          NO
AM890A-N         0          0          0          NO
AM170C           0          0          0          NO
AM170B           0          0          0          NO
AM460D           0          0          0          NO
AM460C           0          0          0          NO

[INFLOWS]
;;Node           Constituent  Time Series      Type     Mfactor  Sfactor  Baseline Pattern
;;-------------- ------------ ---------------- -------- -------- -------- -------- --------
65392            FLOW         ""               FLOW     1.0      1.0      1.00

[COORDINATES]
;;Node           X-Coord            Y-Coord
;;-------------- ------------------ ------------------
65392            120.36             150.65            
65295            119.00             150.01            
66776            118.58             148.46            
65344            118.35             148.10            
66656            117.16             146.40            
67175            117.69             145.86            
65379            116.72             146.81            
65396            109.34             150.10            
65398            108.63             150.31            
65370            104.64             150.22            
65310            105.35             151.44            
50602            104.52             157.60            
50739            101.90             159.45            
67978            98.73              149.54            
50517            98.13              149.39            
65582            114.00             132.36            
65601            106.08             133.90            
50200            104.32             135.10            
50671            101.09             137.06            
50653            99.20              146.52            
50090            103.47             129.94            
50238            103.70             130.50            
50110            103.04             126.15            
50109            102.87             125.58            
66910            102.68             124.10            
50108            102.23             123.87            
50130            100.34             122.39            
50129            99.39              122.04            
71047            101.02             123.24            
50544            92.14              147.60            
66944            88.02              146.29            
51850            88.06              143.60            
66678            88.02              143.15            
51763            88.47              142.58            
50531            93.32              138.10            
50660            93.91              137.37            
51729            83.19              144.19            
51730            82.31              143.76            
51841            82.29              137.92            
68653            82.27              136.84            
51296            83.17              132.10            
66447            83.43              131.10            
51285            84.33              130.45            
68670            84.59              129.86            
68668            84.75              129.63            
51271            84.74              128.92            
51284            85.20              128.48            
51256            85.30              127.68            
51239            85.89              127.67            
51204            87.61              125.72            
50107            88.80              125.35            
50163            90.88              123.72            
50115            89.15              125.11            
51757            81.31              143.65            
51751            79.70              143.63            
51750            79.27              143.63            
71000            77.94              143.61            
71001            77.38              143.59            
71051            75.15              143.06            
71052            74.65              143.00            
51964            74.60              138.14            
51963            74.53              135.07            
51344            74.20              127.88            
51302            74.27              130.61            
51303            74.29              131.57            
68667            74.41              134.58            
51305            73.13              132.69            
51306            73.11              133.46            
51307            72.96              134.17            
51309            74.32              131.97            
66460            72.99              134.96            
54362            70.45              135.66            
66967            70.40              141.86            
51961            73.01              135.19            
54175            71.71              142.23            
54174            70.80              141.96            
54172            66.23              137.98            
54330            66.11              144.41            
54353            66.11              143.25            
66486            65.82              152.14            
54335            66.11              147.27            
54325            66.06              153.81            
54271            68.53              155.66            
54254            69.38              155.80            
54295            64.21              152.26            
54267            66.42              154.84            
54260            71.00              157.37            
51437            80.39              160.89            
51411            78.59              160.34            
66702            72.61              158.06            
66485            65.86              150.39            
54315            65.88              147.31            
71053            64.01              137.65            
71054            63.53              137.55            
71055            55.85              136.51            
71056            55.19              136.51            
71057            54.00              136.59            
71058            53.29              136.59            
71059            52.48              136.00            
71060            51.96              135.45            
71061            51.77              134.35            
71062            51.63              133.76            
71063            50.81              132.59            
71064            50.38              132.06            
71065            49.62              130.95            
71066            49.53              130.56            
71067            49.05              129.99            
71068            48.72              129.71            
71069            48.44              129.40            
71070            48.22              129.14            
71071            47.75              127.93            
71072            47.61              127.53            
71073            47.44              126.31            
71074            47.39              125.90            
71075            47.35              124.80            
71076            47.30              124.31            
71077            47.28              123.21            
71078            47.20              122.71            
292              49.34              118.17            
294              49.93              113.25            
296              49.84              110.36            
298              49.86              109.85            
55256            49.65              105.64            
302              49.58              104.29            
304              49.58              103.84            
53390            69.97              118.99            
53388            69.95              117.37            
53405            69.81              114.05            
53457            63.52              109.69            
53474            63.55              109.13            
66476            62.03              109.82            
52689            59.18              109.02            
55290            54.33              106.77            
53415            69.66              111.17            
53422            72.40              110.58            
53416            70.34              111.22            
53426            69.70              110.60            
68811            63.61              111.02            
53408            71.87              113.91            
53401            66.07              114.17            
53447            63.72              114.23            
53448            63.79              115.89            
68813            63.58              111.76            
52687            56.35              108.78            
53400            64.86              114.23            
53358            66.14              115.89            
52707            65.62              103.75            
52685            63.45              107.11            
52686            56.29              106.73            
55289            54.48              105.90            
366              47.49              98.02             
368              46.87              97.67             
55274            45.77              95.99             
52730            61.71              93.37             
52733            58.89              93.43             
52736            56.11              94.81             
55382            53.34              94.89             
55369            48.98              94.36             
55396            48.30              94.92             
55395            47.55              95.66             
52573            61.79              94.74             
52713            61.75              93.83             
52716            57.09              93.86             
68794            55.81              93.86             
55272            44.42              95.36             
55432            40.19              98.73             
55446            44.57              97.46             
402              43.32              93.30             
404              43.32              92.74             
406              43.25              90.73             
55294            42.25              87.02             
55365            51.65              87.08             
55344            46.45              87.10             
68093            44.96              87.13             
416              43.50              84.83             
418              43.50              84.33             
420              41.54              81.59             
422              41.54              81.06             
428              42.36              76.13             
430              42.57              70.67             
54752            42.50              69.97             
52167            68.44              77.13             
68649            66.94              73.15             
52213            65.24              72.68             
67805            63.92              71.85             
52214            68.76              73.12             
52163            59.26              70.00             
52255            57.48              69.97             
66465            59.54              76.28             
52240            58.87              75.01             
52248            57.55              74.80             
52243            57.27              72.86             
54815            55.35              68.49             
54889            54.31              67.72             
54773            53.82              67.18             
52145            67.29              70.03             
52217            66.16              71.48             
52216            65.66              72.01             
475              40.89              61.77             
54898            50.25              60.68             
54909            48.05              60.68             
54811            45.95              58.47             
66976            43.60              57.99             
54747            41.71              58.02             
54748            39.38              58.06             
51995            61.44              55.90             
51993            58.78              55.94             
54809            55.84              57.63             
68843            51.76              55.82             
54489            51.66              54.01             
54488            50.10              54.05             
54486            44.22              54.25             
63127            36.57              54.51             
66971            44.52              49.84             
54522            42.26              49.99             
63126            37.11              50.08             
63173            34.91              54.61             
513              36.28              42.76             
515              36.57              41.92             
517              37.58              36.96             
519              37.40              36.12             
521              33.07              27.42             
523              32.01              26.78             
525              26.91              25.55             
527              23.94              22.95             
529              23.05              22.75             
534              14.24              8.97              
51313            74.34              132.98            
51314            74.36              133.29            
51311            74.32              132.20            
65533            105.23             151.21            
54772            53.58              67.83             
53441            65.02              108.76            

[MAP]
DIMENSIONS 14.24 8.97 120.36 160.89
Units      None

[REPORT]
INPUT            YES
SUBCATCHMENTS    ALL
NODES            ALL
LINKS            ALL



