;; SWMM5 .inp converted from XPSWMM .xp file
;; Generated by XPSWMM Card Reader
;; Source format: XP_CARD | Original title: This is an XPX File

[TITLE]
;;Project Title/Notes
This is an XPX File

[OPTIONS]
FLOW_UNITS           CFS
INFILTRATION         HORTON
FLOW_ROUTING         DYNWAVE
LINK_OFFSETS         DEPTH
MIN_SLOPE            0.0
ALLOW_PONDING        NO
SKIP_STEADY_STATE    NO
ROUTING_STEP         00:00:10
VARIABLE_STEP        0.75
INERTIAL_DAMPING     NONE
NORMAL_FLOW_LIMITED  BOTH
MAX_TRIALS           30
HEAD_TOLERANCE       .001

[JUNCTIONS]
;;Name           Elev       MaxDepth   InitDepth  SurDepth   Aponded
;;-------------- ---------- ---------- ---------- ---------- ----------
5202             1936.00    0          57.00      0          0
5203             1936.00    0          81.00      0          0
5204             1936.00    0          301.00     0          0
5205             1936.00    0          253.00     0          0
5206             1936.00    0          336.00     0          0
5207             1936.00    0          336.00     0          0
5208             1936.00    0          336.00     0          0
5209             1936.00    0          214.00     0          0
5210             1936.00    0          298.00     0          0
5211             1936.00    0          396.00     0          0
5212             1936.00    0          246.00     0          0
5213             1936.00    0          376.00     0          0
5214             1936.00    0          288.00     0          0
5215             1936.00    0          306.00     0          0
5216             1936.00    0          396.00     0          0
5217             1936.00    0          278.00     0          0
5218             1936.00    0          386.00     0          0
5220             1936.00    0          280.00     0          0
5221             1936.00    0          326.00     0          0
5222             1936.00    0          526.00     0          0
5223             1936.00    0          369.00     0          0
5224             1569.00    0          29.00      0          0
5225             1569.00    0          99.00      0          0
5226             1569.00    0          279.00     0          0
5227             1569.00    0          419.00     0          0
5228             1569.00    0          499.00     0          0
5229             1104.00    0          54.00      0          0
5230             1104.00    0          34.00      0          0
5231             1104.00    0          64.00      0          0
75223            1936.00    0          369.00     0          0
75228            1104.00    0          34.00      0          0
5302             1936.00    0          286.00     0          0
5303             1936.00    0          636.00     0          0
5304             1936.00    0          776.00     0          0
5305             1193.00    0          37.00      0          0
5306             1193.00    0          103.00     0          0
75304            1193.00    0          37.00      0          0
5602             1118.00    0          328.00     0          0
5603             1118.00    0          113.00     0          0
5604             1118.00    0          118.00     0          0
5605             1118.00    0          318.00     0          0
5606             1118.00    0          568.00     0          0
5607             1118.00    0          578.00     0          0
75608            1118.00    0          538.00     0          0
5608             1118.00    0          538.00     0          0
5401             1281.00    0          41.00      0          0
5402             1272.00    0          24.00      0          0
5403             1271.00    0          37.00      0          0
5404             1268.00    0          28.00      0          0
5405             1268.00    0          189.00     0          0
5406             1268.00    0          521.00     0          0
5407             1268.00    0          228.00     0          0
5408             1268.00    0          228.00     0          0
5409             1268.00    0          322.00     0          0
5410             1115.00    0          38.00      0          0
5411             1115.00    0          158.00     0          0
5412             1115.00    0          730.00     0          0
5413             1115.00    0          162.00     0          0
5414             1010.00    0          57.00      0          0
5415             1010.00    0          250.00     0          0
5416             968.00     0          23.00      0          0
5417             968.00     0          445.00     0          0
5418             968.00     0          268.00     0          0
75405            1257.00    0          178.00     0          0
75411            1115.00    0          158.00     0          0
75417            972.00     0          449.00     0          0
5702             1295.00    0          51.00      0          0
5703             1295.00    0          305.00     0          0
5704             1295.00    0          432.00     0          0
5705             1295.00    0          553.00     0          0
5706             1295.00    0          495.00     0          0
5707             1295.00    0          565.00     0          0
5708             1295.00    0          565.00     0          0
5709             1295.00    0          545.00     0          0
5710             1295.00    0          495.00     0          0
5711             1295.00    0          475.00     0          0
5712             1295.00    0          435.00     0          0
5713             1295.00    0          395.00     0          0
5714             1216.00    0          56.00      0          0
5715             1216.00    0          316.00     0          0
5716             1216.00    0          411.00     0          0
5717             1216.00    0          369.00     0          0
5718             1216.00    0          326.00     0          0
5719             1216.00    0          306.00     0          0
5720             1216.00    0          126.00     0          0
5721             1193.00    0          55.00      0          0
5722             1193.00    0          213.00     0          0
5723             1193.00    0          102.00     0          0
5725             1193.00    0          123.00     0          0
5727             1193.00    0          122.00     0          0

[CONDUITS]
;;Name           From             To               Length     Roughness  InOffset   OutOffset  InitFlow   MaxFlow
;;-------------- ---------------- ---------------- ---------- ---------- ---------- ---------- ---------- ----------
P5202            5202             5203             614.00     0.0130     1879.00    1855.00    0          0
P5203            5203             5204             5698.00    0.0120     1855.00    1635.00    0          0
P5204            5204             5205             3156.00    0.0120     1635.00    1683.00    0          0
P5205            5205             5206             9922.00    0.0120     1683.00    1600.00    0          0
P5206            5206             5207             7990.00    0.0120     1600.00    1600.00    0          0
P5207            5207             5208             10.00      0.0120     1600.00    1600.00    0          0
P5208            5208             5209             11294.00   0.0120     1600.00    1722.00    0          0
P5209            5209             5210             7785.00    0.0120     1722.00    1638.00    0          0
P5210            5210             5211             12612.00   0.0120     1638.00    1540.00    0          0
P5211            5211             5212             8626.00    0.0120     1540.00    1690.00    0          0
P5212            5212             5213             3997.00    0.0120     1690.00    1560.00    0          0
P5213            5213             5214             6838.00    0.0120     1560.00    1648.00    0          0
P5214            5214             5215             8310.00    0.0120     1648.00    1630.00    0          0
P5215            5215             5216             6628.00    0.0120     1630.00    1540.00    0          0
P5216            5216             5217             8310.00    0.0120     1540.00    1658.00    0          0
P5217            5217             5218             5441.00    0.0120     1658.00    1550.00    0          0
P5218            5218             5220             9984.00    0.0120     1550.00    1656.00    0          0
P5220            5220             5221             5260.00    0.0120     1656.00    1610.00    0          0
P5221            5221             5222             8521.00    0.0120     1610.00    1410.00    0          0
P5222            5222             5223             8942.00    0.0120     1410.00    1567.00    0          0
P5223            75223            5224             3110.00    0.0120     1567.00    1540.00    0          0
P5224            5224             5225             1268.00    0.0120     1540.00    1470.00    0          0
P5225            5225             5226             3050.00    0.0120     1470.00    1290.00    0          0
P5226            5226             5227             3997.00    0.0120     1290.00    1150.00    0          0
P5227            5227             5228             5996.00    0.0120     1150.00    1070.00    0          0
P5228            75228            5229             315.00     0.0120     1070.00    1050.00    0          0
P5229            5229             5230             7364.00    0.0130     1050.00    1070.00    0          0
P5230            5230             5231             2314.00    0.0130     1070.00    1040.00    0          0
P75223           5223             75223            33.00      0.0140     1567.00    1567.00    0          0
P75228           5228             75228            33.00      0.0140     1070.00    1070.00    0          0
P5301            5302             5210             10.00      0.0130     1650.00    1638.00    0          0
P5302            5302             5303             14000.00   0.0130     1650.00    1300.00    0          0
P5303            5303             5304             14000.00   0.0130     1300.00    1160.00    0          0
P5304            75304            5305             7.00       0.0130     1156.00    1156.00    0          0
P5305            5305             5306             3844.00    0.0130     1156.00    1090.00    0          0
P5601            5231             5602             31034.00   0.0120     1040.00    790.00     0          0
P5602            5602             5603             8416.00    0.0120     790.00     1005.00    0          0
P5603            5603             5604             4600.00    0.0120     1005.00    1000.00    0          0
P5604            5604             5605             15500.00   0.0120     1000.00    800.00     0          0
P5605            5605             5606             18500.00   0.0120     800.00     550.00     0          0
P5606            5606             5607             2500.00    0.0120     550.00     540.00     0          0
P5607            5607             75608            1450.00    0.0120     540.00     580.00     0          0
P5401            5401             5402             9262.00    0.0130     1240.00    1248.00    0          0
P5402            5402             5403             1473.00    0.0122     1248.00    1234.00    0          0
P5403            5403             5404             4210.00    0.0122     1234.00    1240.00    0          0
P5404            5404             5405             842.00     0.0122     1240.00    1079.00    0          0
P5405            75405            5406             4200.00    0.0122     1079.00    747.00     0          0
P5406            5406             5407             9262.00    0.0122     747.00     1040.00    0          0
P5407            5407             5408             14735.00   0.0122     1040.00    1040.00    0          0
P5408            5408             5409             5683.00    0.0122     1040.00    946.00     0          0
P5409            5409             5410             4210.00    0.0122     946.00     1077.00    0          0
P5410            5410             5411             421.00     0.0122     1077.00    957.00     0          0
P5411            75411            5412             19777.00   0.0122     957.00     385.00     0          0
P5412            5412             5413             18524.00   0.0122     385.00     953.00     0          0
P5413            5413             5414             6600.00    0.0122     953.00     953.00     0          0
P5414            5414             5415             3368.00    0.0122     953.00     760.00     0          0
P5415            5415             5416             842.00     0.0122     760.00     945.00     0          0
P5416            5416             5417             6447.00    0.0122     945.00     523.00     0          0
P5417            75417            5418             9868.00    0.0122     523.00     700.00     0          0
P5418            5418             5608             9473.00    0.0122     700.00     580.00     0          0
P75405           5405             75405            33.00      0.0140     1079.00    1079.00    0          0
P75411           5411             75411            33.00      0.0140     957.00     957.00     0          0
P75417           5417             75417            33.00      0.0140     523.00     523.00     0          0
P5702            5702             5703             2369.00    0.0120     1244.00    990.00     0          0
P5703            5703             5704             10787.00   0.0120     990.00     863.00     0          0
P5704            5704             5705             13421.00   0.0120     863.00     742.00     0          0
P5705            5705             5706             3474.00    0.0120     742.00     800.00     0          0
P5706            5706             5707             6316.00    0.0120     800.00     730.00     0          0
P5707            5707             5708             947.00     0.0120     730.00     730.00     0          0
P5708            5708             5709             1579.00    0.0120     730.00     750.00     0          0
P5709            5709             5710             1263.00    0.0120     750.00     800.00     0          0
P5710            5710             5711             947.00     0.0120     800.00     820.00     0          0
P5711            5711             5712             2684.00    0.0120     820.00     860.00     0          0
P5712            5712             5713             1579.00    0.0120     860.00     900.00     0          0
P5713            5713             5714             1579.00    0.0120     900.00     1160.00    0          0
P5714            5714             5715             947.00     0.0120     1160.00    900.00     0          0
P5715            5715             5716             5527.00    0.0120     900.00     805.00     0          0
P5716            5716             5717             1105.00    0.0120     805.00     847.00     0          0
P5717            5717             5718             1579.00    0.0120     847.00     890.00     0          0
P5718            5718             5719             1263.00    0.0120     890.00     910.00     0          0
P5719            5719             5720             2369.00    0.0120     910.00     1090.00    0          0
P5720            5720             5721             1263.00    0.0120     1090.00    1138.00    0          0
P5721            5721             5722             3948.00    0.0120     1138.00    980.00     0          0
P5722            5722             5723             16579.00   0.0120     980.00     1091.00    0          0
P5723            5723             5306             14842.00   0.0120     1091.00    1090.00    0          0
P5724            5306             5725             36633.00   0.0120     1090.00    1070.00    0          0
P5725            5725             5231             27631.00   0.0120     1070.00    1040.00    0          0
P5726            5231             5727             20500.00   0.0120     1040.00    1071.00    0          0

[XSECTIONS]
;;Link           Shape        Geom1      Geom2      Geom3      Geom4      Barrels
;;-------------- ------------ ---------- ---------- ---------- ---------- ----------
P5202            CIRCULAR     11.25      0          0          0          1
P5203            CIRCULAR     10.00      0          0          0          1
P5204            CIRCULAR     10.00      0          0          0          1
P5205            CIRCULAR     10.00      0          0          0          1
P5206            CIRCULAR     10.00      0          0          0          1
P5207            CIRCULAR     10.00      0          0          0          1
P5208            CIRCULAR     10.00      0          0          0          1
P5209            CIRCULAR     10.00      0          0          0          1
P5210            CIRCULAR     8.00       0          0          0          1
P5211            CIRCULAR     8.00       0          0          0          1
P5212            CIRCULAR     8.00       0          0          0          1
P5213            CIRCULAR     8.00       0          0          0          1
P5214            CIRCULAR     8.00       0          0          0          1
P5215            CIRCULAR     10.00      0          0          0          1
P5216            CIRCULAR     10.00      0          0          0          1
P5217            CIRCULAR     10.00      0          0          0          1
P5218            CIRCULAR     10.00      0          0          0          1
P5220            CIRCULAR     8.00       0          0          0          1
P5221            CIRCULAR     8.00       0          0          0          1
P5222            CIRCULAR     8.00       0          0          0          1
P5223            CIRCULAR     8.00       0          0          0          1
P5224            CIRCULAR     8.00       0          0          0          1
P5225            CIRCULAR     8.00       0          0          0          1
P5226            CIRCULAR     8.00       0          0          0          1
P5227            CIRCULAR     8.00       0          0          0          1
P5228            CIRCULAR     15.50      0          0          0          1
P5229            CIRCULAR     12.50      0          0          0          1
P5230            CIRCULAR     12.50      0          0          0          1
P75223           CIRCULAR     8.00       0          0          0          1
P75228           CIRCULAR     8.00       0          0          0          1
P5301            CIRCULAR     12.00      0          0          0          1
P5302            CIRCULAR     12.00      0          0          0          1
P5303            CIRCULAR     12.00      0          0          0          1
P5304            CIRCULAR     12.00      0          0          0          1
P5305            CIRCULAR     12.00      0          0          0          1
P5601            CIRCULAR     10.00      0          0          0          1
P5602            CIRCULAR     10.00      0          0          0          1
P5603            CIRCULAR     8.00       0          0          0          1
P5604            CIRCULAR     8.00       0          0          0          1
P5605            CIRCULAR     8.00       0          0          0          1
P5606            CIRCULAR     8.00       0          0          0          1
P5607            CIRCULAR     8.00       0          0          0          1
P5401            CIRCULAR     10.08      0          0          0          1
P5402            CIRCULAR     9.00       0          0          0          1
P5403            CIRCULAR     9.00       0          0          0          1
P5404            CIRCULAR     9.00       0          0          0          1
P5405            CIRCULAR     9.00       0          0          0          1
P5406            CIRCULAR     9.00       0          0          0          1
P5407            CIRCULAR     9.00       0          0          0          1
P5408            CIRCULAR     9.00       0          0          0          1
P5409            CIRCULAR     9.00       0          0          0          1
P5410            CIRCULAR     9.00       0          0          0          1
P5411            CIRCULAR     9.00       0          0          0          1
P5412            CIRCULAR     9.00       0          0          0          1
P5413            CIRCULAR     10.08      0          0          0          1
P5414            CIRCULAR     9.00       0          0          0          1
P5415            CIRCULAR     9.00       0          0          0          1
P5416            CIRCULAR     8.00       0          0          0          1
P5417            CIRCULAR     8.00       0          0          0          1
P5418            CIRCULAR     8.00       0          0          0          1
P75405           CIRCULAR     9.00       0          0          0          1
P75411           CIRCULAR     9.00       0          0          0          1
P75417           CIRCULAR     8.00       0          0          0          1
P5702            CIRCULAR     11.67      0          0          0          1
P5703            CIRCULAR     10.50      0          0          0          1
P5704            CIRCULAR     10.33      0          0          0          1
P5705            CIRCULAR     10.50      0          0          0          1
P5706            CIRCULAR     10.67      0          0          0          1
P5707            CIRCULAR     9.67       0          0          0          1
P5708            CIRCULAR     10.67      0          0          0          1
P5709            CIRCULAR     10.83      0          0          0          1
P5710            CIRCULAR     11.00      0          0          0          1
P5711            CIRCULAR     11.17      0          0          0          1
P5712            CIRCULAR     11.33      0          0          0          1
P5713            CIRCULAR     11.50      0          0          0          1
P5714            CIRCULAR     11.50      0          0          0          1
P5715            CIRCULAR     11.00      0          0          0          1
P5716            CIRCULAR     11.17      0          0          0          1
P5717            CIRCULAR     11.33      0          0          0          1
P5718            CIRCULAR     11.50      0          0          0          1
P5719            CIRCULAR     11.50      0          0          0          1
P5720            CIRCULAR     11.67      0          0          0          1
P5721            CIRCULAR     11.67      0          0          0          1
P5722            CIRCULAR     11.67      0          0          0          1
P5723            CIRCULAR     12.67      0          0          0          1
P5724            CIRCULAR     11.67      0          0          0          1
P5725            CIRCULAR     11.67      0          0          0          1
P5726            CIRCULAR     11.67      0          0          0          1

[LOSSES]
;;Link           Inlet      Outlet     Average    Flap Gate
;;-------------- ---------- ---------- ---------- ----------
P5202            0          0          0          NO
P5203            0          0          0          NO
P5204            0          0          0          NO
P5205            0          0          0          NO
P5206            0          0          0          NO
P5207            0          0          0          NO
P5208            0          0          0          NO
P5209            0          0          0          NO
P5210            0          0          0          NO
P5211            0          0          0          NO
P5212            0          0          0          NO
P5213            0          0          0          NO
P5214            0          0          0          NO
P5215            0          0          0          NO
P5216            0          0          0          NO
P5217            0          0          0          NO
P5218            0          0          0          NO
P5220            0          0          0          NO
P5221            0          0          0          NO
P5222            0          0          0          NO
P5223            0          0          0          NO
P5224            0          0          0          NO
P5225            0          0          0          NO
P5226            0          0          0          NO
P5227            0          0          0          NO
P5228            0          0          0          NO
P5229            0          0          0          NO
P5230            0          0          0          NO
P75223           0          0          0          NO
P75228           0          0          0          NO
P5301            0          0          0          NO
P5302            0          0          0          NO
P5303            0          0          0          NO
P5304            0          0          0          NO
P5305            0          0          0          NO
P5601            0          0          0          NO
P5602            0          0          0          NO
P5603            0          0          0          NO
P5604            0          0          0          NO
P5605            0          0          0          NO
P5606            0          0          0          NO
P5607            0          0          0          NO
P5401            0          0          0          NO
P5402            0          0          0          NO
P5403            0          0          0          NO
P5404            0          0          0          NO
P5405            0          0          0          NO
P5406            0          0          0          NO
P5407            0          0          0          NO
P5408            0          0          0          NO
P5409            0          0          0          NO
P5410            0          0          0          NO
P5411            0          0          0          NO
P5412            0          0          0          NO
P5413            0          0          0          NO
P5414            0          0          0          NO
P5415            0          0          0          NO
P5416            0          0          0          NO
P5417            0          0          0          NO
P5418            0          0          0          NO
P75405           0          0          0          NO
P75411           0          0          0          NO
P75417           0          0          0          NO
P5702            0          0          0          NO
P5703            0          0          0          NO
P5704            0          0          0          NO
P5705            0          0          0          NO
P5706            0          0          0          NO
P5707            0          0          0          NO
P5708            0          0          0          NO
P5709            0          0          0          NO
P5710            0          0          0          NO
P5711            0          0          0          NO
P5712            0          0          0          NO
P5713            0          0          0          NO
P5714            0          0          0          NO
P5715            0          0          0          NO
P5716            0          0          0          NO
P5717            0          0          0          NO
P5718            0          0          0          NO
P5719            0          0          0          NO
P5720            0          0          0          NO
P5721            0          0          0          NO
P5722            0          0          0          NO
P5723            0          0          0          NO
P5724            0          0          0          NO
P5725            0          0          0          NO
P5726            0          0          0          NO

[INFLOWS]
;;Node           Constituent  Time Series      Type     Mfactor  Sfactor  Baseline Pattern
;;-------------- ------------ ---------------- -------- -------- -------- -------- --------
5202             FLOW         ""               FLOW     1.0      1.0      82.80
5401             FLOW         ""               FLOW     1.0      1.0      222.50
5702             FLOW         ""               FLOW     1.0      1.0      418.00

[COORDINATES]
;;Node           X-Coord            Y-Coord
;;-------------- ------------------ ------------------
5202             -256013.64         2199612.37        
5203             -255478.64         2198077.37        
5204             -253192.64         2195206.37        
5205             -251208.64         2191773.37        
5206             -248962.64         2185769.37        
5207             -244663.64         2179998.37        
5208             -242653.64         2178754.37        
5209             -240877.64         2171899.37        
5210             -240713.64         2164903.37        
5211             -240529.64         2155565.37        
5212             -238220.64         2148923.37        
5213             -237676.64         2142324.37        
5214             -235325.64         2137127.37        
5215             -235589.64         2131773.37        
5216             -235442.64         2126100.37        
5217             -233790.64         2120279.37        
5218             -233828.64         2116127.37        
5220             -229672.64         2105412.37        
5221             -229812.64         2098522.37        
5222             -229963.64         2089473.36        
5223             -232328.64         2076694.36        
5224             -232278.64         2074124.36        
5225             -232942.64         2070990.36        
5226             -232648.64         2068389.36        
5227             -232201.64         2065120.36        
5228             -231143.64         2059982.36        
5229             -229897.64         2060714.36        
5230             -226854.64         2068810.36        
5231             -221091.64         2069231.36        
75223            -232300.64         2075199.36        
75228            -230500.64         2059999.36        
5302             -231249.64         2168892.37        
5303             -221934.64         2151129.37        
5304             -213107.64         2134715.37        
5305             -211796.64         2131898.37        
5306             -208037.64         2124921.37        
75304            -212400.64         2132999.37        
5602             -191192.64         2074989.36        
5603             -184596.64         2072985.36        
5604             -180276.64         2071626.36        
5605             -168660.64         2066041.36        
5606             -157800.64         2057349.36        
5607             -153564.64         2054247.36        
75608            -150324.64         2054286.36        
5608             -149824.64         2054286.36        
5401             -127274.63         2166777.37        
5402             -122151.63         2160689.37        
5403             -121226.63         2158675.37        
5404             -120464.63         2155664.37        
5405             -119493.63         2153617.37        
5406             -118203.63         2151048.37        
5407             -119454.63         2143202.37        
5408             -124204.63         2132372.37        
5409             -124931.63         2126854.37        
5410             -126611.63         2123397.37        
5411             -127780.63         2121573.37        
5412             -135194.64         2109411.37        
5413             -140949.64         2098173.37        
5414             -145087.64         2091938.36        
5415             -144390.64         2089238.36        
5416             -142400.64         2080091.36        
5417             -143469.64         2074107.36        
5418             -145117.64         2065967.36        
75405            -119490.63         2153611.37        
75411            -127784.63         2121567.37        
75417            -143569.64         2073707.36        
5702             -133110.64         2172398.37        
5703             -141450.64         2174857.37        
5704             -151667.64         2173960.37        
5705             -162855.64         2170366.37        
5706             -165569.64         2169700.37        
5707             -170377.64         2168436.37        
5708             -171848.64         2167968.37        
5709             -173312.64         2167670.37        
5710             -174904.64         2167254.37        
5711             -176181.64         2167010.37        
5712             -177943.64         2166585.37        
5713             -180214.64         2166211.37        
5714             -182535.64         2165715.37        
5715             -184154.64         2165407.37        
5716             -186796.64         2165032.37        
5717             -189561.64         2165836.37        
5718             -191524.64         2165804.37        
5719             -194356.64         2166070.37        
5720             -200983.64         2163750.37        
5721             -207510.64         2153329.37        
5722             -207552.64         2149901.37        
5723             -208029.64         2136540.37        
5725             -206462.64         2095349.36        
5727             -221091.64         2048707.36        

[MAP]
DIMENSIONS -256013.64 2048707.36 -118203.63 2199612.37
Units      None

[REPORT]
INPUT            YES
SUBCATCHMENTS    ALL
NODES            ALL
LINKS            ALL



