;; SWMM5 .inp converted from XPSWMM .xp file
;; Generated by XPSWMM Card Reader
;; Source format: XP_CARD | Original title: Event 01

[TITLE]
;;Project Title/Notes
Event 01

[OPTIONS]
FLOW_UNITS           CFS
INFILTRATION         HORTON
FLOW_ROUTING         DYNWAVE
LINK_OFFSETS         DEPTH
MIN_SLOPE            0.0
ALLOW_PONDING        NO
SKIP_STEADY_STATE    NO
ROUTING_STEP         00:00:10
VARIABLE_STEP        0.75
INERTIAL_DAMPING     PARTIAL
NORMAL_FLOW_LIMITED  BOTH
MAX_TRIALS           50
HEAD_TOLERANCE       0.0033

[JUNCTIONS]
;;Name           Elev       MaxDepth   InitDepth  SurDepth   Aponded
;;-------------- ---------- ---------- ---------- ---------- ----------
HP8              2.60       0          0.01       0          0
HP9              8.00       0          0.01       0          0
JC2              14.26      0          0.01       0          0
JC1              25.40      0          0.01       0          0
HP12             2.60       0          0.01       0          0
IMH2             12.60      0          0.01       0          0
DTCHAM           12.60      0          0.01       0          0
IMH3             22.60      0          0.01       0          0
IMH4             22.60      0          0.01       0          0
IMH1             18.50      0          0.01       0          0
IMH5             12.60      0          0.01       0          0
HP7              6.00       0          0.01       0          0
HP6              2.60       0          0.01       0          0
C2               17.00      0          0.01       0          0
C1               22.60      0          0.01       0          0
CSO24            29.30      0          0.01       0          0
C3               16.20      0          0.01       0          0
ILS1             22.60      0          0.01       0          0
C5               29.30      0          0.01       0          0
C4               12.60      0          0.01       0          0
C6               20.00      0          0.01       0          0
C7               30.00      0          0.01       0          0
C9               10.00      0          0.01       0          0
C8               20.00      0          0.01       0          0
C11              13.80      0          0.01       0          0
C10              10.00      0          0.01       0          0
C12              20.00      0          0.01       0          0
WPCPOF           14.26      0          0          0          0
C13              22.65      0          0          0          0
C14              28.40      0          0          0          0
IO54             40.00      0          0          0          0
C15              40.00      0          0          0          0
C16              40.00      0          0          0          0
C17              38.00      0          0          0          0
C18              50.00      0          0          0          0
C19              51.60      0          0          0          0
C20              65.00      0          0          0          0
C21              70.00      0          0          0          0
C26              40.00      0          0          0          0
C27              40.00      0          0          0          0
C28              50.00      0          0          0          0
C29              60.00      0          0          0          0
C22              70.00      0          0          0          0
C23              40.00      0          0          0          0
C24              40.00      0          0          0          0
C25              40.00      0          0          0          0
C30              40.00      0          0          0          0
C31              40.00      0          0          0          0
C32              42.00      0          0          0          0
C33              48.00      0          0          0          0
C34              65.00      0          0          0          0
C35              72.00      0          0          0          0
C63              80.00      0          0          0          0
C62              87.00      0          0          0          0
C64              87.00      0          0          0          0
C58              85.00      0          0          0          0
C61              85.00      0          0          0          0
C59              90.00      0          0          0          0
C60              95.00      0          0          0          0
C57              90.00      0          0          0          0
C56              90.00      0          0          0          0
C52              80.00      0          0          0          0
C53              80.00      0          0          0          0
C54              80.00      0          0          0          0
C55              80.00      0          0          0          0
C50              65.00      0          0          0          0
C51              65.00      0          0          0          0
C49              55.00      0          0          0          0
C48              30.00      0          0          0          0
Node_403         0          0          0          0          0
CSO28A           30.00      0          0          0          0
CSO28AW          35.00      0          0          0          0
C47              30.00      0          0          0          0
CSO28W           20.00      0          0          0          0
HP24             10.00      0          0          0          0
C46              25.00      0          0          0          0
C44              30.00      0          0          0          0
C43              40.00      0          0          0          0
C42              40.00      0          0          0          0
C41              40.00      0          0          0          0
C40              25.00      0          0          0          0
C39              25.00      0          0          0          0
C38              40.00      0          0          0          0
C37              40.00      0          0          0          0
C36              20.00      0          0          0          0
C45              30.00      0          0          0          0
HP21             10.00      0          0          0          0
ILS1A            20.00      0          0          0          0
C65              10.00      0          0          0          0
CSO25            10.00      0          0          0          0
CSO25W           20.00      0          0          0          0
C94              20.00      0          0          0          0
C90              20.00      0          0          0          0
C70              15.00      0          0          0          0
C71              15.00      0          0          0          0
CSO26            10.00      0          0          0          0
CSO26W           10.00      0          0          0          0
HP22             10.00      0          0          0          0
C72              15.00      0          0          0          0
C73              20.00      0          0          0          0
C74              20.00      0          0          0          0
C75              20.00      0          0          0          0
C95              20.00      0          0          0          0
C91              20.00      0          0          0          0
C96              20.00      0          0          0          0
C92              20.00      0          0          0          0
C97              20.00      0          0          0          0
C93              20.00      0          0          0          0
IO7              20.00      0          0          0          0
C84              20.00      0          0          0          0
I/O52            20.00      0          0          0          0
C80              20.00      0          0          0          0
C81              20.00      0          0          0          0
C82              20.00      0          0          0          0
C85              30.00      0          0          0          0
C86              30.00      0          0          0          0
C87              50.00      0          0          0          0
C142             110.00     0          0          0          0
C141             95.00      0          0          0          0
C140             110.00     0          0          0          0
C139             100.00     0          0          0          0
C138             80.00      0          0          0          0
C137             70.00      0          0          0          0
C136             65.00      0          0          0          0
C135             70.00      0          0          0          0
C134             70.00      0          0          0          0
C133             70.00      0          0          0          0
C132             60.00      0          0          0          0
C131             90.00      0          0          0          0
C130             110.00     0          0          0          0
C127             100.00     0          0          0          0
C126             60.00      0          0          0          0
C125             80.00      0          0          0          0
C124             40.00      0          0          0          0
IO12             60.00      0          0          0          0
C123             40.00      0          0          0          0
C122             60.00      0          0          0          0
C120             65.00      0          0          0          0
C121             65.00      0          0          0          0
CSO27A1          50.00      0          0          0          0
C102             40.00      0          0          0          0
HP23             10.00      0          0          0          0
ILS3             20.00      0          0          0          0
C100             25.00      0          0          0          0
CSO27AW          50.00      0          0          0          0
CSO27A2          50.00      0          0          0          0
C101             25.00      0          0          0          0
CSO27            20.00      0          0          0          0
CSO27W           20.00      0          0          0          0
C103             35.00      0          0          0          0
C104             40.00      0          0          0          0
C105             40.00      0          0          0          0
C106             50.00      0          0          0          0
C107             50.00      0          0          0          0
IO28             55.00      0          0          0          0
JC3              55.00      0          0          0          0
C109             55.00      0          0          0          0
C110             60.00      0          0          0          0
C108             100.00     0          0          0          0
C111             65.00      0          0          0          0
C112             65.00      0          0          0          0
C113             65.00      0          0          0          0
IO49             60.00      0          0          0          0
C115             80.00      0          0          0          0
C114             70.00      0          0          0          0
IO48             80.00      0          0          0          0
C117             100.00     0          0          0          0
C116             90.00      0          0          0          0
CSO28            20.00      0          0          0          0

[STORAGE]
;;Name           Elev       MaxDepth   InitDepth  Shape      Curve/Params
;;-------------- ---------- ---------- ---------- ---------- ----------
R5               9.30       0          0.40       FUNCTIONAL 400.00 0          0
R5-O             9.30       0          0.56       FUNCTIONAL 400.00 0          0
R5-W             9.30       0          0.01       FUNCTIONAL 400.00 0          0
R6               20.00      0          0          FUNCTIONAL 400.00 0          0
R6-W             18.00      0          0          FUNCTIONAL 400.00 0          0
R6-O             18.00      0          0.01       FUNCTIONAL 400.00 0          0
R7               14.00      0          0.01       FUNCTIONAL 400.00 0          0
R7-W             14.00      0          0.01       FUNCTIONAL 400.00 0          0
R7-O             14.00      0          0.01       FUNCTIONAL 400.00 0          0
R9A              6.10       0          0.01       FUNCTIONAL 400.00 0          0
R9A-W            6.10       0          0.01       FUNCTIONAL 400.00 0          0
R9-O             10.00      0          0.01       FUNCTIONAL 400.00 0          0
R9               10.00      0          0.01       FUNCTIONAL 400.00 0          0
R9-W             10.00      0          0.01       FUNCTIONAL 400.00 0          0
R8-W             21.00      0          0.01       FUNCTIONAL 400.00 0          0
R8               21.00      0          0.01       FUNCTIONAL 400.00 0          0
R8-O             21.00      0          0.01       FUNCTIONAL 400.00 0          0
R10              14.15      0          0.01       FUNCTIONAL 200.00 0          0
R10-O            14.15      0          0.01       FUNCTIONAL 400.00 0          0
R10-W            14.15      0          0.01       FUNCTIONAL 400.00 0          0
R13              9.80       0          0.01       FUNCTIONAL 400.00 0          0
R13-W            9.80       0          0.01       FUNCTIONAL 400.00 0          0
R13-O            9.80       0          0.01       FUNCTIONAL 400.00 0          0

[CONDUITS]
;;Name           From             To               Length     Roughness  InOffset   OutOffset  InitFlow   MaxFlow
;;-------------- ---------------- ---------------- ---------- ---------- ---------- ---------- ---------- ----------
HP12OF           R13-W            HP12             150.00     0.0140     -6.37      -6.56      0          0
BB1-2            R13-O            IMH2             780.00     0.0140     -10.50     -12.00     0          0
BB1-1            IMH2             DTCHAM           270.00     0.0140     -12.00     -12.50     0          0
SIPHON           DTCHAM           IMH3             700.00     0.0140     -16.10     -19.80     0          0
BI5              IMH3             IMH4             750.00     0.0140     -19.80     -20.00     0          0
BI6              IMH4             JC1              3300.00    0.0140     -20.00     -22.40     0          0
BI7              JC1              JC2              1350.00    0.0140     -22.40     -22.90     0          0
BI8              R10-O            JC2              1930.00    0.0140     -10.20     -15.00     0          0
HP9OF            R10-W            HP9              1980.00    0.0140     -4.47      -5.89      0          0
BB2-1            R8-O             IMH5             750.00     0.0140     -6.85      -8.75      0          0
BB2-2            IMH5             R9-O             650.00     0.0140     -8.75      -9.30      0          0
BB2-3            R9-O             JC1              1330.00    0.0140     -9.30      -13.00     0          0
BB2-4            R9A              R9-O             650.00     0.0140     -3.00      -9.30      0          0
20               R9-W             R9A-W            550.00     0.0140     -4.48      -5.62      0          0
HP8OF            R9A-W            HP8              150.00     0.0140     -5.62      -5.95      0          0
HP7OF            R8-W             HP7              1000.00    0.0140     -4.08      -5.93      0          0
BI4              IMH1             DTCHAM           1380.00    0.0140     -15.60     -16.10     0          0
BI3              R7-O             IMH1             1550.00    0.0140     -12.70     -15.60     0          0
BI2              R6-O             R7-O             800.00     0.0140     -12.00     -12.70     0          0
BI1              R5-O             R6-O             2160.00    0.0140     -5.55      -8.00      0          0
HP6OF            R5-W             HP6              400.00     0.0140     -5.33      -6.50      0          0
4                R7-W             C2               1500.00    0.0140     -3.90      -4.42      0          0
2                C2               C1               750.00     0.0140     -4.42      -4.79      0          0
1                C1               R5               570.00     0.0140     -4.79      -5.55      0          0
3                R6-W             C1               1550.00    0.0140     -3.00      -4.79      0          0
6                CSO24            C3               750.00     0          -1.10      -1.53      0          0
5                C3               R6               1510.00    0          -1.53      -2.60      0          0
9                ILS1             C5               850.00     0          -2.48      -2.87      0          0
8                C5               C4               1200.00    0.0140     -2.87      -3.40      0          0
7                C4               R7               830.00     0          -3.40      -3.90      0          0
10               C6               R13              500.00     0.0140     -5.76      -9.33      0          0
11               C7               R8               2000.00    0.0140     1.85       -6.10      0          0
13               C9               C8               720.00     0.0140     -0.32      -1.79      0          0
12               C8               R9A              520.00     0.0140     -2.24      -3.58      0          0
14               C11              C10              500.00     0.0140     -1.76      -3.33      0          0
15               C10              R9               600.00     0.0140     -3.33      -4.42      0          0
16               C12              R10              1550.00    0.0140     -3.56      -4.47      0          0
WPCP             JC2              WPCPOF           500.00     0.0140     -22.90     -23.00     0          0
22               C16              C7               560.00     0          12.29      1.85       0          0
21               IO54             C7               1500.00    0          6.75       1.85       0          0
201              C15              IO54             550.00     0.0140     6.74       6.73       0          0
19               IO54             C14              700.00     0          5.22       1.51       0          0
18               C14              C13              790.00     0          1.51       0.08       0          0
17               C13              C11              850.00     0          -0.08      -1.76      0          0
23               C17              C16              2450.00    0          31.43      14.49      0          0
27               C21              C20              350.00     0          54.29      52.10      0          0
26               C20              C19              720.00     0          52.10      44.05      0          0
25               C19              C18              1270.00    0          44.05      35.56      0          0
24               C18              C17              450.00     0          35.56      31.43      0          0
30               C24              C22              1830.00    0          19.94      13.58      0          0
28               C22              C15              1350.00    0          13.58      6.85       0          0
31               C25              C23              1820.00    0          14.08      11.27      0          0
29               C23              C15              1350.00    0          11.27      8.95       0          0
35               C29              C28              940.00     0          41.90      35.41      0          0
34               C28              C27              850.00     0          35.41      21.42      0          0
32               C27              C15              1150.00    0          21.42      9.36       0          0
33               C26              C15              900.00     0          13.51      9.73       0          0
42               C35              C34              500.00     0          55.93      51.88      0          0
41               C34              C33              810.00     0          51.88      32.15      0          0
40               C33              C32              770.00     0          32.15      27.00      0          0
39               C32              C31              600.00     0          27.00      24.87      0          0
38               C32              C30              1050.00    0          27.00      15.40      0          0
37               C30              C25              910.00     0          15.40      14.08      0          0
36               C31              C24              1380.00    0          24.87      19.94      0          0
75               C60              C59              750.00     0          70.05      67.02      0          0
74               C59              C58              550.00     0          67.02      57.19      0          0
72               C58              C64              800.00     0          57.19      54.07      0          0
73               C61              C58              370.00     0          64.05      57.19      0          0
71               C63              C62              640.00     0.0140     65.72      62.26      0          0
70               C62              C56              650.00     0          62.26      59.11      0          0
68               C56              C54              810.00     0          59.11      57.02      0          0
66               C54              C52              1150.00    0          57.02      53.29      0          0
69               C64              C57              600.00     0          54.07      52.38      0          0
67               C57              C55              780.00     0.0140     52.38      50.06      0          0
65               C55              C53              1300.00    0          50.06      45.73      0          0
64               C52              C50              1660.00    0          53.29      48.01      0          0
63               C53              C51              1640.00    0          45.73      40.08      0          0
198              C51              C50              150.00     0.0140     53.96      48.01      0          0
62               C50              C49              1040.00    0          48.01      37.74      0          0
61               C51              C49              930.00     0          40.80      37.74      0          0
60               C49              C48              1420.00    0          37.74      11.71      0          0
57               C47              CSO28A           1050.00    0          20.53      10.13      0          0
59               C48              CSO28A           450.00     0.0140     11.71      10.07      0          0
28AOF            CSO28AW          CSO28W           650.00     0          3.71       -3.15      0          0
HP24OF           CSO28W           HP24             500.00     0          -3.15      -7.98      0          0
51               C44              C43              1250.00    0          1.90       1.02       0          0
50               C43              C42              400.00     0          1.02       0.77       0          0
49               C42              C41              1100.00    0          0.77       0.05       0          0
48               C41              C40              850.00     0          0.05       -0.58      0          0
47               C40              C39              740.00     0          -0.58      -1.08      0          0
46               C39              C38              750.00     0          -1.08      -1.57      0          0
45               C38              C37              850.00     0          -1.57      -2.13      0          0
44               C37              C36              1260.00    0          -2.13      -2.93      0          0
43               C36              C12              1100.00    0          -2.93      -3.56      0          0
52               C45              C44              1430.00    0          2.94       1.92       0          0
53               C46              C45              1410.00    0          3.83       2.94       0          0
82               CSO25W           ILS1A            750.00     0          -1.64      -4.63      0          0
HP21OF           ILS1A            HP21             350.00     0          -4.63      -5.81      0          0
80               CSO25            C65              850.00     0.0140     -1.63      -2.03      0          0
81               C65              ILS1             1010.00    0          -2.03      -2.49      0          0
88               C94              C6               670.00     0          -5.40      -5.71      0          0
83               C90              CSO25            750.00     0          -1.29      -1.63      0          0
94               C71              C70              930.00     0          -0.01      -0.68      0          0
98               C74              C73              840.00     0          2.58       2.00       0          0
97               C73              C72              800.00     0          1.98       1.49       0          0
96               C72              CSO26            820.00     0          1.49       1.00       0          0
95               CSO26            C71              1300.00    0          1.00       -0.01      0          0
HP22OF           CSO26W           HP22             400.00     0          0.50       -3.30      0          0
93               C70              CSO25            1000.00    0          -0.68      -1.63      0          0
99               C75              C74              850.00     0          4.54       2.58       0          0
85               C92              C91              810.00     0          -0.58      -0.99      0          0
84               C91              C90              800.00     0          -0.99      -1.29      0          0
89               C95              C94              790.00     0          -5.00      -5.40      0          0
90               C96              C95              810.00     0          -4.55      -5.00      0          0
92               IO7              C97              800.00     0          -3.68      -4.10      0          0
91               C97              C96              810.00     0          -4.10      -4.55      0          0
87               IO7              C93              850.00     0          0.13       -0.23      0          0
86               C93              C92              800.00     0          -0.23      -0.58      0          0
104              I/O52            C81              1120.00    0          1.00       0.45       0          0
102              C81              IO7              780.00     0          0.45       0.13       0          0
100              C80              IO7              300.00     0          -3.50      -3.68      0          0
101              C82              C80              810.00     0          -3.10      -3.50      0          0
103              C84              C82              1100.00    0          -2.50      -3.10      0          0
108              C85              I/O52            850.00     0          1.75       1.00       0          0
107              C86              C84              820.00     0          4.50       0.97       0          0
110              C87              C85              1010.00    0          2.65       1.75       0          0
109              C86              C85              260.00     0          4.06       1.75       0          0
106              I/O52            C84              270.00     0          2.50       -2.50      0          0
182              C142             C141             1050.00    0          77.15      72.97      0          0
181              C141             C140             770.00     0          72.97      68.65      0          0
180              C140             C139             1290.00    0          68.65      64.28      0          0
179              C139             C138             550.00     0          64.28      61.20      0          0
178              C138             C137             1400.00    0          61.20      56.50      0          0
177              C137             C136             850.00     0.0140     56.50      54.56      0          0
176              C136             C135             1100.00    0          54.56      52.04      0          0
175              C135             C134             1050.00    0          52.04      49.66      0          0
174              C134             C133             2250.00    0          49.66      43.00      0          0
173              C133             C132             940.00     0          43.00      40.78      0          0
172              C132             C131             1180.00    0          40.78      37.60      0          0
171              C131             C130             2430.00    0          37.60      31.35      0          0
170              C130             C127             1350.00    0          31.35      27.60      0          0
159              C127             C126             1540.00    0          27.60      23.85      0          0
158              C125             IO12             700.00     0          64.00      46.50      0          0
157              IO12             C123             1300.00    0          46.58      35.00      0          0
156              C126             C124             1200.00    0          23.85      20.68      0          0
160              IO12             C126             70.00      0          47.45      23.85      0          0
154              C124             C121             1260.00    0          20.68      17.48      0          0
155              C123             C122             980.00     0          35.00      22.88      0          0
152              C122             C121             790.00     0          22.88      17.48      0          0
151              C121             C120             330.00     0          17.48      16.85      0          0
122              CSO27W           ILS3             450.00     0          3.38       -0.70      0          0
HP23OF           ILS3             HP23             160.00     0          0.70       -1.50      0          0
123              C100             ILS3             1220.00    0          4.30       -0.01      0          0
121              C101             CSO27            1370.00    0          7.22       3.50       0          0
120              CSO27            C87              670.00     0          3.50       2.65       0          0
127              C102             CSO27A2          520.00     0          10.42      9.00       0          0
125              CSO27AW          C100             970.00     0          8.50       4.30       0          0
150              C120             C103             1950.00    0          16.85      10.68      0          0
126              C103             CSO27A1          460.00     0          10.68      10.00      0          0
128              C104             C102             1250.00    0          26.35      10.42      0          0
129              C105             C102             1700.00    0          16.56      10.42      0          0
134              IO28             JC3              260.00     0          32.50      30.50      0          0
135              JC3              C109             800.00     0          30.50      26.60      0          0
136              C109             C110             630.00     0          26.60      23.67      0          0
153              C110             C122             200.00     0          23.67      22.88      0          0
133              IO28             C107             850.00     0          33.04      26.20      0          0
131              C107             C106             1200.00    0          26.20      24.32      0          0
130              C106             C105             720.00     0          24.32      16.56      0          0
132              C108             C107             1230.00    0          55.10      32.00      0          0
137              C111             JC3              750.00     0          38.19      31.50      0          0
138              C112             IO28             660.00     0          38.36      32.50      0          0
139              IO49             C111             750.00     0          44.68      38.19      0          0
140              C113             C112             570.00     0          40.85      38.36      0          0
143              C115             C113             880.00     0          56.17      40.85      0          0
141              IO49             C113             350.00     0          44.68      40.85      0          0
142              C114             IO49             700.00     0          48.43      44.68      0          0
145              IO48             C115             450.00     0          65.45      56.17      0          0
144              IO48             C114             700.00     0          65.45      48.43      0          0
147              C117             C116             480.00     0          81.00      74.41      0          0
146              C116             IO48             600.00     0          74.41      65.45      0          0
124              CSO27A2          C101             610.00     0.0140     9.00       7.22       0          0
27A1DWF          CSO27A1          CSO27A2          50.00      0.0140     10.00      9.00       0          0
56               CSO28A           CSO28            650.00     0.0140     10.07      5.24       0          0
55               CSO28            C46              650.00     0.0140     5.24       3.83       0          0

[ORIFICES]
;;Name           From             To               Type       Offset     Qcoeff     Gated    CloseTime
;;-------------- ---------------- ---------------- ---------- ---------- ---------- -------- ----------
R5ORIF           R5               R5-O             SIDE       0          0.650      NO       0
ORIF 1           ORIF 2           R6-O             SIDE       0          0.650      NO       0
ORIF             R7               R7-O             SIDE       0          0.650      NO       0
ORIF 1           ORIF 2           R13-O            SIDE       0          0.650      NO       0
R10ORIF          R10              R10-O            SIDE       0          0.650      NO       0
r8orif           R8               R8-O             SIDE       -6.10      0.650      NO       0
R9ORIF           R9               R9-O             SIDE       0          0.650      NO       0

[WEIRS]
;;Name           From             To               Type       CrestHt    Qcoeff     Gated    EndCon   EndCoeff   Surcharge
;;-------------- ---------------- ---------------- ---------- ---------- ---------- -------- -------- ---------- ----------
R5WEIR           R5               R5-W             TRANSVERSE -4.50      1.840      NO       0        0          YES
R6WEIR           R6               R6-W             TRANSVERSE -2.60      1.840      NO       0        0          YES
WEIR             R7               R7-W             TRANSVERSE -2.35      1.840      NO       0        0          YES
WEIR             R13              R13-W            TRANSVERSE -5.00      1.840      NO       0        0          YES
R10WEIR          R10              R10-W            TRANSVERSE -3.65      1.840      NO       0        0          YES
R8WEIR           R8               R8-W             TRANSVERSE -2.92      1.840      NO       0        0          YES
R9WEIR           R9               R9-W             TRANSVERSE -3.60      1.840      NO       0        0          YES
R9AWEIR          R9A              R9A-W            TRANSVERSE -2.33      1.840      NO       0        0          YES
CSO25WEIR        CSO25            CSO25W           V-NOTCH    4.84       1.840      NO       0        0          YES
CSO26WEIR        CSO26            CSO26W           V-NOTCH    5.60       1.840      NO       0        0          YES
CSO27WEIR        CSO27            CSO27W           V-NOTCH    9.30       1.840      NO       0        0          YES
27A1WEIR         CSO27A1          CSO27AW          V-NOTCH    12.50      1.840      NO       0        0          YES
27A2WEIR         CSO27A2          CSO27AW          V-NOTCH    14.00      1.840      NO       0        0          YES
28AWEIR          CSO28A           CSO28AW          TRANSVERSE 13.50      1.840      NO       0        0          YES
28WEIR           CSO28            CSO28W           V-NOTCH    7.24       1.840      NO       0        0          YES

[XSECTIONS]
;;Link           Shape        Geom1      Geom2      Geom3      Geom4      Barrels
;;-------------- ------------ ---------- ---------- ---------- ---------- ----------
HP12OF           RECT_CLOSED  8.00       14.00      0          0          1
BB1-2            CIRCULAR     5.50       0          0          0          1
BB1-1            RECT_CLOSED  4.00       7.00       0          0          1
SIPHON           CIRCULAR     7.00       0          0          0          1
BI5              RECT_CLOSED  8.00       10.00      0          0          1
BI6              RECT_CLOSED  8.00       10.00      0          0          1
BI7              RECT_CLOSED  10.00      10.00      0          0          1
BI8              CIRCULAR     4.50       0          0          0          1
HP9OF            RECT_CLOSED  13.25      17.00      0          0          1
BB2-1            CIRCULAR     2.00       0          0          0          1
BB2-2            CIRCULAR     3.00       0          0          0          1
BB2-3            CIRCULAR     6.00       0          0          0          1
BB2-4            CIRCULAR     1.50       0          0          0          1
20               RECT_CLOSED  7.25       12.00      0          0          1
HP8OF            RECT_CLOSED  8.17       12.00      0          0          1
HP7OF            RECT_CLOSED  11.50      7.00       0          0          1
BI4              RECT_CLOSED  8.00       10.00      0          0          1
BI3              RECT_CLOSED  8.00       10.00      0          0          1
BI2              RECT_CLOSED  7.00       8.00       0          0          1
BI1              CIRCULAR     2.00       0          0          0          1
HP6OF            RECT_CLOSED  9.00       13.00      0          0          2
4                RECT_CLOSED  8.00       8.75       0          0          1
2                RECT_CLOSED  8.00       11.00      0          0          1
1                RECT_CLOSED  9.00       13.00      0          0          2
3                RECT_CLOSED  8.00       12.00      0          0          1
6                RECT_CLOSED  8.00       10.50      0          0          1
5                RECT_CLOSED  8.00       12.00      0          0          1
9                RECT_CLOSED  8.00       8.50       0          0          1
8                RECT_CLOSED  8.00       8.50       0          0          1
7                RECT_CLOSED  8.00       8.50       0          0          1
10               RECT_CLOSED  8.00       14.00      0          0          1
11               RECT_CLOSED  7.17       11.00      0          0          1
13               CIRCULAR     3.50       0          0          0          1
12               CIRCULAR     4.00       0          0          0          1
14               RECT_CLOSED  8.67       11.00      0          0          1
15               RECT_CLOSED  8.17       12.00      0          0          1
16               RECT_CLOSED  11.58      13.50      0          0          1
WPCP             RECT_CLOSED  10.00      10.00      0          0          1
22               RECT_CLOSED  11.00      7.25       0          0          1
21               RECT_CLOSED  6.25       6.25       0          0          1
201              RECT_CLOSED  7.25       12.00      0          0          1
19               RECT_CLOSED  8.50       7.08       0          0          1
18               RECT_CLOSED  8.08       10.00      0          0          1
17               RECT_CLOSED  8.50       10.00      0          0          1
23               RECT_CLOSED  5.92       6.00       0          0          1
27               RECT_CLOSED  3.58       3.00       0          0          1
26               RECT_CLOSED  4.08       3.00       0          0          1
25               RECT_CLOSED  4.83       3.75       0          0          1
24               RECT_CLOSED  5.58       3.83       0          0          1
30               RECT_CLOSED  7.50       6.67       0          0          1
28               RECT_CLOSED  8.00       6.75       0          0          1
31               RECT_CLOSED  8.50       8.00       0          0          1
29               RECT_CLOSED  8.50       8.00       0          0          1
35               RECT_CLOSED  3.00       2.17       0          0          1
34               RECT_CLOSED  2.33       3.50       0          0          1
32               RECT_CLOSED  3.17       4.75       0          0          1
33               RECT_CLOSED  2.33       3.50       0          0          1
42               CIRCULAR     4.50       0          0          0          1
41               CIRCULAR     5.00       0          0          0          1
40               RECT_CLOSED  6.00       5.00       0          0          1
39               RECT_CLOSED  6.00       5.67       0          0          1
38               RECT_CLOSED  6.25       5.75       0          0          1
37               RECT_CLOSED  8.50       7.50       0          0          1
36               RECT_CLOSED  7.50       6.25       0          0          1
75               RECT_CLOSED  3.00       2.17       0          0          1
74               CIRCULAR     3.00       0          0          0          1
72               RECT_CLOSED  5.25       5.00       0          0          1
73               CIRCULAR     4.00       0          0          0          1
71               RECT_CLOSED  3.00       2.17       0          0          1
70               RECT_CLOSED  4.67       3.50       0          0          1
68               CIRCULAR     5.00       0          0          0          1
66               CIRCULAR     5.25       0          0          0          1
69               RECT_CLOSED  6.00       5.25       0          0          1
67               RECT_CLOSED  6.00       5.25       0          0          1
65               CIRCULAR     6.50       0          0          0          1
64               CIRCULAR     5.50       0          0          0          1
63               CIRCULAR     6.50       0          0          0          1
198              RECT_CLOSED  3.00       2.16       0          0          1
62               RECT_CLOSED  6.17       6.50       0          0          1
61               RECT_CLOSED  6.50       5.50       0          0          1
60               RECT_CLOSED  7.00       8.25       0          0          1
57               RECT_CLOSED  3.00       2.17       0          0          1
59               RECT_CLOSED  6.00       12.00      0          0          1
28AOF            RECT_CLOSED  7.00       5.50       0          0          1
HP24OF           RECT_CLOSED  8.00       8.00       0          0          1
51               RECT_CLOSED  9.92       10.50      0          0          1
50               RECT_CLOSED  9.42       11.00      0          0          1
49               RECT_CLOSED  9.75       11.00      0          0          1
48               RECT_CLOSED  9.75       11.00      0          0          1
47               RECT_CLOSED  9.58       12.00      0          0          1
46               RECT_CLOSED  9.58       12.00      0          0          1
45               RECT_CLOSED  10.00      12.50      0          0          1
44               RECT_CLOSED  9.92       12.50      0          0          1
43               RECT_CLOSED  10.41      13.00      0          0          1
52               RECT_CLOSED  5.08       10.00      0          0          2
53               RECT_CLOSED  5.08       10.00      0          0          2
82               RECT_CLOSED  8.00       11.25      0          0          1
HP21OF           RECT_CLOSED  6.00       9.00       0          0          1
80               RECT_CLOSED  8.00       11.25      0          0          1
81               RECT_CLOSED  8.00       11.50      0          0          1
88               RECT_CLOSED  8.00       14.00      0          0          1
83               RECT_CLOSED  8.00       10.00      0          0          2
94               RECT_CLOSED  6.00       5.50       0          0          1
98               RECT_CLOSED  6.50       7.50       0          0          1
97               RECT_CLOSED  6.67       5.00       0          0          2
96               RECT_CLOSED  7.00       5.00       0          0          2
95               RECT_CLOSED  6.00       5.25       0          0          1
HP22OF           CIRCULAR     4.50       0          0          0          1
93               RECT_CLOSED  6.00       6.75       0          0          1
99               RECT_CLOSED  5.68       4.50       0          0          1
85               RECT_CLOSED  8.00       10.00      0          0          2
84               RECT_CLOSED  8.00       10.00      0          0          2
89               RECT_CLOSED  8.00       14.00      0          0          1
90               RECT_CLOSED  8.00       14.00      0          0          1
92               RECT_CLOSED  8.00       14.00      0          0          1
91               RECT_CLOSED  8.00       14.00      0          0          1
87               RECT_CLOSED  8.00       8.25       0          0          2
86               RECT_CLOSED  8.50       8.75       0          0          2
104              RECT_CLOSED  8.00       12.00      0          0          1
102              RECT_CLOSED  8.00       12.50      0          0          1
100              RECT_CLOSED  8.00       14.00      0          0          1
101              RECT_CLOSED  8.00       9.00       0          0          1
103              RECT_CLOSED  8.00       6.50       0          0          1
108              RECT_CLOSED  8.00       9.50       0          0          1
107              CIRCULAR     4.00       0          0          0          1
110              RECT_CLOSED  8.00       7.00       0          0          1
109              RECT_CLOSED  3.83       2.83       0          0          1
106              CIRCULAR     5.00       0          0          0          1
182              RECT_CLOSED  5.50       5.00       0          0          1
181              RECT_CLOSED  6.00       5.50       0          0          1
180              RECT_CLOSED  6.00       5.50       0          0          1
179              RECT_CLOSED  10.00      8.50       0          0          1
178              RECT_CLOSED  10.00      8.50       0          0          1
177              RECT_CLOSED  10.00      8.50       0          0          1
176              RECT_CLOSED  10.00      8.50       0          0          1
175              RECT_CLOSED  10.00      8.50       0          0          1
174              RECT_CLOSED  10.00      8.50       0          0          1
173              RECT_CLOSED  10.00      8.50       0          0          1
172              RECT_CLOSED  10.00      8.50       0          0          1
171              CIRCULAR     10.00      0          0          0          1
170              CIRCULAR     10.00      0          0          0          1
159              CIRCULAR     10.00      0          0          0          1
158              CIRCULAR     3.00       0          0          0          1
157              CIRCULAR     4.25       0          0          0          1
156              CIRCULAR     11.00      0          0          0          1
160              CIRCULAR     4.50       0          0          0          1
154              RECT_CLOSED  10.00      8.50       0          0          1
155              CIRCULAR     4.75       0          0          0          1
152              RECT_CLOSED  7.75       7.00       0          0          1
151              RECT_CLOSED  10.00      11.00      0          0          1
122              RECT_CLOSED  6.50       8.75       0          0          1
HP23OF           RECT_CLOSED  8.00       10.00      0          0          1
123              RECT_CLOSED  8.00       10.00      0          0          1
121              RECT_CLOSED  8.00       13.00      0          0          1
120              RECT_CLOSED  8.00       7.00       0          0          1
127              RECT_CLOSED  8.00       9.25       0          0          1
125              RECT_CLOSED  7.00       10.00      0          0          1
150              CIRCULAR     11.00      0          0          0          1
126              RECT_CLOSED  11.00      10.00      0          0          1
128              RECT_CLOSED  4.50       6.00       0          0          1
129              RECT_CLOSED  8.00       9.25       0          0          1
134              RECT_CLOSED  6.00       5.00       0          0          1
135              RECT_CLOSED  7.00       6.50       0          0          1
136              RECT_CLOSED  7.00       6.50       0          0          1
153              RECT_CLOSED  7.50       7.00       0          0          1
133              RECT_CLOSED  6.50       7.50       0          0          1
131              RECT_CLOSED  6.50       7.50       0          0          1
130              RECT_CLOSED  8.00       8.25       0          0          1
132              CIRCULAR     3.50       0          0          0          1
137              RECT_CLOSED  6.00       5.00       0          0          1
138              RECT_CLOSED  6.50       6.50       0          0          1
139              RECT_CLOSED  5.50       5.00       0          0          1
140              RECT_CLOSED  6.50       6.50       0          0          1
143              RECT_CLOSED  5.50       5.00       0          0          1
141              RECT_CLOSED  5.50       6.00       0          0          1
142              RECT_CLOSED  5.50       6.00       0          0          1
145              RECT_CLOSED  5.50       5.00       0          0          1
144              RECT_CLOSED  5.50       4.50       0          0          1
147              RECT_CLOSED  5.50       5.00       0          0          1
146              RECT_CLOSED  5.50       5.00       0          0          1
124              RECT_CLOSED  8.00       9.25       0          0          1
27A1DWF          RECT_CLOSED  8.00       10.00      0          0          1
56               RECT_CLOSED  8.00       10.17      0          0          1
55               RECT_CLOSED  5.08       9.50       0          0          1
R5ORIF           RECT_CLOSED  1.00       0          0          0          
ORIF 1           RECT_CLOSED  4.00       0          0          0          
ORIF             RECT_CLOSED  2.50       0          0          0          
ORIF 1           RECT_CLOSED  2.50       0          0          0          
R10ORIF          RECT_CLOSED  2.50       0          0          0          
r8orif           RECT_CLOSED  2.00       0          0          0          
R9ORIF           RECT_CLOSED  4.00       0          0          0          
R5WEIR           RECT_OPEN    0          26.00      0          0          
R6WEIR           RECT_OPEN    0          8.00       0          0          
WEIR             RECT_OPEN    0          8.75       0          0          
WEIR             RECT_OPEN    0          21.00      0          0          
R10WEIR          RECT_OPEN    0          15.00      0          0          
R8WEIR           RECT_OPEN    0          9.00       0          0          
R9WEIR           RECT_OPEN    0          12.00      0          0          
R9AWEIR          RECT_OPEN    0          4.00       0          0          
CSO25WEIR        RECT_OPEN    0          60.00      0          0          
CSO26WEIR        RECT_OPEN    0          0          0          0          
CSO27WEIR        RECT_OPEN    0          42.25      0          0          
27A1WEIR         RECT_OPEN    0          26.33      0          0          
27A2WEIR         RECT_OPEN    0          0          0          0          
28AWEIR          RECT_OPEN    0          12.00      0          0          
28WEIR           RECT_OPEN    0          0          0          0          

[LOSSES]
;;Link           Inlet      Outlet     Average    Flap Gate
;;-------------- ---------- ---------- ---------- ----------
HP12OF           0          0          0          NO
BB1-2            0          0          0          NO
BB1-1            0          0          0          NO
SIPHON           0          0          0          NO
BI5              0          0          0          NO
BI6              0          0          0          NO
BI7              0          0          0          NO
BI8              0          0          0          NO
HP9OF            0          0          0          NO
BB2-1            0          0          0          NO
BB2-2            0          0          0          NO
BB2-3            0          0          0          NO
BB2-4            0          0          0          NO
20               0          0          0          NO
HP8OF            0          0          0          NO
HP7OF            0          0          0          NO
BI4              0          0          0          NO
BI3              0          0          0          NO
BI2              0          0          0          NO
BI1              0          0          0          NO
HP6OF            0          0          0          NO
4                0          0          0          NO
2                0          0          0          NO
1                0          0          0          NO
3                0          0          0          NO
6                0          0          0          NO
5                0          0          0          NO
9                0          0          0          NO
8                0          0          0          NO
7                0          0          0          NO
10               0          0          0          NO
11               0          0          0          NO
13               0          0          0          NO
12               0          0          0          NO
14               0          0          0          NO
15               0          0          0          NO
16               0          0          0          NO
WPCP             0          0          0          NO
22               0          0          0          NO
21               0          0          0          NO
201              0          0          0          NO
19               0          0          0          NO
18               0          0          0          NO
17               0          0          0          NO
23               0          0          0          NO
27               0          0          0          NO
26               0          0          0          NO
25               0          0          0          NO
24               0          0          0          NO
30               0          0          0          NO
28               0          0          0          NO
31               0          0          0          NO
29               0          0          0          NO
35               0          0          0          NO
34               0          0          0          NO
32               0          0          0          NO
33               0          0          0          NO
42               0          0          0          NO
41               0          0          0          NO
40               0          0          0          NO
39               0          0          0          NO
38               0          0          0          NO
37               0          0          0          NO
36               0          0          0          NO
75               0          0          0          NO
74               0          0          0          NO
72               0          0          0          NO
73               0          0          0          NO
71               0          0          0          NO
70               0          0          0          NO
68               0          0          0          NO
66               0          0          0          NO
69               0          0          0          NO
67               0          0          0          NO
65               0          0          0          NO
64               0          0          0          NO
63               0          0          0          NO
198              0          0          0          NO
62               0          0          0          NO
61               0          0          0          NO
60               0          0          0          NO
57               0          0          0          NO
59               0          0          0          NO
28AOF            0          0          0          NO
HP24OF           0          0          0          NO
51               0          0          0          NO
50               0          0          0          NO
49               0          0          0          NO
48               0          0          0          NO
47               0          0          0          NO
46               0          0          0          NO
45               0          0          0          NO
44               0          0          0          NO
43               0          0          0          NO
52               0          0          0          NO
53               0          0          0          NO
82               0          0          0          NO
HP21OF           0          0          0          NO
80               0          0          0          NO
81               0          0          0          NO
88               0          0          0          NO
83               0          0          0          NO
94               0          0          0          NO
98               0          0          0          NO
97               0          0          0          NO
96               0          0          0          NO
95               0          0          0          NO
HP22OF           0          0          0          NO
93               0          0          0          NO
99               0          0          0          NO
85               0          0          0          NO
84               0          0          0          NO
89               0          0          0          NO
90               0          0          0          NO
92               0          0          0          NO
91               0          0          0          NO
87               0          0          0          NO
86               0          0          0          NO
104              0          0          0          NO
102              0          0          0          NO
100              0          0          0          NO
101              0          0          0          NO
103              0          0          0          NO
108              0          0          0          NO
107              0          0          0          NO
110              0          0          0          NO
109              0          0          0          NO
106              0          0          0          NO
182              0          0          0          NO
181              0          0          0          NO
180              0          0          0          NO
179              0          0          0          NO
178              0          0          0          NO
177              0          0          0          NO
176              0          0          0          NO
175              0          0          0          NO
174              0          0          0          NO
173              0          0          0          NO
172              0          0          0          NO
171              0          0          0          NO
170              0          0          0          NO
159              0          0          0          NO
158              0          0          0          NO
157              0          0          0          NO
156              0          0          0          NO
160              0          0          0          NO
154              0          0          0          NO
155              0          0          0          NO
152              0          0          0          NO
151              0          0          0          NO
122              0          0          0          NO
HP23OF           0          0          0          NO
123              0          0          0          NO
121              0          0          0          NO
120              0          0          0          NO
127              0          0          0          NO
125              0          0          0          NO
150              0          0          0          NO
126              0          0          0          NO
128              0          0          0          NO
129              0          0          0          NO
134              0          0          0          NO
135              0          0          0          NO
136              0          0          0          NO
153              0          0          0          NO
133              0          0          0          NO
131              0          0          0          NO
130              0          0          0          NO
132              0          0          0          NO
137              0          0          0          NO
138              0          0          0          NO
139              0          0          0          NO
140              0          0          0          NO
143              0          0          0          NO
141              0          0          0          NO
142              0          0          0          NO
145              0          0          0          NO
144              0          0          0          NO
147              0          0          0          NO
146              0          0          0          NO
124              0          0          0          NO
27A1DWF          0          0          0          NO
56               0          0          0          NO
55               0          0          0          NO

[INFLOWS]
;;Node           Constituent  Time Series      Type     Mfactor  Sfactor  Baseline Pattern
;;-------------- ------------ ---------------- -------- -------- -------- -------- --------
R5               FLOW         ""               FLOW     1.0      1.0      0.01
R5-O             FLOW         ""               FLOW     1.0      1.0      0.01
R5-W             FLOW         ""               FLOW     1.0      1.0      0.01
R6               FLOW         ""               FLOW     1.0      1.0      0.01
R6-O             FLOW         ""               FLOW     1.0      1.0      0.01
R7               FLOW         ""               FLOW     1.0      1.0      0.01
R7-W             FLOW         ""               FLOW     1.0      1.0      0.01
R7-O             FLOW         ""               FLOW     1.0      1.0      0.01
R9A              FLOW         ""               FLOW     1.0      1.0      0.01
R9A-W            FLOW         ""               FLOW     1.0      1.0      0.01
HP8              FLOW         ""               FLOW     1.0      1.0      0.01
R9-O             FLOW         ""               FLOW     1.0      1.0      0.01
R9               FLOW         ""               FLOW     1.0      1.0      0.01
R9-W             FLOW         ""               FLOW     1.0      1.0      0.01
R8-W             FLOW         ""               FLOW     1.0      1.0      0.01
R8-O             FLOW         ""               FLOW     1.0      1.0      0.01
HP9              FLOW         ""               FLOW     1.0      1.0      0.01
JC2              FLOW         ""               FLOW     1.0      1.0      0.01
JC1              FLOW         ""               FLOW     1.0      1.0      0.01
R10              FLOW         ""               FLOW     1.0      1.0      0.01
R10-O            FLOW         ""               FLOW     1.0      1.0      0.01
R10-W            FLOW         ""               FLOW     1.0      1.0      0.01
R13              FLOW         ""               FLOW     1.0      1.0      0.01
R13-W            FLOW         ""               FLOW     1.0      1.0      0.01
R13-O            FLOW         ""               FLOW     1.0      1.0      0.01
HP12             FLOW         ""               FLOW     1.0      1.0      0.01
IMH2             FLOW         ""               FLOW     1.0      1.0      0.01
DTCHAM           FLOW         ""               FLOW     1.0      1.0      0.01
IMH3             FLOW         ""               FLOW     1.0      1.0      0.01
IMH4             FLOW         ""               FLOW     1.0      1.0      0.01
IMH1             FLOW         ""               FLOW     1.0      1.0      0.01
IMH5             FLOW         ""               FLOW     1.0      1.0      0.01
HP7              FLOW         ""               FLOW     1.0      1.0      0.01
HP6              FLOW         ""               FLOW     1.0      1.0      0.01
C2               FLOW         ""               FLOW     1.0      1.0      0.50
C1               FLOW         ""               FLOW     1.0      1.0      0.50
CSO24            FLOW         ""               FLOW     1.0      1.0      106.00
C3               FLOW         ""               FLOW     1.0      1.0      6.00
ILS1             FLOW         ""               FLOW     1.0      1.0      0.01
C5               FLOW         ""               FLOW     1.0      1.0      0.01
C4               FLOW         ""               FLOW     1.0      1.0      1.00
C6               FLOW         ""               FLOW     1.0      1.0      0.01
C7               FLOW         ""               FLOW     1.0      1.0      1.00
C9               FLOW         ""               FLOW     1.0      1.0      1.00
C8               FLOW         ""               FLOW     1.0      1.0      1.00
C11              FLOW         ""               FLOW     1.0      1.0      0.01
C10              FLOW         ""               FLOW     1.0      1.0      0.01
C12              FLOW         ""               FLOW     1.0      1.0      0.01
WPCPOF           FLOW         ""               FLOW     1.0      1.0      0.01
C13              FLOW         ""               FLOW     1.0      1.0      0.01
C14              FLOW         ""               FLOW     1.0      1.0      1.00
IO54             FLOW         ""               FLOW     1.0      1.0      1.00
C15              FLOW         ""               FLOW     1.0      1.0      1.00
C16              FLOW         ""               FLOW     1.0      1.0      1.50
C17              FLOW         ""               FLOW     1.0      1.0      1.50
C18              FLOW         ""               FLOW     1.0      1.0      1.00
C19              FLOW         ""               FLOW     1.0      1.0      1.00
C20              FLOW         ""               FLOW     1.0      1.0      1.00
C21              FLOW         ""               FLOW     1.0      1.0      1.00
C26              FLOW         ""               FLOW     1.0      1.0      1.00
C27              FLOW         ""               FLOW     1.0      1.0      1.00
C28              FLOW         ""               FLOW     1.0      1.0      1.00
C29              FLOW         ""               FLOW     1.0      1.0      1.00
C22              FLOW         ""               FLOW     1.0      1.0      1.00
C23              FLOW         ""               FLOW     1.0      1.0      1.00
C24              FLOW         ""               FLOW     1.0      1.0      1.00
C25              FLOW         ""               FLOW     1.0      1.0      1.00
C30              FLOW         ""               FLOW     1.0      1.0      0.01
C31              FLOW         ""               FLOW     1.0      1.0      1.00
C32              FLOW         ""               FLOW     1.0      1.0      1.00
C33              FLOW         ""               FLOW     1.0      1.0      1.00
C34              FLOW         ""               FLOW     1.0      1.0      1.00
C35              FLOW         ""               FLOW     1.0      1.0      1.00
C63              FLOW         ""               FLOW     1.0      1.0      1.00
C62              FLOW         ""               FLOW     1.0      1.0      1.00
C64              FLOW         ""               FLOW     1.0      1.0      0.01
C58              FLOW         ""               FLOW     1.0      1.0      0.01
C61              FLOW         ""               FLOW     1.0      1.0      1.00
C59              FLOW         ""               FLOW     1.0      1.0      0.01
C60              FLOW         ""               FLOW     1.0      1.0      1.00
C57              FLOW         ""               FLOW     1.0      1.0      1.00
C56              FLOW         ""               FLOW     1.0      1.0      1.00
C52              FLOW         ""               FLOW     1.0      1.0      1.00
C53              FLOW         ""               FLOW     1.0      1.0      1.00
C54              FLOW         ""               FLOW     1.0      1.0      1.00
C55              FLOW         ""               FLOW     1.0      1.0      1.00
C50              FLOW         ""               FLOW     1.0      1.0      1.00
C51              FLOW         ""               FLOW     1.0      1.0      1.00
C49              FLOW         ""               FLOW     1.0      1.0      0.01
C48              FLOW         ""               FLOW     1.0      1.0      1.00
CSO28A           FLOW         ""               FLOW     1.0      1.0      0.01
CSO28AW          FLOW         ""               FLOW     1.0      1.0      0.01
C47              FLOW         ""               FLOW     1.0      1.0      1.00
CSO28W           FLOW         ""               FLOW     1.0      1.0      0.01
HP24             FLOW         ""               FLOW     1.0      1.0      0.01
C46              FLOW         ""               FLOW     1.0      1.0      1.00
C44              FLOW         ""               FLOW     1.0      1.0      1.00
C43              FLOW         ""               FLOW     1.0      1.0      1.00
C42              FLOW         ""               FLOW     1.0      1.0      1.00
C41              FLOW         ""               FLOW     1.0      1.0      1.00
C40              FLOW         ""               FLOW     1.0      1.0      0.01
C39              FLOW         ""               FLOW     1.0      1.0      1.00
C38              FLOW         ""               FLOW     1.0      1.0      1.00
C37              FLOW         ""               FLOW     1.0      1.0      1.00
C36              FLOW         ""               FLOW     1.0      1.0      1.00
C45              FLOW         ""               FLOW     1.0      1.0      1.00
HP21             FLOW         ""               FLOW     1.0      1.0      0.01
ILS1A            FLOW         ""               FLOW     1.0      1.0      0.01
C65              FLOW         ""               FLOW     1.0      1.0      0.01
CSO25            FLOW         ""               FLOW     1.0      1.0      0.01
CSO25W           FLOW         ""               FLOW     1.0      1.0      0.01
C94              FLOW         ""               FLOW     1.0      1.0      0.01
C90              FLOW         ""               FLOW     1.0      1.0      0.01
C70              FLOW         ""               FLOW     1.0      1.0      0.01
C71              FLOW         ""               FLOW     1.0      1.0      0.01
CSO26            FLOW         ""               FLOW     1.0      1.0      0.01
CSO26W           FLOW         ""               FLOW     1.0      1.0      0.01
HP22             FLOW         ""               FLOW     1.0      1.0      0.01
C72              FLOW         ""               FLOW     1.0      1.0      1.00
C73              FLOW         ""               FLOW     1.0      1.0      1.00
C74              FLOW         ""               FLOW     1.0      1.0      1.00
C75              FLOW         ""               FLOW     1.0      1.0      1.00
C95              FLOW         ""               FLOW     1.0      1.0      2.00
C91              FLOW         ""               FLOW     1.0      1.0      1.00
C96              FLOW         ""               FLOW     1.0      1.0      3.00
C92              FLOW         ""               FLOW     1.0      1.0      1.00
C97              FLOW         ""               FLOW     1.0      1.0      1.00
C93              FLOW         ""               FLOW     1.0      1.0      1.00
IO7              FLOW         ""               FLOW     1.0      1.0      0.01
C84              FLOW         ""               FLOW     1.0      1.0      1.00
I/O52            FLOW         ""               FLOW     1.0      1.0      0.01
C80              FLOW         ""               FLOW     1.0      1.0      1.00
C81              FLOW         ""               FLOW     1.0      1.0      3.00
C82              FLOW         ""               FLOW     1.0      1.0      0.01
C85              FLOW         ""               FLOW     1.0      1.0      0.01
C86              FLOW         ""               FLOW     1.0      1.0      1.00
C87              FLOW         ""               FLOW     1.0      1.0      0.01
C142             FLOW         ""               FLOW     1.0      1.0      1.00
C141             FLOW         ""               FLOW     1.0      1.0      1.00
C140             FLOW         ""               FLOW     1.0      1.0      1.00
C139             FLOW         ""               FLOW     1.0      1.0      1.00
C138             FLOW         ""               FLOW     1.0      1.0      1.00
C137             FLOW         ""               FLOW     1.0      1.0      1.00
C136             FLOW         ""               FLOW     1.0      1.0      1.00
C135             FLOW         ""               FLOW     1.0      1.0      1.00
C134             FLOW         ""               FLOW     1.0      1.0      1.00
C133             FLOW         ""               FLOW     1.0      1.0      1.00
C132             FLOW         ""               FLOW     1.0      1.0      1.00
C131             FLOW         ""               FLOW     1.0      1.0      1.00
C130             FLOW         ""               FLOW     1.0      1.0      1.00
C127             FLOW         ""               FLOW     1.0      1.0      1.00
C126             FLOW         ""               FLOW     1.0      1.0      0.01
C125             FLOW         ""               FLOW     1.0      1.0      1.00
C124             FLOW         ""               FLOW     1.0      1.0      0.01
IO12             FLOW         ""               FLOW     1.0      1.0      1.00
C123             FLOW         ""               FLOW     1.0      1.0      1.00
C122             FLOW         ""               FLOW     1.0      1.0      0.01
C120             FLOW         ""               FLOW     1.0      1.0      0.01
C121             FLOW         ""               FLOW     1.0      1.0      0.01
CSO27A1          FLOW         ""               FLOW     1.0      1.0      0.01
C102             FLOW         ""               FLOW     1.0      1.0      1.00
HP23             FLOW         ""               FLOW     1.0      1.0      0.01
ILS3             FLOW         ""               FLOW     1.0      1.0      0.01
C100             FLOW         ""               FLOW     1.0      1.0      0.01
CSO27AW          FLOW         ""               FLOW     1.0      1.0      0.01
CSO27A2          FLOW         ""               FLOW     1.0      1.0      0.01
C101             FLOW         ""               FLOW     1.0      1.0      0.01
CSO27            FLOW         ""               FLOW     1.0      1.0      0.01
CSO27W           FLOW         ""               FLOW     1.0      1.0      0.01
C103             FLOW         ""               FLOW     1.0      1.0      0.01
C104             FLOW         ""               FLOW     1.0      1.0      1.00
C105             FLOW         ""               FLOW     1.0      1.0      2.00
C106             FLOW         ""               FLOW     1.0      1.0      1.00
C107             FLOW         ""               FLOW     1.0      1.0      1.00
IO28             FLOW         ""               FLOW     1.0      1.0      0.01
JC3              FLOW         ""               FLOW     1.0      1.0      0.01
C109             FLOW         ""               FLOW     1.0      1.0      0.01
C110             FLOW         ""               FLOW     1.0      1.0      1.00
C108             FLOW         ""               FLOW     1.0      1.0      1.00
C111             FLOW         ""               FLOW     1.0      1.0      1.00
C112             FLOW         ""               FLOW     1.0      1.0      1.00
C113             FLOW         ""               FLOW     1.0      1.0      0.01
IO49             FLOW         ""               FLOW     1.0      1.0      0.01
C115             FLOW         ""               FLOW     1.0      1.0      1.00
C114             FLOW         ""               FLOW     1.0      1.0      1.00
IO48             FLOW         ""               FLOW     1.0      1.0      0.01
C117             FLOW         ""               FLOW     1.0      1.0      1.00
C116             FLOW         ""               FLOW     1.0      1.0      1.00
CSO28            FLOW         ""               FLOW     1.0      1.0      0.01

[COORDINATES]
;;Node           X-Coord            Y-Coord
;;-------------- ------------------ ------------------
R5               133.50             88.51             
R5-O             133.72             89.04             
R5-W             134.16             88.78             
R6               126.58             86.71             
R6-W             127.45             86.90             
R6-O             127.03             87.18             
R7               126.96             83.84             
R7-W             127.53             83.96             
R7-O             127.38             83.24             
R9A              133.51             35.62             
R9A-W            133.66             35.24             
HP8              134.91             33.95             
R9-O             131.12             34.88             
R9               130.95             34.46             
R9-W             131.42             34.50             
R8-W             129.99             29.39             
R8               128.98             29.06             
R8-O             129.57             29.81             
HP9              141.29             57.66             
JC2              135.35             42.06             
JC1              130.35             40.35             
R10              133.45             54.33             
R10-O            133.78             53.66             
R10-W            133.93             54.83             
R13              122.60             65.10             
R13-W            122.98             64.73             
R13-O            123.01             65.19             
HP12             123.71             64.09             
IMH2             124.81             66.07             
DTCHAM           125.57             66.75             
IMH3             126.14             63.58             
IMH4             127.82             62.06             
IMH1             124.97             74.28             
IMH5             128.98             34.12             
HP7              132.12             30.15             
HP6              136.34             89.39             
C2               132.39             85.19             
C1               132.36             88.27             
CSO24            120.86             89.09             
C3               121.75             85.54             
ILS1             122.60             73.19             
C5               125.33             75.17             
C4               124.44             82.78             
C6               120.77             65.21             
C7               124.75             21.21             
C9               135.37             40.46             
C8               133.67             39.66             
C11              126.75             33.14             
C10              129.36             33.94             
C12              129.67             49.49             
WPCPOF           137.29             43.07             
C13              124.06             31.70             
C14              122.15             27.63             
IO54             120.65             24.36             
C15              119.10             25.54             
C16              123.98             18.91             
C17              118.42             10.13             
C18              116.70             11.13             
C19              112.36             13.28             
C20              109.65             14.63             
C21              109.30             13.04             
C26              117.22             28.43             
C27              115.77             29.58             
C28              113.06             31.01             
C29              109.99             30.87             
C22              114.62             22.82             
C23              114.39             23.49             
C24              108.03             23.15             
C25              108.09             23.73             
C30              105.54             25.74             
C31              104.04             26.86             
C32              102.60             28.78             
C33              99.87              29.80             
C34              96.86              28.28             
C35              95.92              26.08             
C63              69.38              36.36             
C62              70.89              39.72             
C64              70.73              40.13             
C58              68.49              42.27             
C61              68.00              41.23             
C59              66.52              44.28             
C60              63.57              46.07             
C57              71.62              42.68             
C56              71.96              42.73             
C52              76.64              45.43             
C53              76.79              45.81             
C54              72.92              46.83             
C55              72.85              47.40             
C50              82.26              42.53             
C51              82.60              43.01             
C49              85.32              41.78             
C48              88.00              48.45             
CSO28A           88.79              50.52             
CSO28AW          89.26              50.48             
C47              85.21              53.37             
CSO28W           91.64              48.84             
HP24             92.92              49.68             
C46              93.73              46.20             
C44              101.87             41.01             
C43              105.05             40.11             
C42              107.90             39.51             
C41              111.40             38.48             
C40              113.97             40.98             
C39              116.48             41.96             
C38              119.27             42.80             
C37              122.25             43.72             
C36              126.09             44.96             
C45              97.70              44.01             
HP21             124.47             64.95             
ILS1A            123.92             66.32             
C65              123.26             67.23             
CSO25            120.35             65.71             
CSO25W           120.85             65.65             
C94              117.80             64.62             
C90              117.85             64.95             
C70              120.83             58.37             
C71              119.37             53.94             
CSO26            115.70             49.67             
CSO26W           116.17             49.79             
HP22             117.80             47.93             
C72              114.02             49.24             
C73              111.19             48.28             
C74              108.14             47.58             
C75              104.84             46.59             
C95              115.10             63.75             
C91              115.21             64.31             
C96              112.33             63.02             
C92              112.27             63.50             
C97              109.78             62.34             
C93              109.86             62.84             
IO7              106.74             61.65             
C84              99.96              61.54             
I/O52            100.16             60.04             
C80              106.57             63.34             
C81              103.99             61.09             
C82              103.80             62.61             
C85              97.09              59.13             
C86              96.98              60.72             
C87              93.39              58.06             
C142             8.11               88.26             
C141             10.30              84.80             
C140             12.52              82.28             
C139             16.62              79.46             
C138             18.46              78.71             
C137             23.10              74.99             
C136             25.72              73.41             
C135             29.23              71.20             
C134             33.63              69.54             
C133             42.13              66.25             
C132             44.48              63.01             
C131             49.28              63.53             
C130             57.32              63.92             
C127             62.44              63.79             
C126             68.26              63.21             
C125             66.66              67.09             
C124             71.97              64.05             
IO12             68.34              64.21             
C123             71.77              65.99             
C122             75.25              67.35             
C120             77.59              65.34             
C121             75.83              64.92             
CSO27A1          84.48              60.66             
C102             85.91              63.24             
HP23             91.59              51.15             
ILS3             91.29              52.56             
C100             86.63              57.79             
CSO27AW          84.81              60.14             
CSO27A2          84.95              60.67             
C101             87.13              58.33             
CSO27            91.79              54.97             
CSO27W           92.09              54.70             
C103             83.36              62.37             
C104             83.16              70.29             
C105             82.61              72.21             
C106             80.41              71.27             
C107             79.11              77.95             
IO28             76.12              77.14             
JC3              76.44              75.80             
C109             76.64              71.17             
C110             75.46              68.40             
C108             76.91              83.89             
C111             73.33              75.83             
C112             73.21              77.23             
C113             71.44              77.27             
IO49             70.62              75.87             
C115             68.38              77.43             
C114             68.57              76.00             
IO48             66.84              77.59             
C117             62.29              77.44             
C116             64.66              77.59             
CSO28            90.98              48.31             

[MAP]
DIMENSIONS 8.11 10.13 141.29 89.39
Units      None

[REPORT]
INPUT            YES
SUBCATCHMENTS    ALL
NODES            ALL
LINKS            ALL



