;; SWMM5 .inp converted from XPSWMM .xp file
;; Generated by XPSWMM Card Reader
;; Source format: XP_CARD | Original title: Kitching Creek Westside Model

[TITLE]
;;Project Title/Notes
Kitching Creek Westside Model

[OPTIONS]
FLOW_UNITS           CFS
INFILTRATION         HORTON
FLOW_ROUTING         DYNWAVE
LINK_OFFSETS         DEPTH
MIN_SLOPE            0.0
ALLOW_PONDING        NO
SKIP_STEADY_STATE    NO
ROUTING_STEP         00:00:60
VARIABLE_STEP        0.75
INERTIAL_DAMPING     PARTIAL
NORMAL_FLOW_LIMITED  BOTH
MAX_TRIALS           50
HEAD_TOLERANCE       0.0033

[JUNCTIONS]
;;Name           Elev       MaxDepth   InitDepth  SurDepth   Aponded
;;-------------- ---------- ---------- ---------- ---------- ----------
205              25.00      0          0          0          0
239              19.00      0          0          0          0
238              19.00      0          0          0          0
237              21.00      0          0          0          0
236              21.00      0          0          0          0
234              21.00      0          0          0          0
233              21.00      0          0          0          0
232              21.00      0          0          0          0
231              21.00      0          0          0          0
230              21.00      0          0          0          0
229              21.00      0          0          0          0
206              25.00      0          0          0          0
226              21.00      0          0          0          0
227              21.00      0          0          0          0
223              20.00      0          0          0          0
221              20.80      0          0          0          0
222              20.00      0          0          0          0
220              19.20      0          0          0          0
218              20.00      0          0          0          0
219              20.00      0          0          0          0
228              21.00      0          0          0          0
244              21.00      0          0          0          0
253              20.00      0          0          0          0
245              20.00      0          0          0          0
247              21.00      0          0          0          0
246              21.00      0          0          0          0
405              0          0          0          0          0
400              0          0          0          0          0
404              0          0          0          0          0
401              0          0          0          0          0
403              0          0          0          0          0
402              0          0          0          0          0
235              21.00      0          0          0          0
240              19.00      0          0          0          0
250              15.50      0          0          0          0
437              20.00      0          0          0          0
309              19.00      0          0          0          0
251              15.00      0          0          0          0
252              13.00      0          0          0          0
212              16.00      0          0          0          0
213              13.00      0          0          0          0
256              0          0          0          0          0
257              13.00      0          0          0          0
258              12.00      0          0          0          0
260              14.00      0          0          0          0
259              9.60       0          0          0          0
214              20.00      0          0          0          0
215              20.00      0          0          0          0
216              8.00       0          0          0          0
210              23.00      0          0          0          0
211              19.00      0          0          0          0
209              23.00      0          0          0          0
208              22.00      0          0          0          0
207              25.00      0          0          0          0
224              25.00      0          0          0          0
225              20.00      0          0          0          0
274              25.70      0          0          0          0
275              22.00      0          0          0          0
276              20.00      0          0          0          0
277              20.00      0          0          0          0
278              20.00      0          0          0          0
254              20.00      0          0          0          0
169              20.00      0          0          0          0
170              20.00      0          0          0          0
226.1            21.10      0          0          0          0
181              18.00      0          0          0          0
183              18.00      0          0          0          0
261              24.00      0          0          0          0
262              22.00      0          0          0          0
263              22.00      0          0          0          0
264              21.00      0          0          0          0
265              21.00      0          0          0          0
266              22.00      0          0          0          0
267              21.00      0          0          0          0
268              18.00      0          0          0          0
269              22.00      0          0          0          0
270              20.00      0          0          0          0
271              22.00      0          0          0          0
272              24.10      0          0          0          0
273              24.00      0          0          0          0
20               22.00      0          0          0          0
3                22.00      0          0          0          0
5                22.00      0          0          0          0
7                22.00      0          0          0          0
9                22.00      0          0          0          0
13               24.00      0          0          0          0
17               24.00      0          0          0          0
21               24.00      0          0          0          0
23               25.00      0          0          0          0
31               24.00      0          0          0          0
35               24.00      0          0          0          0
39               24.00      0          0          0          0
43               24.00      0          0          0          0
47               24.00      0          0          0          0
279              24.00      0          0          0          0
280              24.00      0          0          0          0
281              24.00      0          0          0          0
282              23.00      0          0          0          0
283              24.00      0          0          0          0
284              24.00      0          0          0          0
285              24.00      0          0          0          0
286              24.50      0          0          0          0
287              22.00      0          0          0          0
288              25.50      0          0          0          0
289              22.00      0          0          0          0
290              20.00      0          0          0          0
291              18.00      0          0          0          0
292              18.00      0          0          0          0
293              18.00      0          0          0          0
294              18.00      0          0          0          0
295              18.00      0          0          0          0
296              18.00      0          0          0          0
297              18.00      0          0          0          0
298              17.00      0          0          0          0
299              17.00      0          0          0          0
300              18.00      0          0          0          0
301              16.00      0          0          0          0
302              16.00      0          0          0          0
303              16.00      0          0          0          0
304              16.00      0          0          0          0
305              15.00      0          0          0          0
306              13.50      0          0          0          0
406              22.00      0          0          0          0
407              21.00      0          0          0          0
408              19.00      0          0          0          0
409              20.00      0          0          0          0
410              20.00      0          0          0          0
411              20.00      0          0          0          0
412              20.00      0          0          0          0
413              20.00      0          0          0          0
414              19.00      0          0          0          0
415              20.00      0          0          0          0
416              20.00      0          0          0          0
417              20.00      0          0          0          0
418              20.00      0          0          0          0
419              23.00      0          0          0          0
420              23.00      0          0          0          0
421              23.00      0          0          0          0
422              20.00      0          0          0          0
423              20.00      0          0          0          0
424              18.00      0          0          0          0
425              18.00      0          0          0          0
426              18.00      0          0          0          0
427              18.00      0          0          0          0
428              20.00      0          0          0          0
429              20.00      0          0          0          0
430              20.00      0          0          0          0
431              20.00      0          0          0          0
432              20.00      0          0          0          0
433              20.00      0          0          0          0
434              22.00      0          0          0          0
435              20.00      0          0          0          0
436              20.00      0          0          0          0
443              24.00      0          0          0          0
438              19.00      0          0          0          0
439              20.00      0          0          0          0
440              22.00      0          0          0          0
441              20.00      0          0          0          0
442              24.00      0          0          0          0
444              22.00      0          0          0          0
445              21.00      0          0          0          0
446              20.00      0          0          0          0
447              20.00      0          0          0          0
448              20.00      0          0          0          0
454              20.00      0          0          0          0
449              18.00      0          0          0          0
450              20.00      0          0          0          0
451              20.00      0          0          0          0
452              20.00      0          0          0          0
453              20.00      0          0          0          0
455              18.00      0          0          0          0
456              18.00      0          0          0          0
457              18.00      0          0          0          0
458              20.00      0          0          0          0
459              18.00      0          0          0          0
460              17.00      0          0          0          0
461              22.00      0          0          0          0
463              17.00      0          0          0          0
464              16.00      0          0          0          0
465              21.00      0          0          0          0
462              21.00      0          0          0          0
466              20.00      0          0          0          0
467              21.20      0          0          0          0
468              20.00      0          0          0          0
469              11.00      0          0          0          0

[OUTFALLS]
;;Name           Elev       Type       Stage      Gated
;;-------------- ---------- ---------- ---------- -----
217              8.00       FREE                  NO

[CONDUITS]
;;Name           From             To               Length     Roughness  InOffset   OutOffset  InitFlow   MaxFlow
;;-------------- ---------------- ---------------- ---------- ---------- ---------- ---------- ---------- ----------
728              229              230              390.00     0.0140     16.42      16.04      0          0
729              230              231              510.00     0.0140     16.04      15.94      0          0
730              231              232              370.00     0.0140     15.94      14.56      0          0
731              232              233              910.00     0.0140     14.56      15.04      0          0
732              233              234              1140.00    0.0140     15.04      14.58      0          0
733              234              235              440.00     0.0140     14.58      14.62      0          0
734              235              236              440.00     0.0140     14.58      14.62      0          0
735              236              237              1310.00    0.0140     14.62      15.48      0          0
736              237              238              2370.00    0.0140     15.48      11.84      0          0
737              238              239              550.00     0.0140     11.84      9.34       0          0
739              240              235              150.00     0.0140     14.73      14.58      0          0
254.1            RD-BR            206              50.00      0.0120     6.90       7.25       0          0
722              223              221              50.00      0.0120     11.10      10.80      0          0
721              222              220              50.00      0.0120     11.20      11.20      0          0
717              218              219              50.00      0.0120     11.90      11.50      0          0
727              228              229              1175.00    0.0140     16.50      16.42      0          0
743              244              228              55.00      0.0120     12.60      12.30      0          0
753              245              253              60.00      0.0120     12.10      12.10      0          0
748              247              429              1000.00    0.0450     18.00      15.00      0          0
749              448              454              10700.00   0.0450     17.00      15.00      0          0
268.1            246              247              55.00      0.0140     13.50      13.10      0          0
744              244              245              1700.00    0.0600     12.60      12.10      0          0
745              246              245              870.00     0.0400     13.50      12.10      0          0
759              256              257              33.00      0.0140     0          0          0          0
760              257              258              2400.00    0.0140     11.00      10.00      0          0
761              258              259              2400.00    0.0140     10.00      5.60       0          0
762              259              213              2000.00    0.0140     5.60       0.30       0          0
763              260              258              3350.00    0.0140     11.80      10.00      0          0
758              309              251              1400.00    0.0140     14.00      7.80       0          0
751              251              252              2150.00    0.0140     7.80       4.50       0          0
752              252              212              1000.00    0.0140     4.50       2.90       0          0
712              212              213              3350.00    0.0140     2.90       0.30       0          0
707              207              208              500.00     0.0140     6.10       6.80       0          0
708              208              209              900.00     0.0140     6.80       7.30       0          0
709              209              210              900.00     0.0140     7.30       7.30       0          0
CMP-C-2          RD-138           211              0          0          0          0          0          0
711              211              169              2600.00    0.0140     8.23       5.50       0          0
872              181              183              500.00     0.0600     12.50      12.00      0          0
706              206              207              800.00     0.0140     7.25       6.10       0          0
726              227              226.1            50.00      0.0120     11.10      13.23      0          0
725              226.1            465              1200.00    0.0600     13.23      9.80       0          0
720              221              205              1400.00    0.0600     10.80      6.90       0          0
719              220              221              2200.00    0.0600     11.20      10.80      0          0
718              466              220              3000.00    0.0600     11.30      11.20      0          0
724              225              462              2400.00    0.0650     14.00      13.50      0          0
778              274              461              500.00     0.0140     14.00      14.00      0          0
779              275              276              480.00     0.0140     17.00      14.00      0          0
780              276              277              250.00     0.0140     17.00      14.00      0          0
781              277              278              500.00     0.0140     14.00      14.00      0          0
782              278              205              500.00     0.0140     14.00      6.90       0          0
738              239              211              700.00     0.0140     9.34       8.64       0          0
713              213              214              1800.00    0.0140     0.30       -3.80      0          0
714              214              215              1900.00    0.0140     -2.30      -3.80      0          0
715              215              216              1900.00    0.0140     -3.80      -12.00     0          0
716              216              217              2400.00    0.0140     -12.00     -12.00     0          0
755              254              434              2000.00    0.0140     18.00      17.00      0          0
711.2            170              463              2000.00    0.0140     7.97       7.33       0          0
873              183              459              500.00     0.0140     12.00      12.00      0          0
765              261              262              500.00     0.0140     17.00      17.00      0          0
766              262              263              500.00     0.0140     17.00      17.00      0          0
767              263              264              500.00     0.0140     17.00      18.00      0          0
768              264              265              500.00     0.0140     18.00      18.00      0          0
769              265              266              500.00     0.0140     18.00      18.00      0          0
770              266              267              500.00     0.0140     18.00      17.00      0          0
771              267              268              500.00     0.0140     17.00      17.00      0          0
772              268              269              500.00     0.0140     17.00      12.70      0          0
773              269              270              500.00     0.0140     12.70      12.60      0          0
774              270              271              500.00     0.0140     12.60      12.50      0          0
775              271              272              500.00     0.0140     12.50      12.40      0          0
776              272              273              500.00     0.0140     12.40      12.30      0          0
501              20               3                500.00     0.0140     18.00      17.99      0          0
502              3                5                500.00     0.0140     18.00      17.00      0          0
503              5                7                500.00     0.0140     17.00      18.00      0          0
504              7                9                500.00     0.0140     18.00      18.00      0          0
505              9                13               1000.00    0          18.00      18.00      0          0
507              13               17               1000.00    0          18.00      18.00      0          0
509              17               21               1000.00    0          18.00      18.00      0          0
511              21               23               500.00     0.0140     18.00      18.00      0          0
514              23               31               2000.00    0.0140     18.00      17.00      0          0
516              31               35               1000.00    0.0140     17.00      17.00      0          0
518              35               39               1000.00    0.0140     17.00      17.00      0          0
520              39               43               1000.00    0.0140     17.00      17.00      0          0
522              43               47               1000.00    0.0140     17.00      17.00      0          0
524              47               261              1000.00    0.0140     17.00      17.00      0          0
783              279              280              1000.00    0.0140     17.00      17.00      0          0
784              280              281              500.00     0.0140     17.00      17.00      0          0
785              281              282              500.00     0.0140     17.00      17.00      0          0
786              282              283              500.00     0.0140     17.00      17.00      0          0
787              283              284              500.00     0.0140     17.00      17.00      0          0
788              284              285              500.00     0.0140     17.00      18.00      0          0
789              285              286              500.00     0.0140     18.00      17.00      0          0
790              286              287              500.00     0.0140     17.00      15.00      0          0
791              287              288              500.00     0.0140     15.00      15.00      0          0
792              288              224              500.00     0.0140     15.00      14.00      0          0
777              273              274              500.00     0.0140     12.30      14.00      0          0
793              289              290              500.00     0.0140     17.00      17.00      0          0
794              290              291              500.00     0.0140     17.00      15.00      0          0
795              291              292              500.00     0.0140     15.00      15.00      0          0
796              292              293              500.00     0.0140     15.00      15.00      0          0
797              293              294              500.00     0.0140     15.00      15.00      0          0
798              294              295              500.00     0.0140     15.00      15.00      0          0
799              295              296              500.00     0.0140     15.00      15.00      0          0
800              296              297              500.00     0.0140     15.00      15.00      0          0
801              297              298              500.00     0.0140     15.00      15.00      0          0
802              298              299              500.00     0.0140     15.00      14.00      0          0
803              299              300              500.00     0.0140     14.00      15.00      0          0
804              300              301              500.00     0.0140     15.00      14.00      0          0
805              301              302              500.00     0.0140     14.00      13.50      0          0
806              302              303              500.00     0.0140     13.50      13.50      0          0
807              303              304              500.00     0.0140     13.00      12.00      0          0
808              304              305              500.00     0.0140     12.80      10.00      0          0
809              305              306              500.00     0.0140     10.00      9.00       0          0
810              306              469              400.00     0.0140     9.00       7.00       0          0
811              406              407              500.00     0.0140     20.00      18.00      0          0
812              407              408              500.00     0.0140     18.00      17.00      0          0
813              408              409              500.00     0.0140     17.00      17.00      0          0
814              409              410              500.00     0.0140     17.00      17.00      0          0
815              410              411              500.00     0.0140     17.00      17.00      0          0
816              411              412              500.00     0.0140     17.00      17.00      0          0
817              412              413              500.00     0.0140     17.00      17.00      0          0
818              413              414              500.00     0.0140     17.00      17.00      0          0
819              414              415              500.00     0.0140     17.00      17.00      0          0
820              415              416              500.00     0.0140     17.00      17.00      0          0
821              416              417              500.00     0.0140     17.00      14.00      0          0
822              417              418              500.00     0.0140     14.00      14.00      0          0
823              418              419              500.00     0.0140     14.00      17.00      0          0
824              419              420              500.00     0.0140     17.00      17.00      0          0
825              420              421              500.00     0.0140     17.00      17.00      0          0
826              421              422              500.00     0.0140     17.00      17.00      0          0
827              422              423              500.00     0.0140     17.00      17.00      0          0
828              423              424              500.00     0.0140     17.00      15.00      0          0
829              424              425              1000.00    0.0140     15.00      15.00      0          0
830              425              426              1000.00    0.0140     15.00      15.00      0          0
831              426              427              1000.00    0.0140     15.00      15.00      0          0
832              427              428              700.00     0.0140     15.00      15.00      0          0
386              428              289              500.00     0.0140     15.00      17.00      0          0
839              429              430              1000.00    0.0450     15.00      15.00      0          0
840              430              431              1000.00    0.0450     15.00      15.00      0          0
841              431              432              1000.00    0.0450     15.00      15.00      0          0
842              432              433              1000.00    0.0450     15.00      15.00      0          0
843              433              434              250.00     0.0450     15.00      17.00      0          0
844              434              435              250.00     0.0450     17.00      15.00      0          0
845              435              436              1000.00    0.0450     15.00      15.00      0          0
846              436              437              1000.00    0.0450     15.00      15.00      0          0
847              437              443              1000.00    0.0140     15.00      15.00      0          0
848              253              438              1000.00    0.0140     18.00      17.00      0          0
849              438              439              1000.00    0.0140     17.00      18.00      0          0
850              439              440              1000.00    0.0140     18.00      18.00      0          0
851              440              441              1000.00    0.0140     18.00      15.00      0          0
852              441              442              800.00     0.0140     15.00      17.00      0          0
854              442              444              400.00     0.0140     17.00      17.00      0          0
855              444              445              500.00     0.0140     17.00      17.00      0          0
856              445              446              500.00     0.0140     17.00      17.00      0          0
857              446              447              600.00     0.0140     17.00      17.00      0          0
858              447              448              600.00     0.0140     17.00      17.00      0          0
853              443              442              1000.00    0.0450     15.00      17.00      0          0
860              449              450              1000.00    0.0140     17.00      17.00      0          0
861              450              451              1000.00    0.0140     17.00      17.00      0          0
862              451              452              650.00     0.0140     17.00      17.00      0          0
863              452              453              600.00     0.0140     17.00      17.00      0          0
864              453              454              500.00     0.0140     17.00      15.00      0          0
865              454              455              500.00     0.0140     15.00      15.00      0          0
866              455              456              500.00     0.0140     15.00      15.00      0          0
867              456              457              550.00     0.0140     15.00      15.00      0          0
868              457              458              500.00     0.0140     15.00      17.00      0          0
870              458              250              500.00     0.0140     17.00      12.50      0          0
874              459              251              1000.00    0.0140     12.00      7.80       0          0
875              460              257              1000.00    0.0140     15.00      11.00      0          0
36 cul           dirt rd          34 cul           20.00      0.0240     14.00      14.00      0          0
CMP  C-11        DIRT RD2         464              21.00      0.0240     7.33       6.97       0          0
880              464              212              1000.00    0.0140     6.97       2.90       0          0
882              465              205              300.00     0.0140     9.80       6.90       0          0
881              462              226              100.00     0.0140     13.50      13.23      0          0
883              219              466              280.00     0.0140     11.50      11.30      0          0
884              467              219              410.00     0.0140     12.10      11.50      0          0
886              244              468              1480.00    0.0140     12.60      12.10      0          0
887              469              214              100.00     0.0140     7.00       -2.30      0          0

[WEIRS]
;;Name           From             To               Type       CrestHt    Qcoeff     Gated    EndCon   EndCoeff   Surcharge
;;-------------- ---------------- ---------------- ---------- ---------- ---------- -------- -------- ---------- ----------
CMP-4NBR1        WR-DR1           225              TRANSVERSE 19.00      1.840      NO       0        0          YES
CMP-C4           DRweir           170              V-NOTCH    14.60      1.840      NO       0        0          YES
RCP-NBR2         WR-FPLDR2        226.1            TRANSVERSE 17.08      1.840      NO       0        0          YES
CMP-2.5GAT       WR-JDSP1         181              TRANSVERSE 16.00      1.840      NO       0        0          YES
30cmpSOD         weirplug         467              V-NOTCH    15.00      1.840      NO       0        0          YES

[XSECTIONS]
;;Link           Shape        Geom1      Geom2      Geom3      Geom4      Barrels
;;-------------- ------------ ---------- ---------- ---------- ---------- ----------
728              IRREGULAR    3.50       0          0          0          1
729              IRREGULAR    3.96       0          0          0          1
730              IRREGULAR    4.06       0          0          0          1
731              IRREGULAR    4.00       0          0          0          1
732              IRREGULAR    4.96       0          0          0          1
733              IRREGULAR    5.42       0          0          0          1
734              IRREGULAR    5.42       0          0          0          1
735              IRREGULAR    4.52       0          0          0          1
736              IRREGULAR    4.52       0          0          0          1
737              IRREGULAR    5.66       0          0          0          1
739              IRREGULAR    3.00       0          0          0          1
254.1            RECT_CLOSED  8.00       10.00      0          0          1
722              CIRCULAR     4.00       0          0          0          1
721              CIRCULAR     4.00       0          0          0          2
717              CIRCULAR     4.00       0          0          0          2
727              IRREGULAR    2.50       0          0          0          1
743              CIRCULAR     4.00       0          0          0          1
753              CIRCULAR     2.50       0          0          0          2
748              IRREGULAR    3.00       5.00       0          0          1
749              IRREGULAR    3.00       8.00       0          0          1
268.1            CIRCULAR     2.50       0          0          0          2
744              IRREGULAR    6.00       6.00       0          0          1
745              TRAPEZOIDAL  3.00       6.00       0          0          1
759              CIRCULAR     0.16       0          0          0          1
760              IRREGULAR    1.30       0          0          0          1
761              IRREGULAR    2.00       0          0          0          1
762              IRREGULAR    4.00       0          0          0          1
763              IRREGULAR    0.80       0          0          0          1
758              IRREGULAR    5.00       0          0          0          1
751              IRREGULAR    7.00       0          0          0          1
752              IRREGULAR    3.00       0          0          0          1
712              IRREGULAR    10.00      0          0          0          1
707              IRREGULAR    11.90      0          0          0          1
708              IRREGULAR    8.60       0          0          0          1
709              IRREGULAR    15.30      0          0          0          1
CMP-C-2          CIRCULAR     0          0          0          0          1
711              IRREGULAR    10.00      0          0          0          1
872              IRREGULAR    5.50       18.00      0          0          1
706              IRREGULAR    12.00      0          0          0          1
726              CIRCULAR     4.00       0          0          0          1
725              IRREGULAR    4.50       11.00      0          0          1
720              IRREGULAR    8.00       11.00      0          0          1
719              IRREGULAR    6.00       11.00      0          0          1
718              IRREGULAR    8.00       11.00      0          0          1
724              IRREGULAR    5.00       11.00      0          0          1
778              IRREGULAR    4.00       0          0          0          1
779              IRREGULAR    3.00       0          0          0          1
780              IRREGULAR    3.00       0          0          0          1
781              IRREGULAR    6.00       0          0          0          1
782              IRREGULAR    4.00       0          0          0          1
738              IRREGULAR    7.66       0          0          0          1
713              IRREGULAR    12.00      0          0          0          1
714              IRREGULAR    17.30      0          0          0          1
715              IRREGULAR    15.80      0          0          0          1
716              IRREGULAR    20.00      0          0          0          1
755              IRREGULAR    2.00       0          0          0          1
711.2            IRREGULAR    7.80       0          0          0          1
873              IRREGULAR    6.00       0          0          0          1
765              IRREGULAR    1.00       0          0          0          1
766              IRREGULAR    5.00       0          0          0          1
767              IRREGULAR    1.00       0          0          0          1
768              IRREGULAR    2.00       0          0          0          1
769              IRREGULAR    2.00       0          0          0          1
770              IRREGULAR    4.00       0          0          0          1
771              IRREGULAR    1.00       0          0          0          1
772              IRREGULAR    1.00       0          0          0          1
773              IRREGULAR    7.30       0          0          0          1
774              IRREGULAR    7.40       0          0          0          1
775              IRREGULAR    9.50       0          0          0          1
776              IRREGULAR    11.60      0          0          0          1
501              IRREGULAR    4.00       0          0          0          1
502              IRREGULAR    4.00       0          0          0          1
503              IRREGULAR    4.00       0          0          0          1
504              IRREGULAR    4.00       0          0          0          1
505              IRREGULAR    4.00       0          0          0          1
507              IRREGULAR    2.00       0          0          0          1
509              IRREGULAR    4.00       0          0          0          1
511              IRREGULAR    4.00       0          0          0          1
514              IRREGULAR    7.00       0          0          0          1
516              IRREGULAR    7.00       0          0          0          1
518              IRREGULAR    7.00       0          0          0          1
520              IRREGULAR    7.00       0          0          0          1
522              IRREGULAR    7.00       0          0          0          1
524              IRREGULAR    7.00       0          0          0          1
783              IRREGULAR    7.00       0          0          0          1
784              IRREGULAR    5.00       0          0          0          1
785              IRREGULAR    3.00       0          0          0          1
786              IRREGULAR    5.00       0          0          0          1
787              IRREGULAR    7.00       0          0          0          1
788              IRREGULAR    4.00       0          0          0          1
789              IRREGULAR    5.00       0          0          0          1
790              IRREGULAR    7.00       0          0          0          1
791              IRREGULAR    5.00       0          0          0          1
792              IRREGULAR    9.50       0          0          0          1
777              IRREGULAR    11.70      0          0          0          1
793              IRREGULAR    1.00       0          0          0          1
794              IRREGULAR    3.00       0          0          0          1
795              IRREGULAR    1.00       0          0          0          1
796              IRREGULAR    3.00       0          0          0          1
797              IRREGULAR    1.00       0          0          0          1
798              IRREGULAR    3.00       0          0          0          1
799              IRREGULAR    3.00       0          0          0          1
800              IRREGULAR    3.00       0          0          0          1
801              IRREGULAR    2.00       0          0          0          1
802              IRREGULAR    1.00       0          0          0          1
803              IRREGULAR    3.00       0          0          0          1
804              IRREGULAR    1.00       0          0          0          1
805              IRREGULAR    2.00       0          0          0          1
806              IRREGULAR    2.50       0          0          0          1
807              IRREGULAR    2.50       0          0          0          1
808              IRREGULAR    3.00       0          0          0          1
809              IRREGULAR    4.00       0          0          0          1
810              IRREGULAR    2.50       0          0          0          1
811              IRREGULAR    2.00       0          0          0          1
812              IRREGULAR    2.00       0          0          0          1
813              IRREGULAR    2.00       0          0          0          1
814              IRREGULAR    3.00       0          0          0          1
815              IRREGULAR    3.00       0          0          0          1
816              IRREGULAR    2.00       0          0          0          1
817              IRREGULAR    3.00       0          0          0          1
818              IRREGULAR    2.00       0          0          0          1
819              IRREGULAR    2.00       0          0          0          1
820              IRREGULAR    3.00       0          0          0          1
821              IRREGULAR    3.00       0          0          0          1
822              IRREGULAR    4.00       0          0          0          1
823              IRREGULAR    6.00       0          0          0          1
824              IRREGULAR    1.00       0          0          0          1
825              IRREGULAR    1.00       0          0          0          1
826              IRREGULAR    1.00       0          0          0          1
827              IRREGULAR    1.00       0          0          0          1
828              IRREGULAR    1.00       0          0          0          1
829              IRREGULAR    3.00       0          0          0          1
830              IRREGULAR    3.00       0          0          0          1
831              IRREGULAR    3.00       0          0          0          1
832              IRREGULAR    2.00       0          0          0          1
386              IRREGULAR    5.00       0          0          0          1
839              IRREGULAR    3.00       5.00       0          0          1
840              IRREGULAR    5.00       5.00       0          0          1
841              IRREGULAR    5.00       5.00       0          0          1
842              IRREGULAR    5.00       5.00       0          0          1
843              IRREGULAR    5.00       5.00       0          0          1
844              IRREGULAR    3.00       5.00       0          0          1
845              IRREGULAR    5.00       5.00       0          0          1
846              IRREGULAR    5.00       5.00       0          0          1
847              IRREGULAR    5.00       0          0          0          1
848              IRREGULAR    2.00       0          0          0          1
849              IRREGULAR    2.00       0          0          0          1
850              IRREGULAR    2.00       0          0          0          1
851              IRREGULAR    4.00       0          0          0          1
852              IRREGULAR    5.00       0          0          0          1
854              IRREGULAR    5.00       0          0          0          1
855              IRREGULAR    4.00       0          0          0          1
856              IRREGULAR    2.00       0          0          0          1
857              IRREGULAR    3.00       0          0          0          1
858              IRREGULAR    3.00       0          0          0          1
853              TRAPEZOIDAL  7.00       8.00       0          0          1
860              IRREGULAR    1.00       0          0          0          1
861              IRREGULAR    3.00       0          0          0          1
862              IRREGULAR    3.00       0          0          0          1
863              IRREGULAR    3.00       0          0          0          1
864              IRREGULAR    3.00       0          0          0          1
865              IRREGULAR    3.00       0          0          0          1
866              IRREGULAR    3.00       0          0          0          1
867              IRREGULAR    3.00       0          0          0          1
868              IRREGULAR    2.00       0          0          0          1
870              IRREGULAR    3.00       0          0          0          1
874              IRREGULAR    5.00       0          0          0          1
875              IRREGULAR    2.00       0          0          0          1
36 cul           CIRCULAR     3.00       0          0          0          1
CMP  C-11        CIRCULAR     4.00       0          0          0          1
880              IRREGULAR    7.80       0          0          0          1
882              IRREGULAR    8.00       0          0          0          1
881              IRREGULAR    3.80       0          0          0          1
883              IRREGULAR    8.00       0          0          0          1
884              IRREGULAR    8.00       0          0          0          1
886              IRREGULAR    6.00       0          0          0          1
887              IRREGULAR    4.00       0          0          0          1
CMP-4NBR1        RECT_OPEN    0          100.00     0          0          
CMP-C4           RECT_OPEN    0          100.00     0          0          
RCP-NBR2         RECT_OPEN    0          50.00      0          0          
CMP-2.5GAT       RECT_OPEN    0          50.00      0          0          
30cmpSOD         RECT_OPEN    0          12.50      0          0          

[LOSSES]
;;Link           Inlet      Outlet     Average    Flap Gate
;;-------------- ---------- ---------- ---------- ----------
728              0          0          0          NO
729              0          0          0          NO
730              0          0          0          NO
731              0          0          0          NO
732              0          0          0          NO
733              0          0          0          NO
734              0          0          0          NO
735              0          0          0          NO
736              0          0          0          NO
737              0          0          0          NO
739              0          0          0          NO
254.1            0          0          0          NO
722              0          0          0          NO
721              0          0          0          NO
717              0          0          0          NO
727              0          0          0          NO
743              0          0          0          NO
753              0          0          0          NO
748              0          0          0          NO
749              0          0          0          NO
268.1            0          0          0          NO
744              0          0          0          NO
745              0          0          0          NO
759              0          0          0          NO
760              0          0          0          NO
761              0          0          0          NO
762              0          0          0          NO
763              0          0          0          NO
758              0          0          0          NO
751              0          0          0          NO
752              0          0          0          NO
712              0          0          0          NO
707              0          0          0          NO
708              0          0          0          NO
709              0          0          0          NO
CMP-C-2          0          0          0          NO
711              0          0          0          NO
872              0          0          0          NO
706              0          0          0          NO
726              0          0          0          NO
725              0          0          0          NO
720              0          0          0          NO
719              0          0          0          NO
718              0          0          0          NO
724              0          0          0          NO
778              0          0          0          NO
779              0          0          0          NO
780              0          0          0          NO
781              0          0          0          NO
782              0          0          0          NO
738              0          0          0          NO
713              0          0          0          NO
714              0          0          0          NO
715              0          0          0          NO
716              0          0          0          NO
755              0          0          0          NO
711.2            0          0          0          NO
873              0          0          0          NO
765              0          0          0          NO
766              0          0          0          NO
767              0          0          0          NO
768              0          0          0          NO
769              0          0          0          NO
770              0          0          0          NO
771              0          0          0          NO
772              0          0          0          NO
773              0          0          0          NO
774              0          0          0          NO
775              0          0          0          NO
776              0          0          0          NO
501              0          0          0          NO
502              0          0          0          NO
503              0          0          0          NO
504              0          0          0          NO
505              0          0          0          NO
507              0          0          0          NO
509              0          0          0          NO
511              0          0          0          NO
514              0          0          0          NO
516              0          0          0          NO
518              0          0          0          NO
520              0          0          0          NO
522              0          0          0          NO
524              0          0          0          NO
783              0          0          0          NO
784              0          0          0          NO
785              0          0          0          NO
786              0          0          0          NO
787              0          0          0          NO
788              0          0          0          NO
789              0          0          0          NO
790              0          0          0          NO
791              0          0          0          NO
792              0          0          0          NO
777              0          0          0          NO
793              0          0          0          NO
794              0          0          0          NO
795              0          0          0          NO
796              0          0          0          NO
797              0          0          0          NO
798              0          0          0          NO
799              0          0          0          NO
800              0          0          0          NO
801              0          0          0          NO
802              0          0          0          NO
803              0          0          0          NO
804              0          0          0          NO
805              0          0          0          NO
806              0          0          0          NO
807              0          0          0          NO
808              0          0          0          NO
809              0          0          0          NO
810              0          0          0          NO
811              0          0          0          NO
812              0          0          0          NO
813              0          0          0          NO
814              0          0          0          NO
815              0          0          0          NO
816              0          0          0          NO
817              0          0          0          NO
818              0          0          0          NO
819              0          0          0          NO
820              0          0          0          NO
821              0          0          0          NO
822              0          0          0          NO
823              0          0          0          NO
824              0          0          0          NO
825              0          0          0          NO
826              0          0          0          NO
827              0          0          0          NO
828              0          0          0          NO
829              0          0          0          NO
830              0          0          0          NO
831              0          0          0          NO
832              0          0          0          NO
386              0          0          0          NO
839              0          0          0          NO
840              0          0          0          NO
841              0          0          0          NO
842              0          0          0          NO
843              0          0          0          NO
844              0          0          0          NO
845              0          0          0          NO
846              0          0          0          NO
847              0          0          0          NO
848              0          0          0          NO
849              0          0          0          NO
850              0          0          0          NO
851              0          0          0          NO
852              0          0          0          NO
854              0          0          0          NO
855              0          0          0          NO
856              0          0          0          NO
857              0          0          0          NO
858              0          0          0          NO
853              0          0          0          NO
860              0          0          0          NO
861              0          0          0          NO
862              0          0          0          NO
863              0          0          0          NO
864              0          0          0          NO
865              0          0          0          NO
866              0          0          0          NO
867              0          0          0          NO
868              0          0          0          NO
870              0          0          0          NO
874              0          0          0          NO
875              0          0          0          NO
36 cul           0          0          0          NO
CMP  C-11        0          0          0          NO
880              0          0          0          NO
882              0          0          0          NO
881              0          0          0          NO
883              0          0          0          NO
884              0          0          0          NO
886              0          0          0          NO
887              0          0          0          NO

[COORDINATES]
;;Node           X-Coord            Y-Coord
;;-------------- ------------------ ------------------
205              -985489.80         927131.63         
239              -982616.54         926961.79         
238              -982710.32         926405.90         
237              -982721.11         924039.88         
236              -983074.06         922765.11         
234              -983390.06         921794.14         
233              -983625.35         920683.03         
232              -984226.66         920000.66         
231              -984540.39         919806.90         
230              -985034.38         919689.28         
229              -985326.27         919427.84         
206              -985222.82         927132.52         
226              -985485.55         928630.40         
227              -985294.18         928664.78         
223              -985349.80         925677.96         
221              -985532.46         925694.73         
222              -985357.61         923474.59         
220              -985545.40         923546.36         
218              -985287.28         920206.83         
219              -985568.40         920198.06         
228              -985326.11         918252.90         
244              -985574.49         918239.98         
253              -985345.89         916534.98         
245              -985555.08         916532.33         
247              -985329.68         915669.55         
246              -985570.17         915665.92         
405              -985264.89         911639.54         
400              -985528.98         911654.91         
404              -985309.88         910308.73         
401              -985552.19         910302.74         
403              -985276.99         908906.10         
402              -985516.49         908908.79         
235              -983241.39         922200.33         
240              -983375.65         922242.36         
250              -980129.63         925255.95         
437              -980085.83         916015.28         
309              -981173.35         925844.24         
251              -979459.31         926568.05         
252              -977780.36         926890.91         
212              -976906.38         927620.30         
213              -973569.69         928350.99         
256              -981287.25         930650.76         
257              -979373.75         931721.41         
258              -977323.58         930514.09         
260              -980353.28         928987.84         
259              -975053.63         929650.57         
214              -971684.89         928505.18         
215              -970307.41         929396.20         
216              -968774.01         930608.59         
217              -966594.31         931339.27         
210              -982788.81         927660.23         
211              -982580.77         927657.16         
209              -983587.40         927660.23         
208              -984493.47         927694.60         
207              -984487.23         927198.54         
224              -986882.36         930904.84         
225              -986771.26         930739.92         
274              -987496.16         924797.20         
275              -986925.67         925274.53         
276              -986726.59         925636.40         
277              -986419.14         925957.76         
278              -985906.87         926540.48         
254              -980400.48         913002.47         
169              -980417.09         927621.06         
170              -979930.86         927577.47         
226.1            -985466.75         928602.65         
181              -980100.75         925365.76         
183              -979960.95         925708.58         
261              -993457.79         925100.99         
262              -993134.11         924791.08         
263              -992791.63         924507.44         
264              -992309.77         924178.72         
265              -991905.08         923916.83         
266              -991401.44         923735.52         
267              -990917.94         923617.14         
268              -990434.44         923597.18         
269              -989971.08         923493.77         
270              -989487.58         923514.04         
271              -988975.14         923534.06         
272              -988460.15         923755.66         
273              -987936.36         924319.75         
20               -1005775.74        922887.68         
3                -1005329.76        923272.47         
5                -1004884.84        923488.38         
7                -1004484.85        923734.87         
9                -1004101.82        924038.22         
13               -1003264.22        924575.19         
17               -1002464.03        924894.07         
21               -1001628.07        925046.26         
23               -1000895.96        925090.44         
31               -998815.13         925360.27         
35               -997874.83         925466.52         
39               -996792.70         925546.22         
43               -995685.08         925604.16         
47               -994622.54         925554.30         
279              -993689.44         928807.79         
280              -992753.10         928941.86         
281              -991871.83         929118.49         
282              -991025.26         929274.24         
283              -989435.18         929432.82         
284              -988653.57         929387.18         
285              -988060.08         929752.17         
286              -987626.88         930045.63         
287              -987420.09         930236.96         
288              -987214.95         930403.70         
289              -974712.01         920291.10         
290              -974235.96         920804.95         
291              -973964.04         921193.40         
292              -973640.33         921607.75         
293              -973355.71         922035.05         
294              -973057.65         922449.40         
295              -972798.93         922802.58         
296              -972487.92         923216.93         
297              -972203.05         923653.61         
298              -971995.87         924120.26         
299              -971833.36         924572.95         
300              -971628.86         925026.15         
301              -971616.20         925528.47         
302              -971639.18         926002.22         
303              -971526.15         926407.56         
304              -971433.67         926906.45         
305              -971377.57         927372.16         
306              -971370.97         927914.83         
406              -975150.59         913208.27         
407              -975624.44         913458.07         
408              -975964.27         913903.37         
409              -976280.67         914313.52         
410              -976772.85         914501.02         
411              -977288.46         914711.95         
412              -977710.33         914876.01         
413              -977932.98         915262.72         
414              -978179.07         915708.02         
415              -978332.73         916165.04         
416              -978636.09         916598.63         
417              -978835.30         917043.93         
418              -978554.06         917477.51         
419              -978237.66         917840.79         
420              -977996.81         918297.81         
421              -978015.01         918743.11         
422              -978237.66         919082.95         
423              -978518.91         919406.36         
424              -978741.56         919690.85         
425              -977686.89         919739.18         
426              -976690.82         919750.90         
427              -975694.75         919774.34         
428              -975108.82         919774.34         
429              -984486.32         914925.22         
430              -983421.52         914498.75         
431              -982475.47         914536.17         
432              -981396.18         914576.14         
433              -980623.36         914562.82         
434              -980292.85         914528.07         
435              -980212.91         914821.21         
436              -980157.00         915468.89         
443              -980117.02         916374.96         
438              -984394.50         916541.71         
439              -983351.91         916817.60         
440              -982228.48         916721.40         
441              -981168.49         916614.07         
442              -980131.19         916676.33         
444              -980144.52         917041.19         
445              -980127.36         917467.58         
446              -980137.02         917933.94         
447              -980137.02         918453.60         
448              -980127.83         918853.33         
454              -980168.94         920524.70         
449              -983528.04         919453.53         
450              -982966.45         919703.12         
451              -982332.07         919963.12         
452              -981614.49         920191.91         
453              -980876.12         920399.90         
455              -980200.14         921211.08         
456              -980210.54         922313.44         
457              -980210.54         923374.21         
458              -980210.54         924403.78         
459              -979802.60         926050.02         
460              -980157.03         932482.57         
461              -987078.68         925161.20         
463              -977891.17         927722.26         
464              -977587.85         927725.63         
465              -985484.22         927512.34         
462              -985757.85         928922.16         
466              -985556.94         921088.19         
467              -985581.08         919836.84         
468              -985572.49         919639.75         
469              -971553.34         928328.79         

[MAP]
DIMENSIONS -1005775.74 908906.10 -966594.31 932482.57
Units      None

[REPORT]
INPUT            YES
SUBCATCHMENTS    ALL
NODES            ALL
LINKS            ALL



