;; SWMM5 .inp converted from XPSWMM .xp file
;; Generated by XPSWMM Card Reader
;; Source format: XP_CARD | Original title: SWMM RUNOFF SIMULATION OF TALLAHASSEE EAST DITCH

[TITLE]
;;Project Title/Notes
SWMM RUNOFF SIMULATION OF TALLAHASSEE EAST DITCH

[OPTIONS]
FLOW_UNITS           CFS
INFILTRATION         HORTON
FLOW_ROUTING         DYNWAVE
LINK_OFFSETS         DEPTH
MIN_SLOPE            0.0
ALLOW_PONDING        NO
SKIP_STEADY_STATE    NO
ROUTING_STEP         00:00:10
VARIABLE_STEP        0.75
INERTIAL_DAMPING     PARTIAL
NORMAL_FLOW_LIMITED  BOTH
MAX_TRIALS           30
HEAD_TOLERANCE       0.0033

[JUNCTIONS]
;;Name           Elev       MaxDepth   InitDepth  SurDepth   Aponded
;;-------------- ---------- ---------- ---------- ---------- ----------
370              83.00      0          0          0          0
360              83.00      0          0          0          0
350              82.00      0          0          0          0
340              82.00      0          0          0          0
330              80.00      0          0          0          0
320              80.00      0          0          0          0
310              78.00      0          0          0          0
300              78.00      0          0          0          0
290              78.00      0          0          0          0
280              78.00      0          0          0          0
270              78.00      0          0          0          0
260              78.00      0          0          0          0
240              71.00      0          0          0          0
230              70.00      0          0          0          0
220              69.00      0          0          0          0
210              68.00      0          0          0          0
200              67.00      0          0          0          0
190              66.00      0          0          0          0
170              63.00      0          0          0          0
160              63.00      0          0          0          0
150              59.00      0          0          0          0
140              59.00      0          0          0          0
120              58.00      0          0.10       0          0
110              58.00      0          0.50       0          0
100              58.00      0          0.56       0          0
80               57.00      0          2.44       0          0
70               57.00      0          3.86       0          0
30               49.00      0          6.05       0          0
20               49.00      0          6.20       0          0
10               49.00      0          0          0          0
950              144.00     0          0          0          0
900              130.00     0          0          0          0
890              96.00      0          0          0          0
520              60.00      0          0          0          0
510              60.00      0          1.40       0          0
620              77.00      0          0          0          0
610              76.00      0          0          0          0
600              76.00      0          0          0          0
590              73.00      0          0          0          0
580              71.00      0          0          0          0
570              68.00      0          0          0          0
560              69.00      0          0          0          0
1045             103.00     0          0          0          0
1040             100.00     0          0          0          0
1030             99.00      0          0          0          0
1010             88.00      0          0          0          0
1000             84.00      0          0          0          0
990              83.00      0          0          0          0
980              83.00      0          0          0          0
970              79.00      0          0          0          0
490              179.00     0          0          0          0
480              159.00     0          0          0          0
470              143.00     0          0          0          0
930              185.00     0          0          0          0
430              107.00     0          0          0          0
420              98.00      0          0          0          0
410              102.00     0          0          0          0
390              99.00      0          0          0          0
875              86.00      0          0          0          0
865              160.00     0          0          0          0
860              160.00     0          0          0          0
850              150.00     0          0          0          0
840              140.00     0          0          0          0
830              140.00     0          0          0          0
820              140.00     0          0          0          0
810              115.00     0          0          0          0
800              110.00     0          0          0          0
790              100.00     0          0          0          0
780              95.00      0          0          0          0
770              99.00      0          0          0          0
754              95.00      0          0          0          0
756              95.00      0          0          0          0
758              95.00      0          0          0          0
798              100.00     0          0          0          0
828              140.00     0          0          0          0
752              95.00      0          0          0          0
759              95.00      0          0.50       0          0
855              150.00     0          0          0          0
757              95.00      0          0          0          0
755              95.00      0          0          0          0
760              99.00      0          0          0          0
757r             0          0          0          0          0
758A             95.00      0          1.20       0          0
392              80.00      0          0          0          0

[STORAGE]
;;Name           Elev       MaxDepth   InitDepth  Shape      Curve/Params
;;-------------- ---------- ---------- ---------- ---------- ----------
880              83.00      -5.00      0          FUNCTIONAL 0 0          0
130              58.00      -8.00      0          FUNCTIONAL 500.00 0          0
60               57.00      -9.00      4.29       FUNCTIONAL 0 0          0
380              95.00      -5.00      0          FUNCTIONAL 500.00 0          0
250              73.00      -5.00      0          FUNCTIONAL 500.00 0          0
180              64.00      -5.00      0          FUNCTIONAL 500.00 0          0
90               57.00      -8.00      1.50       FUNCTIONAL 500.00 0          0
40               51.00      -5.00      4.50       FUNCTIONAL 0 0          0
960              145.00     -5.00      0          FUNCTIONAL 0 0          0
460              114.00     -5.00      0          FUNCTIONAL 0 0          0
910              130.00     -16.00     0          FUNCTIONAL 0 0          0
550              72.00      0          0          FUNCTIONAL 0 0          0
540              72.00      0          0          FUNCTIONAL 0 0          0
530              60.00      -7.00      0          FUNCTIONAL 0 0          0
630              77.00      -5.00      0          FUNCTIONAL 0 0          0
1020             90.00      -11.00     0          FUNCTIONAL 500.00 0          0
500              180.00     -5.00      0          FUNCTIONAL 0 0          0
450              115.00     -10.00     0          FUNCTIONAL 0 0          0
940              189.00     -5.00      0          FUNCTIONAL 0 0          0
920              150.00     -10.00     0          FUNCTIONAL 0 0          0
440              110.00     -5.00      0          FUNCTIONAL 0 0          0
400              100.00     -5.00      0          FUNCTIONAL 0 0          0
1050             107.00     -5.00      0          FUNCTIONAL 0 0          0
870              163.00     -6.00      0          FUNCTIONAL 0 0          0
394              81.00      0          0          FUNCTIONAL 0 0          0
404              84.00      0          0          FUNCTIONAL 0 0          0
412              84.00      0          0          FUNCTIONAL 0 0          0
416              153.00     -1.00      0          FUNCTIONAL 0 0          0
446              144.00     0          0          FUNCTIONAL 0 0          0
456              186.00     0          0          FUNCTIONAL 0 0          0

[CONDUITS]
;;Name           From             To               Length     Roughness  InOffset   OutOffset  InitFlow   MaxFlow
;;-------------- ---------------- ---------------- ---------- ---------- ---------- ---------- ---------- ----------
ED875R           ED875p1          ed875p2          0          0          12.90      12.90      0          0
ED370R           ED370            ED370P           0          0          11.80      11.80      0          0
ED350R           ED350            ED350P           0          0          10.60      10.80      0          0
ED330R           ED330            320              0          0          10.80      10.70      0          0
ED310R           ED310            300              0          0          9.80       9.50       0          0
ED290R           ED290            280              0          0          9.50       9.50       0          0
ED270R           ED270            260              0          0          7.50       7.50       0          0
ED240R           ED240            230              0          0          11.00      11.73      0          0
ED220R           ED220            210              0          0          12.70      14.00      0          0
ED200R           ED200            190              0          0          17.60      18.60      0          0
ED170R           ED170            160              0          0          15.20      15.00      0          0
ED150R           ED150            140              0          0          14.30      14.30      0          0
ED130R           ED130            ED130P           0          0          16.10      16.10      0          0
ED110R           ED110            ED110P           0          0          11.40      11.13      0          0
ED80             80               70               1880.00    0          28.06      26.64      0          0
ED30R            ED30             20               0          0          12.05      12.20      0          0
ED380            380              370              1600.00    0          70.90      58.00      0          0
ED360            360              350              400.00     0          57.80      57.30      0          0
ED340            340              330              300.00     0          57.10      56.40      0          0
ED320            320              310              800.00     0          56.30      53.90      0          0
ED300            300              290              800.00     0          53.80      50.70      0          0
ED280            280              270              1400.00    0          50.40      48.50      0          0
ED260            260              250              250.00     0          48.40      48.00      0          0
ED250            250              240              400.00     0          48.00      47.53      0          0
ED230            230              220              1400.00    0          46.87      44.58      0          0
ED210            210              200              650.00     0          43.20      42.40      0          0
ED190            190              180              600.00     0          41.40      39.80      0          0
ED180            180              170              600.00     0          39.80      38.20      0          0
ED160            160              150              1350.00    0          38.40      34.70      0          0
ED140            140              130              1400.00    0          34.60      31.20      0          0
ED120            120              110              1050.00    0          30.40      30.00      0          0
ED100            100              90               1100.00    0          29.94      29.00      0          0
ED90             90               80               1240.00    0          29.00      28.06      0          0
ED70             70               60               565.00     0          26.64      26.21      0          0
ED60             60               40               280.00     0          26.21      26.00      0          0
ED40             40               30               500.00     0          26.00      24.45      0          0
ED20             20               10               850.00     0          24.30      24.29      0          0
MS960            MS960R           950              35.00      0.0130     0          0          0          0
MS950            950              460              1100.00    0          119.05     89.86      0          0
SE910            SE910R           900              50.00      0.0130     0          0          0          0
SE900            900              890              1700.00    0          94.40      71.80      0          0
SE890            SE890R           380              55.00      0.0185     0          0.43       0          0
PR550            PR550R           540              30.00      0.0221     1.70       8.60       0          0
PR540            540              530              450.00     0          39.00      38.00      0          0
PR530            PR530R           520              30.00      0.0197     0.14       0.65       0          0
PR520            520              510              265.00     0          32.88      30.00      0          0
AR630P1          AR630P2          AR630R           33.00      0.0253     0          0          0          0
AR620            620              610              690.00     0          52.50      51.00      0          0
AR610            AR610P1          AR610P2          22.00      0.0298     0          0          0          0
AR600            600              590              800.00     0          51.00      48.90      0          0
AR590            590              580              850.00     0          48.90      46.57      0          0
AR580            580              570              450.00     0.0110     46.57      45.50      0          0
AR570            570              560              750.00     0.0110     45.50      44.40      0          0
AR560            560              180              500.00     0          44.40      39.80      0          0
AR580R           580              560              1100.00    0          57.00      56.90      0          0
CC1045           1045             1040             500.00     0          82.20      70.00      0          0
CC1040P1         CC1040P2         CC1040R          100.00     0.0176     0          0          0          0
CC1030           1030             1020             480.00     0          69.50      59.38      0          0
CC1020           CC1020R          1010             53.00      0.0203     0          0.65       0          0
CC1010           1010             1000             250.00     0          58.04      54.28      0          0
CC1000           CC1000R          990              370.00     0.0153     0          0          0          0
CC990            990              980              720.00     0          53.29      53.62      0          0
CC980            CC980R           970              68.00      0.0270     0          2.43       0          0
CC970            970              250              700.00     0          49.06      48.00      0          0
KC500            KC500R           490              50.00      0.0277     0          0.95       0          0
KC490            490              480              1000.00    0          154.14     134.00     0          0
KC480            480              470              1100.00    0          134.00     118.00     0          0
KC470            470              460              1500.00    0          118.00     90.50      0          0
KC460            KC460R           450              35.00      0.0232     0          4.71       0          0
KC940            KC940R           930              35.00      0.0210     0          24.70      0          0
KC930            930              920              400.00     0          164.50     130.00     0          0
KC920            920              450              550.00     0          130.90     90.80      0          0
KC450            KC450R           440              11.70      0.0543     4.72       4.08       0          0
KC440            KC440R           430              16.00      0.0426     3.56       6.56       0          0
KC430            430              420              500.00     0          82.00      78.59      0          0
KC420            KC420R           410              90.00      0.0214     0.79       1.09       0          0
KC410            410              400              500.00     0          77.57      76.50      0          0
KC400            400              390              560.00     0          76.50      75.50      0          0
KC390            390              380              630.00     0          75.50      70.90      0          0
PR510R           PR510            90               30.00      0          34.46      34.40      0          0
SE890A           890              880              1900.00    0.0400     73.00      63.00      0          0
IH870            870              865              800.00     0          137.20     133.00     0          0
IH865            IH865R           860              30.00      0.0347     0          6.50       0          0
IH840            IH840R           830              50.00      0.0250     0          0          0          0
IH810            IH810R           800              35.00      0.0367     0          0          0          0
IH790            IH790R           780              35.00      0.0367     0          0          0          0
IH780            780              770              400.00     0          82.80      81.50      0          0
IH770            IH770R           760              35.00      0.0565     0.90       0          0          0
IH754            754              752              50.00      0          70.60      70.50      0          0
IH756            756              755              200.00     0          75.10      74.00      0          0
IH760            760              759              280.00     0          81.30      79.60      0          0
IH758            758              757              240.00     0          77.60      76.80      0          0
IH800            800              798              320.00     0          90.10      87.10      0          0
IH798            798              790              360.00     0          87.10      85.20      0          0
IH830            830              828              460.00     0          101.10     98.10      0          0
IH828            828              820              650.00     0          98.10      95.70      0          0
IH820            820              810              850.00     0          95.70      93.00      0          0
IH752            752              380              240.00     0          70.50      70.30      0          0
IH860            860              855              330.00     0          124.90     120.90     0          0
IH855            855              850              800.00     0          120.90     113.90     0          0
IH850            850              840              650.00     0          113.90     108.60     0          0
IH757            757              756              200.00     0          76.80      75.10      0          0
IH755            755              754              300.00     0          74.00      70.60      0          0
IH758A           758A             758              10.00      0          80.10      80.00      0          0
442              757r             757              0          0          0          0          0          0
IH759            759              758A             150.00     0          79.60      78.90      0          0
KC404            404              400              70.00      0.0140     78.20      78.00      0          0
KC392            392              390              140.00     0.0140     76.25      75.65      0          0
KC412            412              400              70.00      0.0140     79.40      79.20      0          0
KC416            416              410              2900.00    0.0140     148.60     78.00      0          0
KC446            446              440              1100.00    0.0140     134.50     91.00      0          0
KC456            456              450              3400.00    0.0140     181.30     90.00      0          0

[WEIRS]
;;Name           From             To               Type       CrestHt    Qcoeff     Gated    EndCon   EndCoeff   Surcharge
;;-------------- ---------------- ---------------- ---------- ---------- ---------- -------- -------- ---------- ----------
CC1050           1050             1045             TRANSVERSE 87.35      1.840      NO       0        0          YES
se880w1          se880w2          875              TRANSVERSE 62.00      1.840      NO       0        0          YES
WEIR             394              392              TRANSVERSE 78.00      1.840      NO       0        0          YES

[XSECTIONS]
;;Link           Shape        Geom1      Geom2      Geom3      Geom4      Barrels
;;-------------- ------------ ---------- ---------- ---------- ---------- ----------
ED875R           IRREGULAR    0          0          0          0          1
ED370R           IRREGULAR    0          0          0          0          2
ED350R           IRREGULAR    0          0          0          0          2
ED330R           IRREGULAR    0          0          0          0          1
ED310R           IRREGULAR    0          0          0          0          1
ED290R           IRREGULAR    0          0          0          0          1
ED270R           IRREGULAR    0          0          0          0          1
ED240R           IRREGULAR    0          0          0          0          1
ED220R           IRREGULAR    0          0          0          0          2
ED200R           IRREGULAR    0          0          0          0          2
ED170R           IRREGULAR    0          0          0          0          4
ED150R           IRREGULAR    0          0          0          0          3
ED130R           IRREGULAR    0          0          0          0          2
ED110R           IRREGULAR    0          0          0          0          3
ED80             IRREGULAR    0          0          0          0          1
ED30R            IRREGULAR    0          0          0          0          1
ED380            IRREGULAR    0          0          0          0          1
ED360            IRREGULAR    0          0          0          0          1
ED340            IRREGULAR    0          0          0          0          1
ED320            IRREGULAR    0          0          0          0          1
ED300            IRREGULAR    0          0          0          0          1
ED280            IRREGULAR    0          0          0          0          1
ED260            IRREGULAR    0          0          0          0          1
ED250            IRREGULAR    0          0          0          0          1
ED230            IRREGULAR    0          0          0          0          1
ED210            IRREGULAR    0          0          0          0          1
ED190            IRREGULAR    0          0          0          0          1
ED180            IRREGULAR    0          0          0          0          1
ED160            IRREGULAR    0          0          0          0          1
ED140            IRREGULAR    0          0          0          0          1
ED120            IRREGULAR    0          0          0          0          1
ED100            IRREGULAR    0          0          0          0          1
ED90             IRREGULAR    0          0          0          0          1
ED70             IRREGULAR    0          0          0          0          1
ED60             IRREGULAR    0          0          0          0          1
ED40             IRREGULAR    0          0          0          0          1
ED20             IRREGULAR    0          0          0          0          1
MS960            CIRCULAR     2.50       0          0          0          1
MS950            IRREGULAR    0          0          0          0          1
SE910            CIRCULAR     2.00       0          0          0          1
SE900            IRREGULAR    0          0          0          0          1
SE890            CIRCULAR     2.00       0          0          0          1
PR550            CIRCULAR     2.00       0          0          0          1
PR540            IRREGULAR    0          0          0          0          1
PR530            CIRCULAR     1.50       0          0          0          1
PR520            IRREGULAR    0          0          0          0          1
AR630P1          CIRCULAR     3.00       0          0          0          2
AR620            IRREGULAR    0          0          0          0          1
AR610            CIRCULAR     3.00       0          0          0          3
AR600            IRREGULAR    0          0          0          0          1
AR590            IRREGULAR    0          0          0          0          1
AR580            CIRCULAR     4.95       0          0          0          1
AR570            CIRCULAR     5.50       0          0          0          1
AR560            IRREGULAR    0          0          0          0          1
AR580R           IRREGULAR    0          0          0          0          1
CC1045           IRREGULAR    0          0          0          0          1
CC1040P1         CIRCULAR     3.00       0          0          0          2
CC1030           IRREGULAR    0          0          0          0          1
CC1020           CIRCULAR     2.50       0          0          0          2
CC1010           IRREGULAR    0          0          0          0          1
CC1000           CIRCULAR     6.00       0          0          0          1
CC990            IRREGULAR    0          0          0          0          1
CC980            CIRCULAR     6.00       0          0          0          1
CC970            IRREGULAR    0          0          0          0          1
KC500            CIRCULAR     5.00       0          0          0          1
KC490            IRREGULAR    0          0          0          0          1
KC480            IRREGULAR    0          0          0          0          1
KC470            IRREGULAR    0          0          0          0          1
KC460            CIRCULAR     2.50       0          0          0          1
KC940            CIRCULAR     2.00       0          0          0          1
KC930            IRREGULAR    0          0          0          0          1
KC920            IRREGULAR    0          0          0          0          1
KC450            RECT_CLOSED  2.96       17.40      0          0          1
KC440            RECT_CLOSED  2.70       11.40      0          0          1
KC430            IRREGULAR    0          0          0          0          1
KC420            CIRCULAR     4.50       0          0          0          2
KC410            IRREGULAR    0          0          0          0          1
KC400            IRREGULAR    0          0          0          0          1
KC390            IRREGULAR    0          0          0          0          1
PR510R           IRREGULAR    0          0          0          0          1
SE890A           TRAPEZOIDAL  5.00       3.00       0          0          1
IH870            IRREGULAR    0          0          0          0          1
IH865            CIRCULAR     5.00       0          0          0          1
IH840            CIRCULAR     4.00       0          0          0          1
IH810            RECT_CLOSED  5.00       8.00       0          0          1
IH790            RECT_CLOSED  5.00       8.00       0          0          1
IH780            IRREGULAR    0          0          0          0          1
IH770            CIRCULAR     4.70       0          0          0          1
IH754            IRREGULAR    0          0          0          0          1
IH756            IRREGULAR    0          0          0          0          1
IH760            IRREGULAR    0          0          0          0          1
IH758            IRREGULAR    0          0          0          0          1
IH800            IRREGULAR    0          0          0          0          1
IH798            IRREGULAR    0          0          0          0          1
IH830            IRREGULAR    0          0          0          0          1
IH828            IRREGULAR    0          0          0          0          1
IH820            IRREGULAR    0          0          0          0          1
IH752            IRREGULAR    0          0          0          0          1
IH860            IRREGULAR    0          0          0          0          1
IH855            IRREGULAR    0          0          0          0          1
IH850            IRREGULAR    0          0          0          0          1
IH757            IRREGULAR    0          0          0          0          1
IH755            IRREGULAR    0          0          0          0          1
IH758A           IRREGULAR    0          0          0          0          1
442              CIRCULAR     0          0          0          0          1
IH759            IRREGULAR    0          0          0          0          1
KC404            CIRCULAR     4.00       0          0          0          1
KC392            CIRCULAR     2.50       0          0          0          1
KC412            CIRCULAR     3.00       0          0          0          1
KC416            CUSTOM       0          0          0          0          1
KC446            CUSTOM       0          0          0          0          1
KC456            CUSTOM       0          0          0          0          1
CC1050           RECT_OPEN    0          6.00       0          0          
se880w1          RECT_OPEN    0          6.00       0          0          
WEIR             RECT_OPEN    0          7.00       0          0          

[LOSSES]
;;Link           Inlet      Outlet     Average    Flap Gate
;;-------------- ---------- ---------- ---------- ----------
ED875R           0          0          0          NO
ED370R           0          0          0          NO
ED350R           0          0          0          NO
ED330R           0          0          0          NO
ED310R           0          0          0          NO
ED290R           0          0          0          NO
ED270R           0          0          0          NO
ED240R           0          0          0          NO
ED220R           0          0          0          NO
ED200R           0          0          0          NO
ED170R           0          0          0          NO
ED150R           0          0          0          NO
ED130R           0          0          0          NO
ED110R           0          0          0          NO
ED80             0          0          0          NO
ED30R            0          0          0          NO
ED380            0          0          0          NO
ED360            0          0          0          NO
ED340            0          0          0          NO
ED320            0          0          0          NO
ED300            0          0          0          NO
ED280            0          0          0          NO
ED260            0          0          0          NO
ED250            0          0          0          NO
ED230            0          0          0          NO
ED210            0          0          0          NO
ED190            0          0          0          NO
ED180            0          0          0          NO
ED160            0          0          0          NO
ED140            0          0          0          NO
ED120            0          0          0          NO
ED100            0          0          0          NO
ED90             0          0          0          NO
ED70             0          0          0          NO
ED60             0          0          0          NO
ED40             0          0          0          NO
ED20             0          0          0          NO
MS960            0          0          0          NO
MS950            0          0          0          NO
SE910            0          0          0          NO
SE900            0          0          0          NO
SE890            0          0          0          NO
PR550            0          0          0          NO
PR540            0          0          0          NO
PR530            0          0          0          NO
PR520            0          0          0          NO
AR630P1          0          0          0          NO
AR620            0          0          0          NO
AR610            0          0          0          NO
AR600            0          0          0          NO
AR590            0          0          0          NO
AR580            0          0          0          NO
AR570            0          0          0          NO
AR560            0          0          0          NO
AR580R           0          0          0          NO
CC1045           0          0          0          NO
CC1040P1         0          0          0          NO
CC1030           0          0          0          NO
CC1020           0          0          0          NO
CC1010           0          0          0          NO
CC1000           0          0          0          NO
CC990            0          0          0          NO
CC980            0          0          0          NO
CC970            0          0          0          NO
KC500            0          0          0          NO
KC490            0          0          0          NO
KC480            0          0          0          NO
KC470            0          0          0          NO
KC460            0          0          0          NO
KC940            0          0          0          NO
KC930            0          0          0          NO
KC920            0          0          0          NO
KC450            0          0          0          NO
KC440            0          0          0          NO
KC430            0          0          0          NO
KC420            0          0          0          NO
KC410            0          0          0          NO
KC400            0          0          0          NO
KC390            0          0          0          NO
PR510R           0          0          0          NO
SE890A           0          0          0          NO
IH870            0          0          0          NO
IH865            0          0          0          NO
IH840            0          0          0          NO
IH810            0          0          0          NO
IH790            0          0          0          NO
IH780            0          0          0          NO
IH770            0          0          0          NO
IH754            0          0          0          NO
IH756            0          0          0          NO
IH760            0          0          0          NO
IH758            0          0          0          NO
IH800            0          0          0          NO
IH798            0          0          0          NO
IH830            0          0          0          NO
IH828            0          0          0          NO
IH820            0          0          0          NO
IH752            0          0          0          NO
IH860            0          0          0          NO
IH855            0          0          0          NO
IH850            0          0          0          NO
IH757            0          0          0          NO
IH755            0          0          0          NO
IH758A           0          0          0          NO
442              0          0          0          NO
IH759            0          0          0          NO
KC404            0          0          0          NO
KC392            0          0          0          NO
KC412            0          0          0          NO
KC416            0          0          0          NO
KC446            0          0          0          NO
KC456            0          0          0          NO

[COORDINATES]
;;Node           X-Coord            Y-Coord
;;-------------- ------------------ ------------------
880              404.73             -28.74            
370              356.56             1.89              
360              354.31             -13.43            
350              357.57             -41.34            
340              360.46             -58.78            
330              367.58             -80.35            
320              377.03             -102.96           
310              415.97             -128.68           
300              443.47             -128.65           
290              463.30             -144.78           
280              479.04             -160.88           
270              496.68             -178.16           
260              517.39             -196.42           
240              543.33             -234.90           
230              567.59             -236.67           
220              591.23             -244.92           
210              614.78             -247.86           
200              638.33             -246.69           
190              661.88             -246.10           
170              704.86             -241.61           
160              735.35             -238.21           
150              764.35             -243.71           
140              790.03             -249.21           
130              815.71             -260.40           
120              838.55             -259.81           
110              859.26             -260.60           
100              901.74             -264.13           
80               930.86             -316.36           
70               935.47             -356.81           
60               926.83             -389.79           
30               926.68             -470.07           
20               933.02             -503.84           
380              356.56             21.89             
250              526.50             -220.38           
180              684.75             -239.12           
90               933.58             -275.71           
40               919.22             -431.78           
10               933.30             -543.11           
960              507.35             260.73            
950              463.49             235.93            
460              404.47             197.78            
910              482.78             24.37             
900              440.23             18.83             
890              404.79             16.04             
550              884.82             -35.64            
540              895.23             -83.18            
530              898.64             -134.65           
520              906.60             -182.20           
510              925.29             -234.45           
630              678.26             162.09            
620              670.90             111.88            
610              674.90             61.67             
600              676.06             5.96              
590              676.27             -35.61            
580              674.59             -88.96            
570              702.26             -132.10           
560              681.17             -174.46           
1045             287.91             -291.21           
1040             313.47             -286.13           
1030             341.87             -281.05           
1020             361.08             -275.97           
1010             384.75             -269.32           
1000             406.25             -264.25           
990              429.92             -257.60           
980              451.70             -253.31           
970              473.48             -245.09           
500              404.70             286.30            
490              404.17             265.45            
480              403.17             246.16            
470              404.06             219.81            
450              404.78             169.84            
940              530.28             113.37            
930              483.71             130.75            
920              448.34             154.42            
440              405.20             143.48            
430              405.61             112.42            
420              396.56             89.99             
410              385.76             73.85             
400              376.12             56.53             
390              365.56             40.14             
1050             254.77             -296.28           
875              377.75             -23.35            
870              266.55             -56.39            
865              266.14             -43.44            
860              265.57             -26.33            
850              265.11             -9.83             
840              264.98             0.72              
830              263.82             18.24             
820              259.51             42.12             
810              270.40             53.14             
800              284.60             62.20             
790              311.86             59.79             
780              320.39             66.53             
770              314.57             35.82             
754              352.84             44.53             
756              349.48             58.64             
758              341.52             61.84             
798              296.13             61.43             
828              261.14             30.13             
752              343.93             17.72             
759              322.60             32.21             
855              265.40             -18.43            
757              329.24             26.78             
755              336.35             22.28             
760              328.12             65.76             
757r             323.60             12.69             
758A             332.90             47.99             
394              354.83             95.11             
404              368.27             88.59             
392              360.41             63.94             
412              395.94             48.78             
416              379.99             104.15            
446              385.05             139.55            
456              382.80             172.45            

[MAP]
DIMENSIONS 254.77 -543.11 935.47 286.30
Units      None

[REPORT]
INPUT            YES
SUBCATCHMENTS    ALL
NODES            ALL
LINKS            ALL



