;; SWMM5 .inp converted from XPSWMM .xp file
;; Generated by XPSWMM Card Reader
;; Source format: XP_CARD | Original title: COAST TRUNK SEWER - Ultimate Dry Weather Flows

[TITLE]
;;Project Title/Notes
COAST TRUNK SEWER - Ultimate Dry Weather Flows

[OPTIONS]
FLOW_UNITS           CFS
INFILTRATION         HORTON
FLOW_ROUTING         DYNWAVE
LINK_OFFSETS         DEPTH
MIN_SLOPE            0.0
ALLOW_PONDING        NO
SKIP_STEADY_STATE    NO
ROUTING_STEP         00:00:02
VARIABLE_STEP        0.75
INERTIAL_DAMPING     PARTIAL
NORMAL_FLOW_LIMITED  BOTH
MAX_TRIALS           100
HEAD_TOLERANCE       0.0033

[JUNCTIONS]
;;Name           Elev       MaxDepth   InitDepth  SurDepth   Aponded
;;-------------- ---------- ---------- ---------- ---------- ----------
0                2.60       0          0          0          0
0                2.50       0          0          0          0
0                2.50       0          0          0          0
0                2.50       0          0          0          0
0                2.50       0          0          0          0
0                2.50       0          0          0          0
0                4.00       0          0          0          0
0                4.50       0          0          0          0
0                4.50       0          0          0          0
0                2.85       0          0          0          0
0                2.50       0          0          0          0
0                2.75       0          0          0          0
0                3.00       0          0          0          0
0                4.50       0          0          0          0
0                4.50       0          0          0          0
0                4.50       0          0          0          0
0                6.00       0          0          0          0
0                6.00       0          0          0          0
0                6.00       0          0          0          0
0                6.50       0          0          0          0
0                6.50       0          0          0          0
0                6.00       0          0          0          0
0                6.50       0          0          0          0
0                6.00       0          0          0          0
0                6.00       0          0          0          0
0                16.50      0          0          0          0
0                18.00      0          0          0          0
0                33.50      0          0          0          0
0                33.50      0          0          0          0
0                35.50      0          0          0          0
0                35.50      0          0          0          0
0                35.25      0          0          0          0
0                36.50      0          0          0          0
0                38.50      0          0          0          0
0                51.00      0          0          0          0
0                51.00      0          0          0          0
0                49.50      0          0          0          0
0                48.50      0          0          0          0
0                50.00      0          0          0          0
0                50.00      0          0          0          0
0                55.50      0          0          0          0
0                65.00      0          0          0          0
0                60.00      0          0          0          0
0                66.00      0          0          0          0
0                66.00      0          0          0          0
0                66.00      0          0          0          0
0                65.00      0          0          0          0
0                62.50      0          0          0          0
0                62.50      0          0          0          0
0                65.00      0          0          0          0
0                64.50      0          0          0          0
0                62.50      0          0          0          0
0                10.00      0          0          0          0
0                8.00       0          0          0          0
0                8.50       0          0          0          0
0                6.00       0          0          0          0
0                9.00       0          0          0          0
0                9.00       0          0          0          0
0                9.00       0          0          0          0
0                7.00       0          0          0          0
0                7.50       0          0          0          0
0                7.50       0          0          0          0
0                8.00       0          0          0          0
0                9.00       0          0          0          0
0                7.50       0          0          0          0
0                8.00       0          0          0          0
0                13.00      0          0          0          0
0                13.50      0          0          0          0
0                13.50      0          0          0          0
0                13.50      0          0          0          0
0                26.00      0          0          0          0
0                28.00      0          0          0          0
0                28.00      0          0          0          0
0                28.00      0          0          0          0
0                29.20      0          0          0          0
0                28.80      0          0          0          0
0                27.50      0          0          0          0
0                28.00      0          0          0          0
0                28.50      0          0          0          0
0                29.10      0          0          0          0
0                31.00      0          0          0          0
0                35.10      0          0          0          0
0                36.90      0          0          0          0
0                30.00      0          0          0          0
0                30.00      0          0          0          0
0                38.80      0          0          0          0
0                28.90      0          0          0          0
0                28.70      0          0          0          0
0                28.00      0          0          0          0
0                27.60      0          0          0          0
0                27.50      0          0          0          0
0                29.50      0          0          0          0
0                30.10      0          0          0          0
0                30.80      0          0          0          0
0                31.10      0          0          0          0
0                30.50      0          0          0          0
0                31.00      0          0          0          0
0                32.40      0          0          0          0
0                8.00       0          0          0          0
0                7.90       0          0          0          0
0                7.10       0          0          0          0
0                3.00       0          0          0          0
0                2.70       0          0          0          0
0                3.70       0          0          0          0
0                14.50      0          0          0          0
0                14.80      0          0          0          0
0                3.10       0          0          0          0
0                3.10       0          0          0          0
0                18.50      0          0          0          0
0                29.10      0          0          0          0
0                33.00      0          0          0          0
0                33.80      0          0          0          0
0                36.70      0          0          0          0
0                36.80      0          0          0          0
0                37.80      0          0          0          0
0                38.80      0          0          0          0
0                40.00      0          0          0          0
0                40.60      0          0          0          0
0                40.50      0          0          0          0
0                40.00      0          0          0          0
0                39.60      0          0          0          0
0                40.00      0          0          0          0
0                41.00      0          0          0          0
0                41.60      0          0          0          0
0                40.00      0          0          0          0
0                36.00      0          0          0          0
0                37.40      0          0          0          0
0                38.70      0          0          0          0
0                39.50      0          0          0          0
0                39.60      0          0          0          0

[STORAGE]
;;Name           Elev       MaxDepth   InitDepth  Shape      Curve/Params
;;-------------- ---------- ---------- ---------- ---------- ----------
0                20.10      0          0          FUNCTIONAL 100.00 0          0

[CONDUITS]
;;Name           From             To               Length     Roughness  InOffset   OutOffset  InitFlow   MaxFlow
;;-------------- ---------------- ---------------- ---------- ---------- ---------- ---------- ---------- ----------
201              0                0                41.00      0.0130     -8.32      -8.33      0          0
202              0                0                185.10     0.0130     -8.25      -8.32      0          0
203              0                0                1001.90    0.0130     -7.50      -8.25      0          0
204              0                0                145.00     0.0130     -7.33      -7.50      0          0
205              0                0                248.90     0.0130     -7.20      -7.33      0          0
206              0                0                383.10     0.0130     -6.89      -7.20      0          0
207              0                0                706.90     0.0130     -6.39      -6.89      0          0
208              0                0                980.10     0.0134     -5.70      -6.39      0          0
209              0                0                341.60     0.0130     -5.47      -5.70      0          0
210              0                0                318.40     0.0142     -5.20      -5.47      0          0
211              0                0                262.00     0.0130     -5.10      -5.20      0          0
212              0                0                255.00     0.0130     -5.05      -5.10      0          0
213              0                0                265.00     0.0130     -4.99      -5.05      0          0
214              0                0                226.00     0.0130     -4.67      -4.99      0          0
215              0                0                1068.00    0.0130     -4.09      -4.67      0          0
216              0                0                125.00     0.0130     -3.87      -4.09      0          0
217              0                0                135.00     0.0130     -3.63      -3.87      0          0
218              0                0                335.00     0.0130     -3.20      -3.63      0          0
219              0                0                450.00     0.0130     -2.85      -3.20      0          0
220              0                0                414.00     0.0130     -2.65      -2.85      0          0
221              0                0                122.10     0.0130     -2.40      -2.65      0          0
222              0                0                597.60     0.0130     -1.90      -2.40      0          0
223              0                0                669.80     0.0130     -1.30      -1.90      0          0
224              0                0                60.50      0.0130     -1.25      -1.30      0          0
225              0                0                1032.40    0.0133     1.75       -1.25      0          0
226              0                0                213.00     0.0130     2.25       1.75       0          0
227              0                0                101.40     0.0130     8.16       3.56       0          0
228              0                0                276.40     0.0130     20.50      8.16       0          0
229              0                0                350.90     0.0130     21.81      20.50      0          0
230              0                0                661.70     0.0130     23.54      21.81      0          0
231              0                0                1319.30    0.0132     26.70      23.54      0          0
232              0                0                306.00     0.0130     27.70      26.70      0          0
233              0                0                358.00     0.0130     28.00      27.70      0          0
234              0                0                656.00     0.0130     36.00      28.30      0          0
235              0                0                659.00     0.0130     37.58      36.00      0          0
236              0                0                336.00     0.0130     38.30      37.58      0          0
237              0                0                324.00     0.0130     39.17      38.30      0          0
238              0                0                561.50     0.0130     40.51      39.17      0          0
239              0                0                408.40     0.0130     41.49      40.51      0          0
240              0                0                172.10     0.0130     41.90      41.49      0          0
241              0                0                176.20     0.0130     42.34      41.90      0          0
242              0                0                335.80     0.0136     44.16      42.60      0          0
243              0                0                328.00     0.0130     45.66      44.16      0          0
244              0                0                634.00     0.0130     48.56      45.66      0          0
245              0                0                120.00     0.0130     50.00      48.56      0          0
246              0                0                593.70     0.0130     50.06      50.00      0          0
247              0                0                664.10     0.0130     51.54      50.06      0          0
248              0                0                295.00     0.0139     52.90      51.54      0          0
249              0                0                507.20     0.0130     53.40      52.90      0          0
250              0                0                235.00     0.0130     53.82      53.40      0          0
251              0                0                662.00     0.0134     55.28      53.82      0          0
252              0                0                635.50     0.0130     56.66      55.28      0          0
254              0                0                474.00     0.0130     -14.30     -14.38     0          0
255              0                0                328.80     0.0130     -14.25     -14.30     0          0
256              0                0                687.80     0.0130     -14.14     -14.25     0          0
257              0                0                867.20     0.0130     -14.00     -14.14     0          0
258              0                0                1087.00    0.0142     -13.80     -14.00     0          0
259              0                0                1272.00    0.0130     -13.59     -13.80     0          0
260              0                0                1160.00    0.0130     -11.73     -13.59     0          0
261              0                0                1016.00    0.0130     -11.34     -11.73     0          0
262              0                0                779.10     0.0130     -11.12     -11.34     0          0
263              0                0                265.30     0.0210     -11.12     -11.12     0          0
264              0                0                412.40     0.0130     -11.01     -11.12     0          0
265              0                0                1157.20    0.0130     -10.31     -10.54     0          0
266              0                0                1086.80    0.0130     -8.23      -10.31     0          0
267              0                0                730.00     0.0130     -5.94      -8.23      0          0
268              0                0                724.50     0.0130     -5.42      -5.94      0          0
269              0                0                1026.70    0.0130     -3.70      -5.42      0          0
270              0                0                800.50     0.0130     -2.12      -3.70      0          0
271              0                0                1293.30    0.0130     -0.67      -2.12      0          0
272              0                0                288.80     0.0130     -0.14      -0.65      0          0
273              0                0                153.20     0.0130     -0.04      -0.14      0          0
274              0                0                77.90      0.0130     0.08       -0.04      0          0
275              0                0                515.20     0.0130     0.66       0.08       0          0
276              0                0                320.50     0.0130     1.18       0.66       0          0
277              0                0                321.80     0.0130     1.72       1.18       0          0
278              0                0                313.20     0.0130     2.22       1.72       0          0
279              0                0                329.00     0.0130     2.75       2.22       0          0
280              0                0                312.00     0.0130     3.21       2.75       0          0
281              0                0                324.50     0.0130     3.80       3.21       0          0
282              0                0                323.00     0.0130     4.24       3.81       0          0
283              0                0                322.00     0.0130     4.67       4.24       0          0
284              0                0                345.00     0.0130     5.12       4.67       0          0
285              0                0                324.00     0.0130     5.55       5.12       0          0
286              0                0                179.00     0.0130     5.78       5.55       0          0
287              0                0                148.00     0.0130     5.97       5.78       0          0
288              0                0                324.50     0.0130     6.40       5.97       0          0
289              0                0                318.00     0.0130     6.76       6.40       0          0
290              0                0                313.50     0.0130     7.10       6.76       0          0
291              0                0                513.50     0.0130     7.66       7.10       0          0
292              0                0                823.50     0.0139     8.65       7.76       0          0
293              0                0                166.00     0.0170     8.92       8.75       0          0
294              0                0                326.00     0.0130     9.25       8.92       0          0
295              0                0                326.00     0.0130     9.58       9.25       0          0
296              0                0                319.50     0.0130     9.91       9.58       0          0
297              0                0                327.00     0.0130     10.24      9.91       0          0
298              0                0                247.40     0.0130     10.50      10.24      0          0
299              0                0                111.90     0.0130     -10.00     -10.50     0          0
300              0                0                46.00      0.0130     -9.99      -10.00     0          0
301              0                0                1586.20    0.0134     -9.71      -9.99      0          0
302              0                0                599.00     0.0130     -9.09      -9.71      0          0
303              0                0                28.00      0.0130     -9.09      -9.09      0          0
304              0                0                868.40     0.0130     -3.50      -4.50      0          0
305              0                0                370.00     0.0130     -3.01      -3.50      0          0
306              0                0                110.00     0.0130     -2.90      -3.01      0          0
307              0                0                480.20     0.0130     -2.32      -2.90      0          0
308              0                0                206.50     0.0130     -2.07      -2.32      0          0
309              0                0                658.40     0.0130     -1.28      -2.07      0          0
310              0                0                295.00     0.0130     9.13       -0.90      0          0
311              0                0                482.00     0.0130     9.90       9.13       0          0
312              0                0                691.00     0.0130     11.01      9.90       0          0
313              0                0                315.00     0.0136     14.23      13.60      0          0
314              0                0                323.20     0.0130     14.88      14.23      0          0
315              0                0                179.00     0.0130     15.50      14.88      0          0
316              0                0                348.00     0.0130     16.20      15.50      0          0
317              0                0                350.00     0.0130     16.90      16.20      0          0
318              0                0                150.00     0.0130     17.60      16.90      0          0
319              0                0                550.00     0.0130     18.30      17.60      0          0
320              0                0                350.00     0.0130     19.00      18.30      0          0
321              0                0                350.00     0.0130     19.70      19.00      0          0
322              0                0                350.00     0.0130     20.40      19.70      0          0
323              0                0                350.00     0.0130     21.10      20.40      0          0
324              0                0                350.00     0.0130     21.80      21.10      0          0
325              0                0                313.00     0.0130     22.43      21.80      0          0
326              0                0                313.00     0.0130     23.05      22.43      0          0
327              0                0                368.80     0.0130     23.79      23.05      0          0
328              0                0                263.50     0.0130     24.32      23.79      0          0
329              0                0                185.50     0.0130     24.69      24.32      0          0
330              0                0                335.00     0.0130     25.36      24.69      0          0
331              0                0                349.20     0.0130     26.06      25.36      0          0

[XSECTIONS]
;;Link           Shape        Geom1      Geom2      Geom3      Geom4      Barrels
;;-------------- ------------ ---------- ---------- ---------- ---------- ----------
201              CIRCULAR     3.00       0          0          0          1
202              CIRCULAR     3.00       0          0          0          1
203              CIRCULAR     3.00       0          0          0          1
204              CIRCULAR     2.75       0          0          0          1
205              CIRCULAR     3.00       0          0          0          1
206              CIRCULAR     3.00       0          0          0          1
207              CIRCULAR     2.75       0          0          0          1
208              CIRCULAR     2.75       0          0          0          1
209              CIRCULAR     2.75       0          0          0          1
210              CIRCULAR     2.75       0          0          0          1
211              CIRCULAR     2.75       0          0          0          1
212              CIRCULAR     2.75       0          0          0          1
213              CIRCULAR     2.75       0          0          0          1
214              CIRCULAR     2.75       0          0          0          1
215              CIRCULAR     2.75       0          0          0          1
216              CIRCULAR     2.75       0          0          0          1
217              CIRCULAR     2.75       0          0          0          1
218              CIRCULAR     2.50       0          0          0          1
219              CIRCULAR     2.50       0          0          0          1
220              CIRCULAR     2.50       0          0          0          1
221              CIRCULAR     2.50       0          0          0          1
222              CIRCULAR     2.50       0          0          0          1
223              CIRCULAR     2.50       0          0          0          1
224              CIRCULAR     2.50       0          0          0          1
225              CIRCULAR     2.00       0          0          0          1
226              CIRCULAR     2.00       0          0          0          1
227              CIRCULAR     1.25       0          0          0          1
228              CIRCULAR     1.25       0          0          0          1
229              CIRCULAR     2.00       0          0          0          1
230              CIRCULAR     2.00       0          0          0          1
231              CIRCULAR     2.00       0          0          0          1
232              CIRCULAR     2.00       0          0          0          1
233              CIRCULAR     2.00       0          0          0          1
234              CIRCULAR     1.50       0          0          0          1
235              CIRCULAR     2.00       0          0          0          1
236              CIRCULAR     2.00       0          0          0          1
237              CIRCULAR     2.00       0          0          0          1
238              CIRCULAR     2.00       0          0          0          1
239              CIRCULAR     2.00       0          0          0          1
240              CIRCULAR     2.00       0          0          0          1
241              CIRCULAR     2.00       0          0          0          1
242              CIRCULAR     1.75       0          0          0          1
243              CIRCULAR     1.75       0          0          0          1
244              CIRCULAR     1.75       0          0          0          1
245              CIRCULAR     2.00       0          0          0          1
246              CIRCULAR     2.00       0          0          0          1
247              CIRCULAR     2.00       0          0          0          1
248              CIRCULAR     2.00       0          0          0          1
249              CIRCULAR     2.00       0          0          0          1
250              CIRCULAR     2.00       0          0          0          1
251              CIRCULAR     2.00       0          0          0          1
252              CIRCULAR     2.00       0          0          0          1
254              CIRCULAR     7.00       0          0          0          1
255              CIRCULAR     7.00       0          0          0          1
256              CIRCULAR     7.00       0          0          0          1
257              CIRCULAR     7.00       0          0          0          1
258              CIRCULAR     7.00       0          0          0          1
259              CIRCULAR     7.00       0          0          0          1
260              CIRCULAR     7.00       0          0          0          1
261              CIRCULAR     7.00       0          0          0          1
262              CIRCULAR     7.00       0          0          0          1
263              CIRCULAR     7.00       0          0          0          1
264              CIRCULAR     7.00       0          0          0          1
265              CIRCULAR     4.50       0          0          0          1
266              CIRCULAR     4.50       0          0          0          1
267              CIRCULAR     4.50       0          0          0          1
268              CIRCULAR     4.50       0          0          0          1
269              CIRCULAR     4.50       0          0          0          1
270              CIRCULAR     4.50       0          0          0          1
271              CIRCULAR     4.50       0          0          0          1
272              CIRCULAR     6.00       0          0          0          1
273              CIRCULAR     4.50       0          0          0          1
274              CIRCULAR     4.50       0          0          0          1
275              CIRCULAR     4.50       0          0          0          1
276              CIRCULAR     4.50       0          0          0          1
277              CIRCULAR     4.50       0          0          0          1
278              CIRCULAR     4.50       0          0          0          1
279              CIRCULAR     4.50       0          0          0          1
280              CIRCULAR     4.50       0          0          0          1
281              CIRCULAR     4.50       0          0          0          1
282              CIRCULAR     4.50       0          0          0          1
283              CIRCULAR     4.50       0          0          0          1
284              CIRCULAR     4.50       0          0          0          1
285              CIRCULAR     4.50       0          0          0          1
286              CIRCULAR     4.50       0          0          0          1
287              CIRCULAR     4.50       0          0          0          1
288              CIRCULAR     4.50       0          0          0          1
289              CIRCULAR     4.50       0          0          0          1
290              CIRCULAR     4.50       0          0          0          1
291              CIRCULAR     4.50       0          0          0          1
292              CIRCULAR     4.50       0          0          0          1
293              CIRCULAR     4.50       0          0          0          1
294              CIRCULAR     4.50       0          0          0          1
295              CIRCULAR     4.50       0          0          0          1
296              CIRCULAR     4.50       0          0          0          1
297              CIRCULAR     4.50       0          0          0          1
298              CIRCULAR     4.50       0          0          0          1
299              CIRCULAR     4.00       0          0          0          1
300              CIRCULAR     4.00       0          0          0          1
301              CIRCULAR     4.00       0          0          0          1
302              CIRCULAR     4.00       0          0          0          1
303              CIRCULAR     4.00       0          0          0          1
304              CIRCULAR     1.50       0          0          0          1
305              CIRCULAR     1.50       0          0          0          1
306              CIRCULAR     1.50       0          0          0          1
307              CIRCULAR     1.50       0          0          0          1
308              CIRCULAR     1.50       0          0          0          1
309              CIRCULAR     1.50       0          0          0          1
310              CIRCULAR     1.50       0          0          0          1
311              CIRCULAR     1.50       0          0          0          1
312              CIRCULAR     1.50       0          0          0          1
313              CIRCULAR     1.50       0          0          0          1
314              CIRCULAR     1.50       0          0          0          1
315              CIRCULAR     1.50       0          0          0          1
316              CIRCULAR     1.25       0          0          0          1
317              CIRCULAR     1.25       0          0          0          1
318              CIRCULAR     1.25       0          0          0          1
319              CIRCULAR     1.25       0          0          0          1
320              CIRCULAR     1.25       0          0          0          1
321              CIRCULAR     1.25       0          0          0          1
322              CIRCULAR     1.25       0          0          0          1
323              CIRCULAR     1.25       0          0          0          1
324              CIRCULAR     1.25       0          0          0          1
325              CIRCULAR     1.25       0          0          0          1
326              CIRCULAR     1.25       0          0          0          1
327              CIRCULAR     1.25       0          0          0          1
328              CIRCULAR     1.25       0          0          0          1
329              CIRCULAR     1.25       0          0          0          1
330              CIRCULAR     1.25       0          0          0          1
331              CIRCULAR     1.25       0          0          0          1

[LOSSES]
;;Link           Inlet      Outlet     Average    Flap Gate
;;-------------- ---------- ---------- ---------- ----------
201              0          0          0          NO
202              0          0          0          NO
203              0          0          0          NO
204              0          0          0          NO
205              0          0          0          NO
206              0          0          0          NO
207              0          0          0          NO
208              0          0          0          NO
209              0          0          0          NO
210              0          0          0          NO
211              0          0          0          NO
212              0          0          0          NO
213              0          0          0          NO
214              0          0          0          NO
215              0          0          0          NO
216              0          0          0          NO
217              0          0          0          NO
218              0          0          0          NO
219              0          0          0          NO
220              0          0          0          NO
221              0          0          0          NO
222              0          0          0          NO
223              0          0          0          NO
224              0          0          0          NO
225              0          0          0          NO
226              0          0          0          NO
227              0          0          0          NO
228              0          0          0          NO
229              0          0          0          NO
230              0          0          0          NO
231              0          0          0          NO
232              0          0          0          NO
233              0          0          0          NO
234              0          0          0          NO
235              0          0          0          NO
236              0          0          0          NO
237              0          0          0          NO
238              0          0          0          NO
239              0          0          0          NO
240              0          0          0          NO
241              0          0          0          NO
242              0          0          0          NO
243              0          0          0          NO
244              0          0          0          NO
245              0          0          0          NO
246              0          0          0          NO
247              0          0          0          NO
248              0          0          0          NO
249              0          0          0          NO
250              0          0          0          NO
251              0          0          0          NO
252              0          0          0          NO
254              0          0          0          NO
255              0          0          0          NO
256              0          0          0          NO
257              0          0          0          NO
258              0          0          0          NO
259              0          0          0          NO
260              0          0          0          NO
261              0          0          0          NO
262              0          0          0          NO
263              0          0          0          NO
264              0          0          0          NO
265              0          0          0          NO
266              0          0          0          NO
267              0          0          0          NO
268              0          0          0          NO
269              0          0          0          NO
270              0          0          0          NO
271              0          0          0          NO
272              0          0          0          NO
273              0          0          0          NO
274              0          0          0          NO
275              0          0          0          NO
276              0          0          0          NO
277              0          0          0          NO
278              0          0          0          NO
279              0          0          0          NO
280              0          0          0          NO
281              0          0          0          NO
282              0          0          0          NO
283              0          0          0          NO
284              0          0          0          NO
285              0          0          0          NO
286              0          0          0          NO
287              0          0          0          NO
288              0          0          0          NO
289              0          0          0          NO
290              0          0          0          NO
291              0          0          0          NO
292              0          0          0          NO
293              0          0          0          NO
294              0          0          0          NO
295              0          0          0          NO
296              0          0          0          NO
297              0          0          0          NO
298              0          0          0          NO
299              0          0          0          NO
300              0          0          0          NO
301              0          0          0          NO
302              0          0          0          NO
303              0          0          0          NO
304              0          0          0          NO
305              0          0          0          NO
306              0          0          0          NO
307              0          0          0          NO
308              0          0          0          NO
309              0          0          0          NO
310              0          0          0          NO
311              0          0          0          NO
312              0          0          0          NO
313              0          0          0          NO
314              0          0          0          NO
315              0          0          0          NO
316              0          0          0          NO
317              0          0          0          NO
318              0          0          0          NO
319              0          0          0          NO
320              0          0          0          NO
321              0          0          0          NO
322              0          0          0          NO
323              0          0          0          NO
324              0          0          0          NO
325              0          0          0          NO
326              0          0          0          NO
327              0          0          0          NO
328              0          0          0          NO
329              0          0          0          NO
330              0          0          0          NO
331              0          0          0          NO

[COORDINATES]
;;Node           X-Coord            Y-Coord
;;-------------- ------------------ ------------------
0                -2184743.46        6035514.79        
0                -2185048.92        6035527.39        
0                -2185354.38        6035540.00        
0                -2185659.84        6035552.60        
0                -2185965.30        6035565.21        
0                -2186362.05        6035551.29        
0                -2186758.80        6035537.36        
0                -2186758.80        6034916.64        
0                -2187073.14        6034295.93        
0                -2187387.47        6034295.93        
0                -2187701.80        6034295.93        
0                -2188016.14        6034295.93        
0                -2188330.47        6034295.93        
0                -2188644.80        6034295.93        
0                -2188959.13        6034295.93        
0                -2189273.47        6034295.93        
0                -2189587.80        6034295.93        
0                -2189960.53        6034295.93        
0                -2190333.27        6034295.93        
0                -2190706.00        6034295.93        
0                -2191078.73        6034295.93        
0                -2191451.47        6034295.93        
0                -2191824.20        6034295.93        
0                -2192196.94        6034296.13        
0                -2192196.94        6033960.35        
0                -2192196.94        6033624.57        
0                -2192196.94        6033288.79        
0                -2192196.94        6032715.30        
0                -2192196.94        6032141.81        
0                -2192196.94        6031568.32        
0                -2192731.32        6031568.32        
0                -2193265.70        6031568.32        
0                -2194334.47        6031568.32        
0                -2194868.85        6031568.32        
0                -2195223.33        6031568.32        
0                -2195577.81        6031568.32        
0                -2195932.29        6031568.32        
0                -2196286.77        6031568.32        
0                -2196641.25        6031568.32        
0                -2196995.72        6031568.32        
0                -2197350.20        6031568.32        
0                -2197350.20        6031136.54        
0                -2197350.20        6030704.75        
0                -2197350.20        6030272.96        
0                -2197350.20        6029813.96        
0                -2197350.20        6029354.96        
0                -2197350.20        6028895.96        
0                -2197709.89        6028895.96        
0                -2198069.57        6028895.96        
0                -2198429.25        6028895.96        
0                -2198429.25        6028294.42        
0                -2198429.25        6027692.88        
0                -2180182.09        6042264.91        
0                -2179951.09        6041644.91        
0                -2179720.09        6041024.91        
0                -2179254.09        6040631.91        
0                -2178788.09        6040238.91        
0                -2179260.41        6039503.29        
0                -2179732.73        6038767.66        
0                -2180205.05        6038032.04        
0                -2180677.36        6037296.41        
0                -2181149.68        6036560.79        
0                -2181622.00        6035825.16        
0                -2182094.32        6035089.54        
0                -2182679.60        6034309.36        
0                -2183264.88        6033529.19        
0                -2183850.16        6032749.02        
0                -2184197.68        6032279.04        
0                -2184545.20        6031809.06        
0                -2184892.72        6031339.08        
0                -2185240.24        6030869.09        
0                -2185587.76        6030399.11        
0                -2185935.28        6029929.13        
0                -2186282.80        6029459.15        
0                -2186648.86        6029227.23        
0                -2187014.93        6028995.32        
0                -2187380.99        6028763.40        
0                -2187587.31        6028536.55        
0                -2187793.64        6028309.70        
0                -2187999.96        6028082.85        
0                -2188206.28        6027856.01        
0                -2188356.12        6027686.13        
0                -2188505.95        6027516.24        
0                -2188655.79        6027346.36        
0                -2188805.62        6027176.48        
0                -2188955.45        6027006.60        
0                -2189105.29        6026836.72        
0                -2189255.12        6026666.83        
0                -2189584.57        6026297.37        
0                -2189914.02        6025927.90        
0                -2190243.47        6025558.43        
0                -2191063.23        6026103.50        
0                -2191209.20        6025949.82        
0                -2191355.18        6025796.13        
0                -2191501.15        6025642.44        
0                -2191647.13        6025488.75        
0                -2191793.10        6025335.06        
0                -2191939.08        6025181.38        
0                -2182206.20        6035089.54        
0                -2182206.20        6035043.54        
0                -2183846.66        6035491.87        
0                -2184142.33        6035497.02        
0                -2184438.00        6035502.18        
0                -2186935.09        6033738.42        
0                -2186797.05        6033180.91        
0                -2186797.05        6032917.43        
0                -2186797.05        6032653.95        
0                -2186797.05        6032390.47        
0                -2186797.05        6031863.51        
0                -2186797.05        6031600.03        
0                -2186797.05        6030805.23        
0                -2186781.87        6030199.14        
0                -2186222.41        6029956.08        
0                -2186509.73        6029983.25        
0                -2186812.22        6029997.84        
0                -2187134.42        6030010.42        
0                -2187471.79        6030010.42        
0                -2187809.16        6030010.42        
0                -2188146.53        6030010.42        
0                -2188483.91        6030010.42        
0                -2188821.28        6030010.42        
0                -2189158.65        6030010.42        
0                -2189496.02        6030010.42        
0                -2189833.39        6030010.42        
0                -2190170.77        6030010.42        
0                -2190508.14        6030010.42        
0                -2190845.51        6030010.42        
0                -2191182.88        6030010.42        
0                -2191520.26        6030010.42        
0                -2191857.63        6030010.42        
0                -2192195.00        6030010.42        

[MAP]
DIMENSIONS -2198429.25 6025181.38 -2178788.09 6042264.91
Units      None

[REPORT]
INPUT            YES
SUBCATCHMENTS    ALL
NODES            ALL
LINKS            ALL



