;; SWMM5 .inp converted from XPSWMM .xp file
;; Generated by XPSWMM Card Reader
;; Source format: XP_CARD | Original title: TEXACO SOUTH CATCH BASIN - EXTRAN MODEL

[TITLE]
;;Project Title/Notes
TEXACO SOUTH CATCH BASIN - EXTRAN MODEL

[OPTIONS]
FLOW_UNITS           CFS
INFILTRATION         HORTON
FLOW_ROUTING         DYNWAVE
LINK_OFFSETS         DEPTH
MIN_SLOPE            0.0
ALLOW_PONDING        NO
SKIP_STEADY_STATE    NO
ROUTING_STEP         00:00:10
VARIABLE_STEP        0.75
INERTIAL_DAMPING     PARTIAL
NORMAL_FLOW_LIMITED  BOTH
MAX_TRIALS           50
HEAD_TOLERANCE       0.0033

[JUNCTIONS]
;;Name           Elev       MaxDepth   InitDepth  SurDepth   Aponded
;;-------------- ---------- ---------- ---------- ---------- ----------
1000             93.00      0          1.80       0          0
1001             94.50      0          8.50       0          0
1002             94.71      0          0          0          0
1003             94.62      0          0          0          0
1004             94.82      0          0          0          0
1005             95.23      0          0.72       0          0
1006             96.00      0          1.05       0          0
1007             94.89      0          0.41       0          0
1008             94.46      0          0          0          0
1009             98.17      0          0.18       0          0
1010             96.96      0          0          0          0
1011             97.48      0          0          0          0
1012             96.57      0          0          0          0
1013             96.65      0          0          0          0
1014             94.46      0          0          0          0
1015             94.66      0          0          0          0
1016             94.82      0          0          0          0
1017             95.13      0          0          0          0
1018             95.12      0          0          0          0
SEPR3            95.10      0          5.00       0          0
1                93.16      0          2.59       0          0
5                95.43      0          0          0          0
8                99.74      0          0          0          0
9                99.77      0          0          0          0
10               99.92      0          0          0          0
11               99.97      0          0          0          0
12               95.53      0          0          0          0
13               95.66      0          0          0          0
14               95.66      0          0          0          0
100              111.84     0          0          0          0
101              111.08     0          0          0          0
101A             109.80     0          0          0          0
102              110.61     0          0          0          0
103              109.76     0          0          0          0
104              110.37     0          0          0          0
105              110.91     0          0          0          0
106              111.83     0          0          0          0
107              111.08     0          0          0          0
110              111.10     0          0          0          0
111              112.99     0          0          0          0
112              111.53     0          0          0          0
113              111.76     0          0          0          0
114              111.61     0          0          0          0
115              111.94     0          0          0          0
117              112.32     0          0          0          0
118              111.88     0          0          0          0
119              112.20     0          0          0          0
120              111.71     0          0          0          0
121              111.24     0          0          0          0
122              111.43     0          0          0          0
123              111.58     0          0          0          0
124              111.55     0          0          0          0
125              111.50     0          0          0          0
126              111.59     0          0          0          0
128              111.97     0          0          0          0
129              115.59     0          0          0          0
200              95.79      0          0          0          0
201              95.28      0          0          0          0
202              95.17      0          0          0          0
203              94.89      0          0          0          0
204              94.83      0          0          0          0
205              94.76      0          0          0          0
206              95.01      0          0          0          0
207              93.87      0          0          0          0
208              94.10      0          0          0          0
209              94.56      0          0          0          0
210A             95.38      0          0          0          0
210              94.93      0          0          0          0
211              95.77      0          0          0          0
212              95.87      0          0          0          0
213              95.99      0          0          0          0
214              95.07      0          0          0          0
215              95.26      0          0          0          0
216              95.98      0          0          0          0
217              96.07      0          0          0          0
218              94.98      0          0          0          0
219              94.36      0          0          0          0
220              95.80      0          0          0          0
221              95.53      0          0          0          0
222              96.90      0          0          0          0
223              96.60      0          0          0          0
224              96.91      0          0          0          0
225              96.13      0          0          0          0
227              95.08      0          0          0          0
228              95.18      0          0          0          0
229              95.85      0          0          0          0
230              95.06      0          0          0          0
233              94.74      0          0          0          0
234              94.77      0          0          0          0
236              94.77      0          0          0          0
238              94.83      0          0          0          0
240              94.32      0          0          0          0
241              95.40      0          0          0          0
242              94.85      0          0          0          0
245              94.52      0          0          0          0
246              94.35      0          0          0          0
247              95.41      0          0          0          0
248              94.72      0          0          0          0
249              95.62      0          0          0          0
251              96.27      0          0          0          0
252              94.12      0          1.00       0          0
253              94.67      0          0          0          0
256              94.96      0          0          0          0
257              95.55      0          0          0          0
258              95.41      0          0          0          0
259              95.34      0          0          0          0
1100             95.62      0          0          0          0
1101             94.07      0          1.63       0          0
1102             94.86      0          0          0          0
1103             94.09      0          0          0          0
1200             95.35      0          0          0          0
1201             95.34      0          0          0          0
1202             95.34      0          0          0          0
1203             95.31      0          0          0          0
1204             95.48      0          0          0          0
1205             95.32      0          0          0          0
1206             95.74      0          0          0          0
1207             95.71      0          0          0          0
1208             96.21      0          0          0          0
1209             96.05      0          0          0          0
1210             96.36      0          0          0          0
1211             96.23      0          0          0          0
1212             96.44      0          0          0          0
1213             96.44      0          0          0          0
1214             98.08      0          0          0          0
1300             95.20      0          0          0          0
1301             94.47      0          0          0          0
1302             95.32      0          0          0          0
1303             94.47      0          0          0          0
1304             94.59      0          0          0          0
1400             94.98      0          0          0          0
1402             94.63      0          0          0          0
1403             94.67      0          0          0          0
1404             96.09      0          0          0          0
1405             95.90      0          0          0          0
1406             95.85      0          0          0          0
1407             95.68      0          0          0          0
1408             95.06      0          0          0          0
1409             97.04      0          0          0          0
1410             97.00      0          0          0          0
1411             97.23      0          0          0          0
1412             97.21      0          0          0          0
1413             97.03      0          0          0          0
1415A            96.11      0          0          0          0
1415B            96.52      0          0          0          0
1416             95.62      0          0          0          0
1418             96.16      0          0          0          0
1403A            94.67      0          0          0          0
516              95.50      0          5.00       0          0

[CONDUITS]
;;Name           From             To               Length     Roughness  InOffset   OutOffset  InitFlow   MaxFlow
;;-------------- ---------------- ---------------- ---------- ---------- ---------- ---------- ---------- ----------
1/SEPR3          1                SEPR3            34.00      0.0150     86.41      84.00      0          0
5/1              5                1                700.00     0.0150     92.33      86.41      0          0
8/5              8                5                69.00      0.0150     96.97      92.33      0          0
9/8              9                8                42.00      0.0130     96.17      96.97      0          0
10/9             10               9                177.00     0.0130     96.82      96.17      0          0
11/10            11               10               106.00     0.0130     96.82      96.82      0          0
12/5             12               5                68.00      0.0150     92.25      92.50      0          0
13/12            13               12               261.00     0.0150     93.13      92.33      0          0
14/13            14               13               14.00      0.0150     94.00      93.86      0          0
249/14           249              14               190.00     0.0150     92.52      94.00      0          0
251/249          251              249              166.00     0.0150     93.27      92.50      0          0
100/14           100              14               44.00      0.0150     100.29     94.00      0          0
101/100          101              100              76.00      0.0150     106.58     100.29     0          0
101A/101         101A             101              37.00      0.0130     108.55     108.23     0          0
102/101          102              101              211.00     0.0150     107.26     106.58     0          0
104/102          104              102              163.00     0.0150     107.70     107.36     0          0
103/104          103              104              32.00      0.0130     108.56     108.29     0          0
105/104          105              104              50.00      0.0150     108.66     106.87     0          0
106/105          106              105              69.00      0.0150     105.93     107.91     0          0
107/106          107              106              105.00     0.0150     108.22     105.11     0          0
110/107          110              107              62.00      0.0150     108.52     108.28     0          0
200/1            200              1                114.00     0.0150     89.67      86.41      0          0
201/200          201              200              136.00     0.0150     88.25      89.67      0          0
202/201          202              201              56.00      0.0150     88.58      88.25      0          0
203/202          203              202              69.00      0.0150     88.89      88.58      0          0
204/203          204              203              91.00      0.0150     88.61      88.61      0          0
205/204          205              204              156.00     0.0150     89.46      88.61      0          0
206/205          206              205              32.00      0.0150     90.00      89.46      0          0
207/206          207              206              297.00     0.0150     90.27      90.00      0          0
208/207          208              207              44.00      0.0150     87.54      90.27      0          0
209/208          209              208              217.00     0.0150     90.01      87.54      0          0
210A/209         210A             209              222.00     0.0150     90.38      90.01      0          0
210/210A         210              210A             44.00      0.0150     90.53      90.38      0          0
211/210          211              210              39.00      0.0150     90.96      90.53      0          0
212/211          212              211              138.00     0.0150     91.87      90.96      0          0
213/212          213              212              113.00     0.0150     92.04      92.09      0          0
214/213          214              213              54.00      0.0150     92.22      92.09      0          0
215/214          215              214              289.00     0.0150     91.61      91.22      0          0
SEPR3/1000       SEPR3            1000             64.00      0.0150     86.00      87.20      0          0
1001/1000        1001             1000             72.00      0.0150     88.50      87.78      0          0
1002/1001        1002             1001             32.00      0.0150     89.00      88.50      0          0
1003/1002        1003             1002             41.00      0.0150     89.75      89.00      0          0
1004/1002        1004             1002             79.00      0.0150     90.24      89.00      0          0
259/1004         259              1004             228.00     0.0150     88.56      90.24      0          0
258/259          258              259              140.00     0.0150     89.00      88.75      0          0
257/258          257              258              150.00     0.0150     89.35      88.95      0          0
1005/1000        1005             1000             205.00     0.0150     88.50      87.50      0          0
252/1005         252              1005             89.00      0.0150     88.00      88.50      0          0
253/252          253              252              72.00      0.0150     91.17      88.50      0          0
256/253          256              253              272.00     0.0150     90.41      91.17      0          0
246/256          246              256              155.00     0.0150     89.35      90.24      0          0
14/246           14               246              163.00     0.0150     94.00      89.35      0          0
247/256          247              256              170.00     0.0150     91.01      90.24      0          0
245/247          245              247              86.00      0.0150     91.52      91.01      0          0
248/245          248              245              95.00      0.0150     91.46      91.52      0          0
240/247          240              247              233.00     0.0150     90.25      91.01      0          0
238/240          238              240              77.00      0.0150     90.33      91.37      0          0
236/238          236              238              68.00      0.0150     92.02      91.47      0          0
234/236          234              236              27.00      0.0150     90.55      91.78      0          0
247/1013         247              1013             18.00      0.0150     91.01      90.65      0          0
1007/1005        1007             1005             234.00     0.0150     88.59      88.50      0          0
1009/1007        1009             1007             66.00      0.0150     89.37      89.19      0          0
1010/1009        1010             1009             124.00     0.0150     89.96      89.52      0          0
1011/1010        1011             1010             84.00      0.0150     90.43      89.96      0          0
1012/1011        1012             1011             98.00      0.0150     90.57      90.43      0          0
1013/1012        1013             1012             63.00      0.0150     90.65      90.57      0          0
1006/1005        1006             1005             18.00      0.0150     88.65      88.50      0          0
1101/1006        1101             1006             28.00      0.0150     87.37      88.65      0          0
1100/1101        1100             1101             329.00     0.0150     92.61      87.37      0          0
1102/1101        1102             1101             205.00     0.0150     92.01      87.37      0          0
1015/1011        1015             1011             244.00     0.0150     90.86      90.23      0          0
1016/1015        1016             1015             40.00      0.0150     91.02      90.81      0          0
1304/1016        1304             1016             302.00     0.0150     92.06      91.02      0          0
1301/1304        1301             1304             67.00      0.0150     91.72      92.09      0          0
1303/1301        1303             1301             50.00      0.0150     91.67      91.97      0          0
1302/1301        1302             1301             15.00      0.0150     92.07      92.07      0          0
1300/1301        1300             1301             63.00      0.0150     92.20      91.67      0          0
1008/1007        1008             1007             135.00     0.0150     89.50      90.49      0          0
1200/1008        1200             1008             259.00     0.0150     88.95      89.50      0          0
1202/1200        1202             1200             246.00     0.0150     88.59      88.75      0          0
1201/1202        1201             1202             17.00      0.0150     89.04      89.04      0          0
1203/1201        1203             1201             125.00     0.0150     89.25      89.09      0          0
1204/1203        1204             1203             308.00     0.0150     90.22      89.25      0          0
1205/1204        1205             1204             54.00      0.0150     90.04      90.04      0          0
1206/1205        1206             1205             170.00     0.0150     90.56      90.52      0          0
1207/1206        1207             1206             15.00      0.0150     92.11      91.94      0          0
1208/1206        1208             1206             168.00     0.0150     90.51      90.54      0          0
1209/1208        1209             1208             19.00      0.0150     92.15      92.01      0          0
1210/1208        1210             1208             148.00     0.0150     90.66      90.46      0          0
1211/1210        1211             1210             19.00      0.0150     92.13      91.66      0          0
1212/1210        1212             1210             120.00     0.0150     90.24      90.61      0          0
1213/1212        1213             1212             27.00      0.0150     90.29      90.29      0          0
1214/1213        1214             1213             46.00      0.0150     90.29      90.29      0          0
1410/1214        1410             1214             52.00      0.0150     90.29      90.29      0          0
1409/1410        1409             1410             243.00     0.0150     90.26      90.29      0          0
1411/1410        1411             1410             75.00      0.0150     91.90      91.50      0          0
1412/1411        1412             1411             104.00     0.0150     94.00      93.36      0          0
1413/1412        1413             1412             61.00      0.0150     94.00      94.25      0          0
1103/1008        1103             1008             42.00      0.0150     91.38      89.50      0          0
1014/1008        1014             1008             193.00     0.0150     89.00      89.50      0          0
1017/1014        1017             1014             118.00     0.0150     91.63      90.31      0          0
1018/1017        1018             1017             54.00      0.0150     91.17      87.73      0          0
242/1018         242              1018             73.00      0.0130     93.07      92.62      0          0
241/1018         241              1018             66.00      0.0150     92.00      91.17      0          0
121/1009         121              1009             954.00     0.0150     99.14      89.39      0          0
120/121          120              121              55.00      0.0150     103.06     102.74     0          0
112/120          112              120              187.00     0.0150     103.50     104.10     0          0
111/112          111              112              46.00      0.0150     107.99     104.08     0          0
110/111          110              111              20.00      0.0150     107.93     108.09     0          0
113/112          113              112              44.00      0.0150     104.36     104.11     0          0
114/113          114              113              145.00     0.0150     105.98     104.88     0          0
115/114          115              114              35.00      0.0150     107.68     106.26     0          0
117/114          117              114              204.00     0.0150     106.38     106.94     0          0
118/117          118              117              34.00      0.0150     108.23     106.68     0          0
122/120          122              120              11.00      0.0150     106.88     104.01     0          0
123/122          123              122              62.00      0.0150     106.75     106.49     0          0
124/123          124              123              50.00      0.0150     107.30     106.81     0          0
125/124          125              124              58.00      0.0150     108.30     108.35     0          0
126/125          126              125              69.00      0.0150     109.17     109.17     0          0
128/121          128              121              499.00     0.0150     106.32     102.69     0          0
119/128          119              128              394.00     0.0150     110.20     107.17     0          0
1408/1409        1408             1409             103.00     0.0150     90.23      90.21      0          0
1407/1408        1407             1408             74.00      0.0150     91.18      90.51      0          0
1406/1407        1406             1407             56.00      0.0150     90.50      91.05      0          0
1418/1406        1418             1406             83.00      0.0150     90.53      90.50      0          0
1405/1406        1405             1406             85.00      0.0150     91.32      90.50      0          0
1404/1405        1404             1405             100.00     0.0150     90.79      90.87      0          0
1403/1404        1403             1404             54.00      0.0150     87.24      90.99      0          0
1402/1403        1402             1403             87.00      0.0150     90.53      87.53      0          0
1400/1402        1400             1402             212.00     0.0150     92.19      90.43      0          0
1415B/1404       1415B            1404             199.00     0.0150     91.32      90.64      0          0
1415A/1415B      1415A            1415B            7.00       0.0150     90.91      91.07      0          0
227/1415A        227              1415A            154.00     0.0150     91.87      91.07      0          0
228/227          228              227              66.00      0.0150     91.76      91.32      0          0
230/227          230              227              214.00     0.0150     91.66      91.87      0          0
233/230          233              230              64.00      0.0150     92.87      89.88      0          0
222/1415A        222              1415A            31.00      0.0150     91.00      91.61      0          0
221/222          221              222              100.00     0.0150     91.90      91.00      0          0
220/221          220              221              35.00      0.0150     91.18      90.88      0          0
219/220          219              220              60.00      0.0150     91.93      91.18      0          0
218/219          218              219              66.00      0.0150     90.53      91.84      0          0
229/218          229              218              36.00      0.0150     92.53      92.48      0          0
216/218          216              218              131.00     0.0150     92.28      92.42      0          0
129/216          129              216              213.00     0.0150     108.31     92.28      0          0
217/216          217              216              78.00      0.0150     91.18      92.38      0          0
223/222          223              222              100.00     0.0150     91.70      91.72      0          0
224/223          224              223              102.00     0.0150     93.00      94.54      0          0
225/224          225              224              69.00      0.0150     93.70      93.00      0          0
1416/223         1416             223              30.00      0.0150     94.42      91.65      0          0
1403A/1010       1403A            1010             589.00     0.0150     92.00      89.86      0          0
1403A/1403       1403A            1403             525.00     0.0150     92.00      87.96      0          0
517              ?                ?                10.00      0.0150     84.00      83.90      0          0

[XSECTIONS]
;;Link           Shape        Geom1      Geom2      Geom3      Geom4      Barrels
;;-------------- ------------ ---------- ---------- ---------- ---------- ----------
1/SEPR3          CIRCULAR     2.00       0          0          0          1
5/1              CIRCULAR     2.00       0          0          0          1
8/5              CIRCULAR     0.67       0          0          0          1
9/8              CIRCULAR     0.50       0          0          0          1
10/9             CIRCULAR     0.50       0          0          0          1
11/10            CIRCULAR     0.50       0          0          0          1
12/5             CIRCULAR     2.00       0          0          0          1
13/12            CIRCULAR     2.00       0          0          0          1
14/13            CIRCULAR     1.00       0          0          0          1
249/14           CIRCULAR     1.00       0          0          0          1
251/249          CIRCULAR     0.83       0          0          0          1
100/14           CIRCULAR     1.00       0          0          0          1
101/100          CIRCULAR     2.00       0          0          0          1
101A/101         CIRCULAR     0.33       0          0          0          1
102/101          CIRCULAR     2.00       0          0          0          1
104/102          CIRCULAR     2.00       0          0          0          1
103/104          CIRCULAR     0.83       0          0          0          1
105/104          CIRCULAR     2.00       0          0          0          1
106/105          CIRCULAR     2.00       0          0          0          1
107/106          CIRCULAR     2.00       0          0          0          1
110/107          CIRCULAR     2.00       0          0          0          1
200/1            CIRCULAR     2.00       0          0          0          1
201/200          CIRCULAR     2.00       0          0          0          1
202/201          CIRCULAR     2.00       0          0          0          1
203/202          CIRCULAR     2.00       0          0          0          1
204/203          CIRCULAR     2.00       0          0          0          1
205/204          CIRCULAR     2.00       0          0          0          1
206/205          CIRCULAR     2.00       0          0          0          1
207/206          CIRCULAR     2.00       0          0          0          1
208/207          CIRCULAR     2.00       0          0          0          1
209/208          CIRCULAR     2.00       0          0          0          1
210A/209         CIRCULAR     2.00       0          0          0          1
210/210A         CIRCULAR     2.00       0          0          0          1
211/210          CIRCULAR     2.00       0          0          0          1
212/211          CIRCULAR     2.00       0          0          0          1
213/212          CIRCULAR     1.50       0          0          0          1
214/213          CIRCULAR     1.50       0          0          0          1
215/214          CIRCULAR     1.00       0          0          0          1
SEPR3/1000       CIRCULAR     2.50       0          0          0          1
1001/1000        CIRCULAR     1.75       0          0          0          1
1002/1001        CIRCULAR     1.75       0          0          0          1
1003/1002        CIRCULAR     1.00       0          0          0          1
1004/1002        CIRCULAR     1.75       0          0          0          1
259/1004         CIRCULAR     1.25       0          0          0          1
258/259          CIRCULAR     1.00       0          0          0          1
257/258          CIRCULAR     1.00       0          0          0          1
1005/1000        CIRCULAR     2.00       0          0          0          1
252/1005         CIRCULAR     1.00       0          0          0          1
253/252          CIRCULAR     1.00       0          0          0          1
256/253          CIRCULAR     1.00       0          0          0          1
246/256          CIRCULAR     1.00       0          0          0          1
14/246           CIRCULAR     1.00       0          0          0          1
247/256          CIRCULAR     1.75       0          0          0          1
245/247          CIRCULAR     1.75       0          0          0          1
248/245          CIRCULAR     1.75       0          0          0          1
240/247          CIRCULAR     1.25       0          0          0          1
238/240          CIRCULAR     1.25       0          0          0          1
236/238          CIRCULAR     1.25       0          0          0          1
234/236          CIRCULAR     1.25       0          0          0          1
247/1013         CIRCULAR     2.00       0          0          0          1
1007/1005        CIRCULAR     2.00       0          0          0          1
1009/1007        CIRCULAR     2.00       0          0          0          1
1010/1009        CIRCULAR     2.00       0          0          0          1
1011/1010        CIRCULAR     2.00       0          0          0          1
1012/1011        CIRCULAR     2.00       0          0          0          1
1013/1012        CIRCULAR     2.00       0          0          0          1
1006/1005        CIRCULAR     1.00       0          0          0          1
1101/1006        CIRCULAR     1.00       0          0          0          1
1100/1101        CIRCULAR     1.00       0          0          0          1
1102/1101        CIRCULAR     1.00       0          0          0          1
1015/1011        CIRCULAR     1.00       0          0          0          1
1016/1015        CIRCULAR     1.00       0          0          0          1
1304/1016        CIRCULAR     1.00       0          0          0          1
1301/1304        CIRCULAR     1.00       0          0          0          1
1303/1301        CIRCULAR     0.83       0          0          0          1
1302/1301        CIRCULAR     0.83       0          0          0          1
1300/1301        CIRCULAR     0.83       0          0          0          1
1008/1007        CIRCULAR     2.00       0          0          0          1
1200/1008        CIRCULAR     2.00       0          0          0          1
1202/1200        CIRCULAR     2.00       0          0          0          1
1201/1202        CIRCULAR     2.00       0          0          0          1
1203/1201        CIRCULAR     2.00       0          0          0          1
1204/1203        CIRCULAR     2.00       0          0          0          1
1205/1204        CIRCULAR     2.00       0          0          0          1
1206/1205        CIRCULAR     2.00       0          0          0          1
1207/1206        CIRCULAR     1.00       0          0          0          1
1208/1206        CIRCULAR     2.00       0          0          0          1
1209/1208        CIRCULAR     1.00       0          0          0          1
1210/1208        CIRCULAR     2.00       0          0          0          1
1211/1210        CIRCULAR     1.00       0          0          0          1
1212/1210        CIRCULAR     2.00       0          0          0          1
1213/1212        CIRCULAR     2.00       0          0          0          1
1214/1213        CIRCULAR     2.00       0          0          0          1
1410/1214        CIRCULAR     2.00       0          0          0          1
1409/1410        CIRCULAR     1.50       0          0          0          1
1411/1410        CIRCULAR     1.00       0          0          0          1
1412/1411        CIRCULAR     1.00       0          0          0          1
1413/1412        CIRCULAR     0.67       0          0          0          1
1103/1008        CIRCULAR     0.33       0          0          0          1
1014/1008        CIRCULAR     2.00       0          0          0          1
1017/1014        CIRCULAR     2.00       0          0          0          1
1018/1017        CIRCULAR     2.00       0          0          0          1
242/1018         CIRCULAR     0.33       0          0          0          1
241/1018         CIRCULAR     2.00       0          0          0          1
121/1009         CIRCULAR     1.75       0          0          0          1
120/121          CIRCULAR     2.00       0          0          0          1
112/120          CIRCULAR     1.25       0          0          0          1
111/112          CIRCULAR     1.25       0          0          0          1
110/111          CIRCULAR     1.50       0          0          0          1
113/112          CIRCULAR     1.00       0          0          0          1
114/113          CIRCULAR     0.83       0          0          0          1
115/114          CIRCULAR     1.00       0          0          0          1
117/114          CIRCULAR     1.00       0          0          0          1
118/117          CIRCULAR     0.83       0          0          0          1
122/120          CIRCULAR     1.50       0          0          0          1
123/122          CIRCULAR     1.25       0          0          0          1
124/123          CIRCULAR     1.00       0          0          0          1
125/124          CIRCULAR     1.00       0          0          0          1
126/125          CIRCULAR     0.83       0          0          0          1
128/121          CIRCULAR     1.00       0          0          0          1
119/128          CIRCULAR     0.50       0          0          0          1
1408/1409        CIRCULAR     1.50       0          0          0          1
1407/1408        CIRCULAR     1.50       0          0          0          1
1406/1407        CIRCULAR     1.50       0          0          0          1
1418/1406        CIRCULAR     0.83       0          0          0          1
1405/1406        CIRCULAR     1.50       0          0          0          1
1404/1405        CIRCULAR     1.50       0          0          0          1
1403/1404        CIRCULAR     1.25       0          0          0          1
1402/1403        CIRCULAR     1.00       0          0          0          1
1400/1402        CIRCULAR     1.00       0          0          0          1
1415B/1404       CIRCULAR     1.50       0          0          0          1
1415A/1415B      CIRCULAR     1.75       0          0          0          1
227/1415A        CIRCULAR     1.00       0          0          0          1
228/227          CIRCULAR     0.67       0          0          0          1
230/227          CIRCULAR     0.83       0          0          0          1
233/230          CIRCULAR     0.83       0          0          0          1
222/1415A        CIRCULAR     1.25       0          0          0          1
221/222          CIRCULAR     1.00       0          0          0          1
220/221          CIRCULAR     0.83       0          0          0          1
219/220          CIRCULAR     0.83       0          0          0          1
218/219          CIRCULAR     0.83       0          0          0          1
229/218          CIRCULAR     0.83       0          0          0          1
216/218          CIRCULAR     0.83       0          0          0          1
129/216          CIRCULAR     0.67       0          0          0          1
217/216          CIRCULAR     0.50       0          0          0          1
223/222          CIRCULAR     1.00       0          0          0          1
224/223          CIRCULAR     0.50       0          0          0          1
225/224          CIRCULAR     0.33       0          0          0          1
1416/223         CIRCULAR     0.83       0          0          0          1
1403A/1010       CIRCULAR     0.67       0          0          0          1
1403A/1403       CIRCULAR     0.83       0          0          0          1
517              CIRCULAR     3.00       0          0          0          1

[LOSSES]
;;Link           Inlet      Outlet     Average    Flap Gate
;;-------------- ---------- ---------- ---------- ----------
1/SEPR3          0          0          0          NO
5/1              0          0          0          NO
8/5              0          0          0          NO
9/8              0          0          0          NO
10/9             0          0          0          NO
11/10            0          0          0          NO
12/5             0          0          0          NO
13/12            0          0          0          NO
14/13            0          0          0          NO
249/14           0          0          0          NO
251/249          0          0          0          NO
100/14           0          0          0          NO
101/100          0          0          0          NO
101A/101         0          0          0          NO
102/101          0          0          0          NO
104/102          0          0          0          NO
103/104          0          0          0          NO
105/104          0          0          0          NO
106/105          0          0          0          NO
107/106          0          0          0          NO
110/107          0          0          0          NO
200/1            0          0          0          NO
201/200          0          0          0          NO
202/201          0          0          0          NO
203/202          0          0          0          NO
204/203          0          0          0          NO
205/204          0          0          0          NO
206/205          0          0          0          NO
207/206          0          0          0          NO
208/207          0          0          0          NO
209/208          0          0          0          NO
210A/209         0          0          0          NO
210/210A         0          0          0          NO
211/210          0          0          0          NO
212/211          0          0          0          NO
213/212          0          0          0          NO
214/213          0          0          0          NO
215/214          0          0          0          NO
SEPR3/1000       0          0          0          NO
1001/1000        0          0          0          NO
1002/1001        0          0          0          NO
1003/1002        0          0          0          NO
1004/1002        0          0          0          NO
259/1004         0          0          0          NO
258/259          0          0          0          NO
257/258          0          0          0          NO
1005/1000        0          0          0          NO
252/1005         0          0          0          NO
253/252          0          0          0          NO
256/253          0          0          0          NO
246/256          0          0          0          NO
14/246           0          0          0          NO
247/256          0          0          0          NO
245/247          0          0          0          NO
248/245          0          0          0          NO
240/247          0          0          0          NO
238/240          0          0          0          NO
236/238          0          0          0          NO
234/236          0          0          0          NO
247/1013         0          0          0          NO
1007/1005        0          0          0          NO
1009/1007        0          0          0          NO
1010/1009        0          0          0          NO
1011/1010        0          0          0          NO
1012/1011        0          0          0          NO
1013/1012        0          0          0          NO
1006/1005        0          0          0          NO
1101/1006        0          0          0          NO
1100/1101        0          0          0          NO
1102/1101        0          0          0          NO
1015/1011        0          0          0          NO
1016/1015        0          0          0          NO
1304/1016        0          0          0          NO
1301/1304        0          0          0          NO
1303/1301        0          0          0          NO
1302/1301        0          0          0          NO
1300/1301        0          0          0          NO
1008/1007        0          0          0          NO
1200/1008        0          0          0          NO
1202/1200        0          0          0          NO
1201/1202        0          0          0          NO
1203/1201        0          0          0          NO
1204/1203        0          0          0          NO
1205/1204        0          0          0          NO
1206/1205        0          0          0          NO
1207/1206        0          0          0          NO
1208/1206        0          0          0          NO
1209/1208        0          0          0          NO
1210/1208        0          0          0          NO
1211/1210        0          0          0          NO
1212/1210        0          0          0          NO
1213/1212        0          0          0          NO
1214/1213        0          0          0          NO
1410/1214        0          0          0          NO
1409/1410        0          0          0          NO
1411/1410        0          0          0          NO
1412/1411        0          0          0          NO
1413/1412        0          0          0          NO
1103/1008        0          0          0          NO
1014/1008        0          0          0          NO
1017/1014        0          0          0          NO
1018/1017        0          0          0          NO
242/1018         0          0          0          NO
241/1018         0          0          0          NO
121/1009         0          0          0          NO
120/121          0          0          0          NO
112/120          0          0          0          NO
111/112          0          0          0          NO
110/111          0          0          0          NO
113/112          0          0          0          NO
114/113          0          0          0          NO
115/114          0          0          0          NO
117/114          0          0          0          NO
118/117          0          0          0          NO
122/120          0          0          0          NO
123/122          0          0          0          NO
124/123          0          0          0          NO
125/124          0          0          0          NO
126/125          0          0          0          NO
128/121          0          0          0          NO
119/128          0          0          0          NO
1408/1409        0          0          0          NO
1407/1408        0          0          0          NO
1406/1407        0          0          0          NO
1418/1406        0          0          0          NO
1405/1406        0          0          0          NO
1404/1405        0          0          0          NO
1403/1404        0          0          0          NO
1402/1403        0          0          0          NO
1400/1402        0          0          0          NO
1415B/1404       0          0          0          NO
1415A/1415B      0          0          0          NO
227/1415A        0          0          0          NO
228/227          0          0          0          NO
230/227          0          0          0          NO
233/230          0          0          0          NO
222/1415A        0          0          0          NO
221/222          0          0          0          NO
220/221          0          0          0          NO
219/220          0          0          0          NO
218/219          0          0          0          NO
229/218          0          0          0          NO
216/218          0          0          0          NO
129/216          0          0          0          NO
217/216          0          0          0          NO
223/222          0          0          0          NO
224/223          0          0          0          NO
225/224          0          0          0          NO
1416/223         0          0          0          NO
1403A/1010       0          0          0          NO
1403A/1403       0          0          0          NO
517              0          0          0          NO

[INFLOWS]
;;Node           Constituent  Time Series      Type     Mfactor  Sfactor  Baseline Pattern
;;-------------- ------------ ---------------- -------- -------- -------- -------- --------
1003             FLOW         ""               FLOW     1.0      1.0      0.18
1013             FLOW         ""               FLOW     1.0      1.0      0.16
103              FLOW         ""               FLOW     1.0      1.0      0.01
106              FLOW         ""               FLOW     1.0      1.0      0.02
121              FLOW         ""               FLOW     1.0      1.0      0.26
241              FLOW         ""               FLOW     1.0      1.0      0.21
249              FLOW         ""               FLOW     1.0      1.0      0.34

[COORDINATES]
;;Node           X-Coord            Y-Coord
;;-------------- ------------------ ------------------
1000             2625.53            597.57            
1001             2625.53            542.47            
1002             2593.02            548.13            
1003             2594.09            506.38            
1004             2515.07            563.98            
1005             2463.72            598.78            
1006             2463.65            616.36            
1007             2229.34            599.76            
1008             2093.84            599.06            
1009             2227.44            535.61            
1010             2228.77            409.68            
1011             2228.22            326.18            
1012             2228.44            227.84            
1013             2291.12            226.58            
1014             1962.35            368.54            
1015             1980.66            334.55            
1016             1941.44            328.72            
1017             1972.51            250.69            
1018             1920.20            250.37            
SEPR3            2742.64            598.64            
1                2749.56            567.47            
5                2632.96            13.58             
8                2639.68            -80.51            
9                2602.82            -101.42           
10               2425.74            -103.13           
11               2319.83            -103.07           
12               2570.31            -12.45            
13               2310.11            -11.82            
14               2295.39            -15.45            
100              2291.87            -58.14            
101              2294.10            -136.83           
101A             2255.47            -134.15           
102              2293.37            -347.38           
103              2130.35            -312.66           
104              2128.75            -345.06           
105              2078.53            -345.28           
106              2009.40            -341.84           
107              1902.13            -345.55           
110              1839.85            -344.06           
111              1819.32            -343.98           
112              1792.31            -305.34           
113              1762.73            -340.41           
114              1617.42            -342.50           
115              1617.21            -306.87           
117              1413.42            -340.68           
118              1411.89            -307.37           
119              1133.74            -332.54           
120              1788.85            -119.57           
121              1788.16            -61.90            
122              1776.67            -119.35           
123              1714.95            -117.91           
124              1664.63            -116.94           
125              1605.62            -116.83           
126              1536.99            -116.97           
128              1286.26            -79.44            
129              1021.29            -286.97           
200              2756.17            454.12            
201              2785.25            321.59            
202              2799.68            267.23            
203              2776.07            202.87            
204              2782.57            111.80            
205              2640.68            46.35             
206              2611.86            33.04             
207              2315.66            18.91             
208              2269.78            19.89             
209              2054.24            18.36             
210A             1829.51            19.49             
210              1784.74            18.38             
211              1744.47            18.31             
212              1604.58            19.10             
213              1486.55            19.90             
214              1432.77            18.64             
215              1144.09            18.28             
216              1037.25            26.37             
217              958.78             26.22             
218              1169.14            24.62             
219              1169.18            90.79             
220              1161.82            150.51            
221              1153.63            185.11            
222              1053.36            184.02            
223              959.26             186.21            
224              857.51             178.93            
225              856.64             111.51            
227              1213.02            185.50            
228              1214.65            132.46            
229              1205.40            26.79             
230              1435.41            185.71            
233              1502.57            178.30            
234              2043.55            26.68             
236              2038.70            53.24             
238              2043.70            120.64            
240              2059.93            196.96            
241              1920.02            183.92            
242              1857.82            223.77            
245              2290.77            122.35            
246              2306.59            182.22            
247              2292.44            208.14            
248              2291.54            27.36             
249              2106.16            -22.96            
251              2109.64            -188.30           
252              2463.31            509.97            
253              2431.82            465.14            
256              2464.12            199.00            
257              2493.87            39.75             
258              2494.30            189.93            
259              2494.02            332.75            
1100             2792.47            635.49            
1101             2463.86            644.53            
1102             2259.03            646.49            
1103             2090.72            640.91            
1200             1833.71            605.78            
1201             1588.30            609.88            
1202             1587.43            591.69            
1203             1461.08            608.07            
1204             1153.25            602.57            
1205             1099.15            599.96            
1206             930.25             601.13            
1207             930.80             616.44            
1208             762.25             599.12            
1209             764.23             617.63            
1210             614.12             599.18            
1211             611.89             617.84            
1212             494.19             599.14            
1213             463.56             599.14            
1214             463.56             553.56            
1300             1572.17            265.65            
1301             1573.11            331.00            
1302             1572.40            346.06            
1303             1522.81            330.72            
1304             1639.67            330.89            
1400             1327.07            326.18            
1402             1115.62            334.83            
1403             1114.55            420.55            
1404             1060.71            419.36            
1405             1058.87            519.21            
1406             975.39             517.42            
1407             919.79             519.41            
1408             845.89             517.44            
1409             743.16             517.09            
1410             499.72             516.82            
1411             537.20             451.57            
1412             593.19             364.61            
1413             626.71             312.08            
1415A            1061.91            213.98            
1415B            1061.55            220.56            
1416             946.76             214.72            
1418             977.71             434.25            
1403A            1639.65            415.41            
516              2754.85            598.74            

[MAP]
DIMENSIONS 463.56 -347.38 2799.68 646.49
Units      None

[REPORT]
INPUT            YES
SUBCATCHMENTS    ALL
NODES            ALL
LINKS            ALL



