;; SWMM5 .inp converted from XPSWMM .xp file
;; Generated by XPSWMM Card Reader
;; Source format: XP_CARD | Original title: CITY OF LIMA, OHIO

[TITLE]
;;Project Title/Notes
CITY OF LIMA, OHIO

[OPTIONS]
FLOW_UNITS           CFS
INFILTRATION         HORTON
FLOW_ROUTING         DYNWAVE
LINK_OFFSETS         DEPTH
MIN_SLOPE            0.0
ALLOW_PONDING        NO
SKIP_STEADY_STATE    NO
ROUTING_STEP         00:00:60
VARIABLE_STEP        0.75
INERTIAL_DAMPING     PARTIAL
NORMAL_FLOW_LIMITED  BOTH
HEAD_TOLERANCE       0.0033

[JUNCTIONS]
;;Name           Elev       MaxDepth   InitDepth  SurDepth   Aponded
;;-------------- ---------- ---------- ---------- ---------- ----------
WS002            118.71     0          0          0          0
WS004            117.75     0          0          0          0
WS005            118.66     0          0          0          0
WS006            122.27     0          0          0          0
WS007            123.00     0          0          0          0
WS008            128.62     0          0          0          0
WS009            128.45     0          0          0          0
WS010            132.69     0          0          0          0
WS011            136.22     0          0          0          0
WS012            128.00     0          0          0          0
WS013            130.00     0          0          0          0
WS014            133.00     0          0          0          0
WS019            127.35     0          0          0          0
WS020            127.55     0          0          0          0
WS021            127.55     0          0          0          0
WS026            129.98     0          0          0          0
WS027            129.98     0          0          0          0
WS050            119.47     0          0          0          0
WS051            116.92     0          0          0          0
WS052            127.72     0          0          0          0
WS060            123.04     0          0          0          0
WS061            125.16     0          0          0          0
WS062            129.80     0          0          0          0
WS063            130.80     0          0          0          0
WS064            131.65     0          0          0          0
WS070            122.54     0          0          0          0
WS071            125.38     0          0          0          0
WS072            128.74     0          0          0          0
WS073            130.26     0          0          0          0
WS074            130.80     0          0          0          0
WS075            131.31     0          0          0          0
WS080            123.59     0          0          0          0
WS081            126.19     0          0          0          0
WS085            124.00     0          0          0          0
WS086            127.40     0          0          0          0
WS087            131.86     0          0          0          0
WS100            129.84     0          0          0          0
WS101            127.83     0          0          0          0
WS102            126.03     0          0          0          0
WS110            133.31     0          0          0          0
WS111            133.23     0          0          0          0
WS112            131.12     0          0          0          0
WS120            136.98     0          0          0          0
WS121            137.45     0          0          0          0
WS122            134.35     0          0          0          0
WS130            136.24     0          0          0          0
WS131            137.62     0          0          0          0
WS132            138.51     0          0          0          0
WS200            119.53     0          0          0          0
WS201            119.52     0          0          0          0
WS202            122.52     0          0          0          0
WS203            129.96     0          0          0          0
WS210            129.80     0          0          0          0
WS215            119.52     0          0          0          0
WS216            126.60     0          0          0          0
WS217            115.94     0          0          0          0
WS218            113.11     0          0          0          0
WS219            113.18     0          0          0          0
WS220            113.07     0          0          0          0
WS221            121.81     0          0          0          0
WS222            118.80     0          0          0          0
WS223            123.41     0          0          0          0
WS224            117.84     0          0          0          0
WS225            112.73     0          0          0          0
WS230            121.92     0          0          0          0
WS231            115.69     0          0          0          0
WS232            115.40     0          0          0          0
WS233            115.79     0          0          0          0
WS234            115.97     0          0          0          0
WS235            118.06     0          0          0          0
WS236            119.00     0          0          0          0
WS237            119.00     0          0          0          0
WS238            119.00     0          0          0          0
WS270            118.75     0          0          0          0
WS271            124.70     0          0          0          0
WS272            127.80     0          0          0          0
WS273            127.50     0          0          0          0
WS274            127.50     0          0          0          0
WS275            126.60     0          0          0          0
WS280            114.00     0          0          0          0
WS281            115.00     0          0          0          0
WS310            113.96     0          0          0          0
WS311            113.69     0          0          0          0
WS312            113.60     0          0          0          0
WS313            120.15     0          0          0          0
WS321            111.87     0          0          0          0
WS322            110.11     0          0          0          0
WS323            110.28     0          0          0          0
WS324            112.71     0          0          0          0
WS325            112.07     0          0          0          0
WS350            108.00     0          0          0          0
WS351            108.43     0          0          0          0
WS352            108.95     0          0          0          0
WS353            108.61     0          0          0          0
WS354            109.00     0          0          0          0
WS355            110.50     0          0          0          0
WS356            110.51     0          0          0          0
WS357            111.00     0          0          0          0
WS400            109.00     0          0          0          0
WS401            109.00     0          0          0          0
WS402            109.00     0          0          0          0
WS420            111.28     0          0          0          0
WS421            110.31     0          0          0          0
WS451            107.64     0          0          0          0
WS452            108.00     0          0          0          0
WS453            108.00     0          0          0          0
WS470            108.58     0          0          0          0
WS471            109.09     0          0          0          0
WS472            111.72     0          0          0          0
WS473            112.11     0          0          0          0
WS474            113.12     0          0          0          0
WS475            114.09     0          0          0          0
WS476            114.39     0          0          0          0
WS477            115.76     0          0          0          0
WS478            115.21     0          0          0          0
WS480            117.39     0          0          0          0
WS481            117.50     0          0          0          0
WS482            118.00     0          0          0          0
WS483            118.82     0          0          0          0
WS484            120.96     0          0          0          0
WS485            122.00     0          0          0          0
WS490            122.00     0          0          0          0
WS491            122.00     0          0          0          0
WS492            122.92     0          0          0          0
WS510            118.00     0          0          0          0
WS515            111.74     0          0          0          0
WS516            113.26     0          0          0          0
WS517            114.35     0          0          0          0
WS518            115.65     0          0          0          0
WS519            116.60     0          0          0          0
WS520            116.83     0          0          0          0
WS521            117.93     0          0          0          0
WS522            118.00     0          0          0          0
WS523            118.00     0          0          0          0
WS530            114.12     0          0          0          0
WS531            113.23     0          0          0          0
WS532            113.00     0          0          0          0
WS533            113.00     0          0          0          0
WS560            116.07     0          0          0          0
WS561            117.38     0          0          0          0
WS562            119.87     0          0          0          0
WS563            117.59     0          0          0          0
WS564            116.46     0          0          0          0
WS565            116.47     0          0          0          0
WS566            117.25     0          0          0          0
WS567            117.60     0          0          0          0
WS568            119.97     0          0          0          0
WS569            120.96     0          0          0          0
WS570            118.00     0          0          0          0
WS580            115.17     0          0          0          0
WS581            116.60     0          0          0          0
WS582            115.17     0          0          0          0
WS583            112.16     0          0          0          0
WS584            112.12     0          0          0          0
WS599            107.28     0          0          0          0
WS610            107.74     0          0          0          0
WS611            109.01     0          0          0          0
WS612            109.45     0          0          0          0
WS613            110.00     0          0          0          0
WS614            112.00     0          0          0          0
WS615            113.00     0          0          0          0
WS616            115.00     0          0          0          0
WS618            108.58     0          0          0          0
WS619            109.97     0          0          0          0
WS620            108.78     0          0          0          0
WS700            117.12     0          0          0          0
WS701            123.81     0          0          0          0
WS702            122.18     0          0          0          0
WS703            121.42     0          0          0          0
WS705            120.40     0          0          0          0
WS706            123.70     0          0          0          0
WS710            118.29     0          0          0          0
WS711            120.21     0          0          0          0
WS712            119.12     0          0          0          0
WS713            124.62     0          0          0          0
WS714            131.92     0          0          0          0
WS730            124.57     0          0          0          0
WS731            123.10     0          0          0          0
WS732            128.01     0          0          0          0
WS733            128.47     0          0          0          0
WS734            129.89     0          0          0          0
WS735            132.51     0          0          0          0
WS740            123.92     0          0          0          0
WS741            123.92     0          0          0          0
WS742            121.35     0          0          0          0
WS750            122.20     0          0          0          0
WS751            125.17     0          0          0          0
WS752            130.03     0          0          0          0
WS780            119.92     0          0          0          0
WS781            118.49     0          0          0          0
WS782            122.90     0          0          0          0
WS783            122.73     0          0          0          0
WS784            127.23     0          0          0          0
WS785            122.48     0          0          0          0
WS790            129.07     0          0          0          0
WS791            127.73     0          0          0          0
WS792            131.79     0          0          0          0
WS793            127.42     0          0          0          0
WS800            132.90     0          0          0          0
WS801            132.83     0          0          0          0
WS802            137.30     0          0          0          0
WS803            130.67     0          0          0          0
WS805            139.32     0          0          0          0
WS806            140.00     0          0          0          0
WS820            133.32     0          0          0          0
WS821            133.14     0          0          0          0
WS822            133.50     0          0          0          0
WS830            133.57     0          0          0          0
WS831            133.75     0          0          0          0
WS832            133.72     0          0          0          0
WS835            133.50     0          0          0          0
WS836            133.50     0          0          0          0
WS900            115.91     0          0          0          0
WS901            112.38     0          0          0          0
WS902            112.49     0          0          0          0
WS903            114.20     0          0          0          0
WS904            114.00     0          0          0          0
WS906            114.69     0          0          0          0
WS907            114.71     0          0          0          0
WS908            115.00     0          0          0          0
WS909            115.00     0          0          0          0
WS910            117.15     0          0          0          0
WS911            119.14     0          0          0          0
WS912            120.66     0          0          0          0
WS915            118.00     0          0          0          0
BO               130.00     0          0          0          0
Outfall          130.00     0          0          0          0
WS351OF          108.43     0          0          0          0
WS471OF          109.00     0          0          0          0
WS476OF          114.00     0          0          0          0
WS225OF          112.00     0          0          0          0
WS480OF          117.00     0          0          0          0
WS219OF          113.00     0          0          0          0
WS312OF          113.00     0          0          0          0
WS516OF          113.00     0          0          0          0
690              110.00     0          0          0          0
WS599OF          106.00     0          0          0          0
WS002OF          118.71     0          0          0          0

[STORAGE]
;;Name           Elev       MaxDepth   InitDepth  Shape      Curve/Params
;;-------------- ---------- ---------- ---------- ---------- ----------
WS001            119.53     0          0          FUNCTIONAL 126.00 0          0
WS320            113.81     0          0          FUNCTIONAL 12.56 0          0

[CONDUITS]
;;Name           From             To               Length     Roughness  InOffset   OutOffset  InitFlow   MaxFlow
;;-------------- ---------------- ---------------- ---------- ---------- ---------- ---------- ---------- ----------
WS004WS002       WS004            WS002            175.00     0.0140     107.45     107.10     0          0
WS005WS004       WS005            WS004            261.00     0.0140     107.97     107.45     0          0
WS006WS005       WS006            WS005            417.00     0.0140     108.80     107.97     0          0
WS007WS006       WS007            WS006            440.00     0.0140     114.84     111.50     0          0
WS008WS006       WS008            WS006            350.00     0.0140     115.39     114.30     0          0
WS009WS008       WS009            WS008            256.00     0.0140     116.07     115.39     0          0
WS010WS009       WS010            WS009            66.00      0.0140     116.40     116.07     0          0
WS011WS010       WS011            WS010            276.00     0.0140     117.63     116.40     0          0
WS012WS011       WS012            WS011            225.00     0.0140     118.60     117.63     0          0
WS013WS012       WS013            WS012            70.00      0.0140     120.00     118.60     0          0
WS014WS013       WS014            WS013            118.00     0.0140     125.98     123.00     0          0
WS019WS012       WS019            WS012            100.00     0.0140     120.11     118.60     0          0
WS020WS019       WS020            WS019            20.00      0.0140     120.38     120.11     0          0
WS021WS020       WS021            WS020            175.00     0.0140     121.26     120.38     0          0
WS026WS020       WS026            WS020            277.00     0.0140     122.76     120.38     0          0
WS027WS026       WS027            WS026            275.00     0.0140     125.40     122.76     0          0
WS050WS006       WS050            WS006            461.00     0.0140     109.73     108.81     0          0
WS051WS050       WS051            WS050            85.00      0.0140     109.89     109.73     0          0
WS052WS051       WS052            WS051            331.00     0.0140     117.84     111.22     0          0
WS060WS051       WS060            WS051            66.00      0.0140     112.96     112.00     0          0
WS061WS060       WS061            WS060            250.00     0.0140     116.26     112.96     0          0
WS062WS061       WS062            WS061            328.00     0.0140     119.53     116.26     0          0
WS063WS062       WS063            WS062            280.00     0.0140     120.89     119.53     0          0
WS064WS063       WS064            WS063            267.00     0.0140     122.21     120.89     0          0
WS070WS051       WS070            WS051            454.00     0.0140     114.70     109.89     0          0
WS071WS070       WS071            WS070            340.00     0.0140     115.78     114.70     0          0
WS072WS071       WS072            WS071            292.00     0.0140     120.09     115.78     0          0
WS073WS072       WS073            WS072            460.00     0.0140     120.39     120.09     0          0
WS074WS073       WS074            WS073            452.00     0.0140     122.76     120.39     0          0
WS075WS072       WS075            WS072            492.00     0.0140     121.15     120.09     0          0
WS080WS070       WS080            WS070            468.00     0.0140     115.29     114.70     0          0
WS081WS080       WS081            WS080            275.00     0.0140     118.04     115.29     0          0
WS085WS080       WS085            WS080            337.00     0.0140     116.97     115.29     0          0
WS086WS085       WS086            WS085            296.00     0.0140     118.45     116.97     0          0
WS087WS086       WS087            WS086            393.00     0.0140     123.56     118.45     0          0
WS100WS070       WS100            WS070            405.00     0.0140     119.60     114.70     0          0
WS101WS100       WS101            WS100            403.00     0.0140     119.43     119.60     0          0
WS102WS101       WS102            WS101            368.00     0.0140     120.71     119.43     0          0
WS110WS100       WS110            WS100            302.00     0.0140     123.89     119.60     0          0
WS111WS110       WS111            WS110            395.00     0.0140     124.73     122.50     0          0
WS112WS111       WS112            WS111            371.00     0.0140     126.75     124.73     0          0
WS120WS110       WS120            WS110            360.00     0.0140     128.29     126.84     0          0
WS121WS120       WS121            WS120            124.00     0.0140     128.79     128.29     0          0
WS122WS121       WS122            WS121            201.00     0.0140     129.29     128.79     0          0
WS130WS110       WS130            WS110            333.00     0.0140     125.74     122.46     0          0
WS131WS130       WS131            WS130            220.00     0.0140     127.07     125.74     0          0
WS132WS131       WS132            WS131            129.00     0.0140     128.15     127.07     0          0
WS200WS002       WS200            WS002            41.00      0.0140     109.42     108.48     0          0
WS201WS200       WS201            WS200            201.00     0.0140     106.27     106.84     0          0
WS202WS201       WS202            WS201            463.00     0.0140     114.12     109.62     0          0
WS203WS202       WS203            WS202            518.00     0.0140     119.40     112.85     0          0
WS210WS202       WS210            WS202            387.00     0.0140     123.29     115.25     0          0
WS215WS201       WS215            WS201            250.00     0.0140     107.27     106.27     0          0
WS216WS215       WS216            WS215            375.00     0.0140     108.77     107.27     0          0
WS217WS201       WS217            WS201            110.00     0.0140     109.35     108.63     0          0
WS218WS201       WS218            WS201            264.00     0.0140     106.45     106.27     0          0
WS219WS218       WS219            WS218            195.00     0.0140     106.55     106.45     0          0
WS220WS219       WS220            WS219            251.00     0.0140     106.87     106.55     0          0
WS221WS220       WS221            WS220            267.00     0.0140     107.46     106.88     0          0
WS222WS221       WS222            WS221            277.00     0.0140     107.86     107.46     0          0
WS223WS222       WS223            WS222            198.00     0.0140     108.26     107.87     0          0
WS224WS230       WS224            WS230            168.00     0.0140     109.34     108.32     0          0
WS225WS224       WS225            WS224            366.00     0.0140     110.02     109.34     0          0
WS230WS223       WS230            WS223            174.00     0.0140     108.32     108.27     0          0
WS231WS230       WS231            WS230            500.00     0.0140     110.41     108.32     0          0
WS232WS231       WS232            WS231            60.00      0.0140     110.66     110.41     0          0
WS233WS232       WS233            WS232            174.00     0.0140     111.38     110.66     0          0
WS234WS233       WS234            WS233            9.00       0.0140     111.42     111.38     0          0
WS235WS234       WS235            WS234            70.00      0.0140     111.52     111.42     0          0
WS236WS235       WS236            WS235            178.00     0.0140     112.26     111.52     0          0
WS237WS236       WS237            WS236            45.00      0.0140     112.45     112.26     0          0
WS238WS237       WS238            WS237            195.00     0.0140     113.26     112.45     0          0
WS270WS235       WS270            WS235            48.00      0.0140     111.62     111.52     0          0
WS271WS270       WS271            WS270            287.00     0.0140     114.48     111.62     0          0
WS272WS271       WS272            WS271            380.00     0.0140     115.84     114.48     0          0
WS273WS272       WS273            WS272            177.00     0.0140     116.80     115.84     0          0
WS274WS273       WS274            WS273            25.00      0.0140     116.85     116.80     0          0
WS275WS274       WS275            WS274            412.00     0.0140     119.50     116.85     0          0
WS280WS233       WS280            WS233            315.00     0.0140     112.69     111.38     0          0
WS281WS280       WS281            WS280            135.00     0.0140     113.25     112.69     0          0
WS310WS221       WS310            WS221            307.00     0.0140     107.86     107.46     0          0
WS311WS310       WS311            WS310            291.00     0.0140     108.69     107.86     0          0
WS312WS311       WS312            WS311            54.00      0.0140     108.80     108.69     0          0
WS313WS312       WS313            WS312            229.00     0.0140     113.82     109.00     0          0
WS320WS312       WS320            WS312            213.00     0.0140     109.01     108.92     0          0
WS321WS322       WS321            WS322            199.00     0.0140     105.31     103.06     0          0
WS322WS352       WS322            WS352            82.00      0.0140     96.39      95.26      0          0
WS323WS322       WS323            WS322            70.00      0.0140     99.17      98.81      0          0
WS324WS323       WS324            WS323            249.00     0.0140     100.27     99.17      0          0
WS325WS321       WS325            WS321            137.00     0.0140     106.13     105.37     0          0
WS351WS350       WS351            WS350            122.00     0.0140     95.01      95.00      0          0
WS352WS351       WS352            WS351            31.00      0.0140     95.44      95.01      0          0
WS353WS351       WS353            WS351            241.00     0.0140     96.61      95.59      0          0
WS354WS353       WS354            WS353            300.00     0.0140     98.55      96.61      0          0
WS355WS354       WS355            WS354            297.00     0.0140     100.48     98.55      0          0
WS356WS355       WS356            WS355            213.00     0.0140     101.86     100.48     0          0
WS357WS356       WS357            WS356            175.00     0.0140     102.99     101.86     0          0
WS400WS401       WS400            WS401            105.00     0.0140     97.85      97.45      0          0
WS401WS353       WS401            WS353            210.00     0.0140     97.45      96.61      0          0
WS402WS401       WS402            WS401            279.00     0.0140     98.57      97.45      0          0
WS420WS355       WS420            WS355            165.00     0.0140     101.45     100.48     0          0
WS421WS420       WS421            WS420            156.00     0.0140     102.34     101.45     0          0
WS451WS355       WS451            WS355            332.00     0.0140     100.12     100.48     0          0
WS452WS451       WS452            WS451            240.00     0.0140     101.08     100.12     0          0
WS453WS451       WS453            WS451            225.00     0.0140     101.02     100.12     0          0
WS470WS618       WS470            WS618            38.00      0.0140     97.64      95.82      0          0
WS471WS470       WS471            WS470            155.00     0.0140     100.39     97.64      0          0
WS472WS619       WS472            WS619            300.00     0.0140     103.12     101.71     0          0
WS473WS472       WS473            WS472            270.00     0.0140     104.09     103.13     0          0
WS474WS473       WS474            WS473            240.00     0.0140     105.07     104.10     0          0
WS475WS474       WS475            WS474            139.00     0.0140     105.84     105.12     0          0
WS476WS475       WS476            WS475            380.00     0.0140     107.47     105.84     0          0
WS477WS476       WS477            WS476            402.00     0.0140     109.26     107.62     0          0
WS478WS477       WS478            WS477            399.00     0.0140     110.83     109.30     0          0
WS480WS476       WS480            WS476            290.00     0.0140     109.85     107.57     0          0
WS481WS480       WS481            WS480            162.00     0.0140     110.83     109.93     0          0
WS482WS481       WS482            WS481            114.00     0.0140     111.60     110.83     0          0
WS483WS482       WS483            WS482            153.00     0.0140     112.42     111.60     0          0
WS484WS483       WS484            WS483            294.00     0.0140     112.95     112.42     0          0
WS485WS492       WS485            WS492            150.00     0.0140     114.11     113.51     0          0
WS490WS485       WS490            WS485            75.00      0.0140     114.91     114.11     0          0
WS491WS485       WS491            WS485            150.00     0.0140     114.71     114.11     0          0
WS492WS484       WS492            WS484            150.00     0.0140     113.51     112.95     0          0
WS510WS482       WS510            WS482            210.00     0.0140     112.44     111.60     0          0
WS515WS471       WS515            WS471            115.00     0.0140     101.47     100.79     0          0
WS516WS515       WS516            WS515            80.00      0.0140     101.54     101.47     0          0
WS517WS516       WS517            WS516            125.00     0.0140     102.60     101.58     0          0
WS518WS517       WS518            WS517            432.00     0.0140     104.75     102.61     0          0
WS519WS518       WS519            WS518            27.00      0.0140     105.63     104.75     0          0
WS520WS519       WS520            WS519            125.00     0.0140     106.04     105.63     0          0
WS521WS520       WS521            WS520            243.00     0.0140     107.46     106.04     0          0
WS522WS521       WS522            WS521            256.00     0.0140     108.48     107.46     0          0
WS523WS915       WS523            WS915            282.00     0.0140     110.71     109.58     0          0
WS530WS520       WS530            WS520            348.00     0.0140     106.67     106.04     0          0
WS531WS530       WS531            WS530            256.00     0.0140     106.99     106.67     0          0
WS532WS531       WS532            WS531            240.00     0.0140     107.95     106.99     0          0
WS533WS532       WS533            WS532            270.00     0.0140     109.03     107.95     0          0
WS560WS530       WS560            WS530            136.00     0.0140     107.99     107.37     0          0
WS561WS560       WS561            WS560            286.00     0.0140     108.88     107.33     0          0
WS562WS561       WS562            WS561            414.00     0.0140     110.47     110.58     0          0
WS563WS560       WS563            WS560            210.00     0.0140     107.99     107.28     0          0
WS564WS563       WS564            WS563            136.00     0.0140     108.48     108.04     0          0
WS565WS564       WS565            WS564            51.00      0.0140     108.67     108.48     0          0
WS566WS565       WS566            WS565            125.00     0.0140     109.27     108.67     0          0
WS567WS563       WS567            WS563            75.00      0.0140     108.35     107.99     0          0
WS568WS567       WS568            WS567            394.00     0.0140     110.58     108.48     0          0
WS569WS568       WS569            WS568            404.00     0.0140     112.95     110.58     0          0
WS570WS567       WS570            WS567            100.00     0.0140     108.75     108.35     0          0
WS580WS518       WS580            WS518            27.00      0.0140     105.63     105.47     0          0
WS581WS580       WS581            WS580            135.00     0.0140     105.62     105.25     0          0
WS582WS581       WS582            WS581            300.00     0.0140     106.26     105.62     0          0
WS583WS582       WS583            WS582            306.00     0.0140     107.21     106.27     0          0
WS584WS583       WS584            WS583            308.00     0.0140     108.21     107.22     0          0
WS599WS610       WS599            WS610            132.00     0.0140     99.38      98.96      0          0
WS610WS470       WS610            WS470            227.00     0.0140     98.95      97.64      0          0
WS611WS599       WS611            WS599            83.00      0.0140     99.72      99.38      0          0
WS612WS611       WS612            WS611            311.00     0.0140     101.65     100.16     0          0
WS613WS612       WS613            WS612            302.00     0.0140     102.73     101.53     0          0
WS614WS613       WS614            WS613            200.00     0.0140     103.53     102.73     0          0
WS615WS614       WS615            WS614            261.00     0.0140     104.58     103.53     0          0
WS616WS613       WS616            WS613            264.00     0.0140     103.78     102.73     0          0
WS619WS471       WS619            WS471            265.00     0.0140     101.71     100.64     0          0
WS620WS612       WS620            WS612            116.00     0.0140     102.26     101.73     0          0
WS700WS474       WS700            WS474            191.00     0.0140     108.68     105.10     0          0
WS701WS700       WS701            WS700            260.00     0.0140     113.85     108.68     0          0
WS702WS701       WS702            WS701            301.00     0.0140     115.25     114.01     0          0
WS703WS702       WS703            WS702            119.00     0.0140     115.74     115.26     0          0
WS705WS480       WS705            WS480            378.00     0.0140     112.44     110.09     0          0
WS706WS705       WS706            WS705            273.00     0.0140     114.65     112.44     0          0
WS710WS481       WS710            WS481            30.00      0.0140     111.17     110.91     0          0
WS711WS710       WS711            WS710            130.00     0.0140     111.72     111.17     0          0
WS712WS711       WS712            WS711            162.00     0.0140     112.30     111.72     0          0
WS713WS712       WS713            WS712            347.00     0.0140     117.28     112.64     0          0
WS714WS713       WS714            WS713            346.00     0.0140     121.58     117.28     0          0
WS730WS712       WS730            WS712            327.00     0.0140     113.67     112.30     0          0
WS731WS730       WS731            WS730            322.00     0.0140     114.82     113.67     0          0
WS732WS731       WS732            WS731            300.00     0.0140     117.61     115.14     0          0
WS733WS732       WS733            WS732            295.00     0.0140     119.27     117.61     0          0
WS734WS733       WS734            WS733            250.00     0.0140     121.71     119.27     0          0
WS735WS734       WS735            WS734            252.00     0.0140     124.22     121.71     0          0
WS740WS731       WS740            WS731            325.00     0.0140     115.93     114.82     0          0
WS741WS740       WS741            WS740            145.00     0.0140     116.97     115.93     0          0
WS742WS741       WS742            WS741            396.00     0.0140     118.69     116.97     0          0
WS750WS480       WS750            WS480            353.00     0.0140     113.23     110.21     0          0
WS751WS750       WS751            WS750            298.00     0.0140     117.74     114.04     0          0
WS752WS751       WS752            WS751            350.00     0.0140     121.93     117.77     0          0
WS780WS200       WS780            WS200            41.00      0.0140     109.42     108.48     0          0
WS781WS780       WS781            WS780            244.00     0.0140     110.08     109.42     0          0
WS782WS781       WS782            WS781            232.00     0.0140     112.60     110.08     0          0
WS783WS782       WS783            WS782            316.00     0.0140     113.58     112.62     0          0
WS784WS783       WS784            WS783            440.00     0.0140     114.98     113.61     0          0
WS785WS784       WS785            WS784            371.00     0.0140     116.40     114.98     0          0
WS790WS782       WS790            WS782            358.00     0.0140     118.24     112.62     0          0
WS791WS783       WS791            WS783            348.00     0.0140     118.83     113.60     0          0
WS791WS790       WS791            WS790            313.00     0.0140     120.57     118.33     0          0
WS792WS784       WS792            WS784            355.00     0.0140     121.51     117.28     0          0
WS792WS791       WS792            WS791            427.00     0.0140     123.75     118.83     0          0
WS793WS792       WS793            WS792            370.00     0.0140     122.82     121.59     0          0
WS800WS790       WS800            WS790            358.00     0.0140     123.80     118.33     0          0
WS801WS791       WS801            WS791            360.00     0.0140     124.11     118.83     0          0
WS801WS800       WS801            WS800            312.00     0.0140     125.53     123.80     0          0
WS802WS792       WS802            WS792            356.00     0.0140     125.15     121.59     0          0
WS802WS801       WS802            WS801            435.00     0.0140     129.65     124.11     0          0
WS803WS802       WS803            WS802            367.00     0.0140     126.43     125.30     0          0
WS805WS802       WS805            WS802            174.00     0.0140     126.90     125.20     0          0
WS806WS805       WS806            WS805            306.00     0.0140     128.12     126.90     0          0
WS820WS805       WS820            WS805            366.00     0.0140     128.32     126.90     0          0
WS821WS820       WS821            WS820            72.00      0.0140     128.74     128.32     0          0
WS822WS821       WS822            WS821            174.00     0.0140     129.53     128.74     0          0
WS830WS821       WS830            WS821            20.00      0.0140     129.31     128.74     0          0
WS831WS830       WS831            WS830            315.00     0.0140     130.42     129.31     0          0
WS832WS831       WS832            WS831            150.00     0.0140     130.79     130.42     0          0
WS835WS831       WS835            WS831            7.00       0.0140     130.45     130.42     0          0
WS836WS835       WS836            WS835            195.00     0.0140     130.64     130.45     0          0
WS900WS560       WS900            WS560            118.00     0.0140     107.61     107.43     0          0
WS901WS900       WS901            WS900            146.00     0.0140     107.87     107.61     0          0
WS902WS901       WS902            WS901            70.00      0.0140     108.09     107.87     0          0
WS903WS902       WS903            WS902            240.00     0.0140     108.35     108.09     0          0
WS904WS903       WS904            WS903            100.00     0.0140     108.75     108.35     0          0
WS906WS903       WS906            WS903            204.00     0.0140     109.08     108.35     0          0
WS907WS906       WS907            WS906            260.00     0.0140     109.84     109.02     0          0
WS908WS906       WS908            WS906            175.00     0.0140     109.72     109.02     0          0
WS909WS908       WS909            WS908            100.00     0.0140     110.12     109.72     0          0
WS910WS907       WS910            WS907            428.00     0.0140     110.58     109.84     0          0
WS911WS910       WS911            WS910            453.00     0.0140     113.44     110.58     0          0
WS912WS911       WS912            WS911            193.00     0.0140     114.57     113.56     0          0
WS915WS522       WS915            WS522            275.00     0.0140     109.58     108.48     0          0
WS618WS351       WS618            WS351            75.00      0.0140     95.82      95.59      0          0
662              ?                ?                10.00      0.0140     126.00     125.00     0          0
WS004WS001       WS004            WS001            15.00      0.0140     107.45     107.00     0          0
OFWS351          WS351            WS351OF          98.00      0.0140     105.76     105.53     0          0
OFWS471          WS471            WS471OF          33.00      0.0140     104.77     104.00     0          0
OFWS476          WS476            WS476OF          33.00      0.0140     109.23     109.00     0          0
OFWS225          WS225            WS225OF          12.00      0.0140     110.03     109.44     0          0
OFWS480          WS480            WS480OF          33.00      0.0140     113.05     112.50     0          0
OFWS219          WS219            WS219OF          45.50      0.0140     110.91     110.00     0          0
OFWS312          WS312            WS312OF          33.00      0.0140     110.90     110.79     0          0
OFWS516          WS516            WS516OF          33.00      0.0140     106.56     106.00     0          0
OFWS599          WS599            WS599OF          1.00       0.0140     104.00     104.00     0          0
OFWS002          WS002            WS002OF          5.50       0.0140     113.75     113.00     0          0

[PUMPS]
;;Name           From             To               PumpCurve  Status   Startup    Shutoff
;;-------------- ---------------- ---------------- ---------- -------- ---------- ----------
WS PS 1          WS PS 2          WS PS 3          PC_WS PS 1 ON       105.45     104.20    
NLANDPS1         NLANDPS2         ?                PC_NLANDPS1 ON       0          0         

[CURVES]
;;Name           Type       X-Value    Y-Value
;;-------------- ---------- ---------- ----------
PC_WS PS 1       Pump3      0          0
;
PC_NLANDPS1      Pump1      0          0
;

[XSECTIONS]
;;Link           Shape        Geom1      Geom2      Geom3      Geom4      Barrels
;;-------------- ------------ ---------- ---------- ---------- ---------- ----------
WS004WS002       CIRCULAR     1.25       0          0          0          1
WS005WS004       CIRCULAR     1.25       0          0          0          1
WS006WS005       CIRCULAR     1.25       0          0          0          1
WS007WS006       CIRCULAR     0.67       0          0          0          1
WS008WS006       CIRCULAR     0.83       0          0          0          1
WS009WS008       CIRCULAR     0.83       0          0          0          1
WS010WS009       CIRCULAR     0.83       0          0          0          1
WS011WS010       CIRCULAR     0.83       0          0          0          1
WS012WS011       CIRCULAR     0.83       0          0          0          1
WS013WS012       CIRCULAR     0.67       0          0          0          1
WS014WS013       CIRCULAR     0.67       0          0          0          1
WS019WS012       CIRCULAR     0.67       0          0          0          1
WS020WS019       CIRCULAR     0.67       0          0          0          1
WS021WS020       CIRCULAR     0.67       0          0          0          1
WS026WS020       CIRCULAR     0.67       0          0          0          1
WS027WS026       CIRCULAR     0.67       0          0          0          1
WS050WS006       CIRCULAR     1.25       0          0          0          1
WS051WS050       CIRCULAR     1.25       0          0          0          1
WS052WS051       CIRCULAR     0.67       0          0          0          1
WS060WS051       CIRCULAR     0.67       0          0          0          1
WS061WS060       CIRCULAR     0.67       0          0          0          1
WS062WS061       CIRCULAR     0.67       0          0          0          1
WS063WS062       CIRCULAR     0.67       0          0          0          1
WS064WS063       CIRCULAR     0.67       0          0          0          1
WS070WS051       CIRCULAR     1.25       0          0          0          1
WS071WS070       CIRCULAR     0.83       0          0          0          1
WS072WS071       CIRCULAR     0.83       0          0          0          1
WS073WS072       CIRCULAR     0.67       0          0          0          1
WS074WS073       CIRCULAR     0.67       0          0          0          1
WS075WS072       CIRCULAR     0.83       0          0          0          1
WS080WS070       CIRCULAR     0.67       0          0          0          1
WS081WS080       CIRCULAR     0.67       0          0          0          1
WS085WS080       CIRCULAR     0.67       0          0          0          1
WS086WS085       CIRCULAR     0.67       0          0          0          1
WS087WS086       CIRCULAR     0.67       0          0          0          1
WS100WS070       CIRCULAR     1.00       0          0          0          1
WS101WS100       CIRCULAR     0.67       0          0          0          1
WS102WS101       CIRCULAR     0.67       0          0          0          1
WS110WS100       CIRCULAR     1.00       0          0          0          1
WS111WS110       CIRCULAR     0.67       0          0          0          1
WS112WS111       CIRCULAR     0.67       0          0          0          1
WS120WS110       CIRCULAR     0.67       0          0          0          1
WS121WS120       CIRCULAR     0.67       0          0          0          1
WS122WS121       CIRCULAR     0.67       0          0          0          1
WS130WS110       CIRCULAR     0.67       0          0          0          1
WS131WS130       CIRCULAR     0.67       0          0          0          1
WS132WS131       CIRCULAR     0.67       0          0          0          1
WS200WS002       CIRCULAR     0.83       0          0          0          1
WS201WS200       CIRCULAR     1.50       0          0          0          1
WS202WS201       CIRCULAR     0.67       0          0          0          1
WS203WS202       CIRCULAR     0.67       0          0          0          1
WS210WS202       CIRCULAR     0.67       0          0          0          1
WS215WS201       CIRCULAR     0.67       0          0          0          1
WS216WS215       CIRCULAR     0.67       0          0          0          1
WS217WS201       CIRCULAR     0.67       0          0          0          1
WS218WS201       CIRCULAR     1.25       0          0          0          1
WS219WS218       CIRCULAR     1.25       0          0          0          1
WS220WS219       CIRCULAR     1.25       0          0          0          1
WS221WS220       CIRCULAR     1.25       0          0          0          1
WS222WS221       CIRCULAR     1.25       0          0          0          1
WS223WS222       CIRCULAR     1.25       0          0          0          1
WS224WS230       CIRCULAR     1.00       0          0          0          1
WS225WS224       CIRCULAR     1.00       0          0          0          1
WS230WS223       CIRCULAR     1.25       0          0          0          1
WS231WS230       CIRCULAR     1.25       0          0          0          1
WS232WS231       CIRCULAR     1.25       0          0          0          1
WS233WS232       CIRCULAR     1.25       0          0          0          1
WS234WS233       CIRCULAR     1.25       0          0          0          1
WS235WS234       CIRCULAR     0.67       0          0          0          1
WS236WS235       CIRCULAR     0.67       0          0          0          1
WS237WS236       CIRCULAR     0.67       0          0          0          1
WS238WS237       CIRCULAR     0.67       0          0          0          1
WS270WS235       CIRCULAR     0.67       0          0          0          1
WS271WS270       CIRCULAR     0.67       0          0          0          1
WS272WS271       CIRCULAR     0.67       0          0          0          1
WS273WS272       CIRCULAR     0.67       0          0          0          1
WS274WS273       CIRCULAR     0.67       0          0          0          1
WS275WS274       CIRCULAR     0.67       0          0          0          1
WS280WS233       CIRCULAR     0.83       0          0          0          1
WS281WS280       CIRCULAR     0.67       0          0          0          1
WS310WS221       CIRCULAR     1.00       0          0          0          1
WS311WS310       CIRCULAR     0.83       0          0          0          1
WS312WS311       CIRCULAR     0.83       0          0          0          1
WS313WS312       CIRCULAR     0.67       0          0          0          1
WS320WS312       CIRCULAR     0.83       0          0          0          1
WS321WS322       CIRCULAR     0.67       0          0          0          1
WS322WS352       CIRCULAR     1.00       0          0          0          1
WS323WS322       CIRCULAR     0.67       0          0          0          1
WS324WS323       CIRCULAR     0.67       0          0          0          1
WS325WS321       CIRCULAR     0.67       0          0          0          1
WS351WS350       CIRCULAR     1.00       0          0          0          1
WS352WS351       CIRCULAR     0.83       0          0          0          1
WS353WS351       CIRCULAR     0.67       0          0          0          1
WS354WS353       CIRCULAR     0.67       0          0          0          1
WS355WS354       CIRCULAR     0.67       0          0          0          1
WS356WS355       CIRCULAR     0.67       0          0          0          1
WS357WS356       CIRCULAR     0.67       0          0          0          1
WS400WS401       CIRCULAR     0.67       0          0          0          1
WS401WS353       CIRCULAR     0.67       0          0          0          1
WS402WS401       CIRCULAR     0.67       0          0          0          1
WS420WS355       CIRCULAR     0.67       0          0          0          1
WS421WS420       CIRCULAR     0.67       0          0          0          1
WS451WS355       CIRCULAR     0.67       0          0          0          1
WS452WS451       CIRCULAR     0.67       0          0          0          1
WS453WS451       CIRCULAR     0.67       0          0          0          1
WS470WS618       CIRCULAR     0.83       0          0          0          1
WS471WS470       CIRCULAR     0.83       0          0          0          1
WS472WS619       CIRCULAR     0.67       0          0          0          1
WS473WS472       CIRCULAR     0.67       0          0          0          1
WS474WS473       CIRCULAR     0.67       0          0          0          1
WS475WS474       CIRCULAR     0.67       0          0          0          1
WS476WS475       CIRCULAR     0.67       0          0          0          1
WS477WS476       CIRCULAR     0.67       0          0          0          1
WS478WS477       CIRCULAR     0.67       0          0          0          1
WS480WS476       CIRCULAR     0.67       0          0          0          1
WS481WS480       CIRCULAR     0.67       0          0          0          1
WS482WS481       CIRCULAR     0.67       0          0          0          1
WS483WS482       CIRCULAR     0.67       0          0          0          1
WS484WS483       CIRCULAR     0.67       0          0          0          1
WS485WS492       CIRCULAR     0.67       0          0          0          1
WS490WS485       CIRCULAR     0.67       0          0          0          1
WS491WS485       CIRCULAR     0.67       0          0          0          1
WS492WS484       CIRCULAR     0.67       0          0          0          1
WS510WS482       CIRCULAR     0.67       0          0          0          1
WS515WS471       CIRCULAR     0.83       0          0          0          1
WS516WS515       CIRCULAR     0.83       0          0          0          1
WS517WS516       CIRCULAR     0.83       0          0          0          1
WS518WS517       CIRCULAR     0.83       0          0          0          1
WS519WS518       CIRCULAR     0.83       0          0          0          1
WS520WS519       CIRCULAR     0.83       0          0          0          1
WS521WS520       CIRCULAR     0.67       0          0          0          1
WS522WS521       CIRCULAR     1.00       0          0          0          1
WS523WS915       CIRCULAR     0.67       0          0          0          1
WS530WS520       CIRCULAR     1.00       0          0          0          1
WS531WS530       CIRCULAR     1.00       0          0          0          1
WS532WS531       CIRCULAR     0.67       0          0          0          1
WS533WS532       CIRCULAR     0.67       0          0          0          1
WS560WS530       CIRCULAR     1.00       0          0          0          1
WS561WS560       CIRCULAR     0.67       0          0          0          1
WS562WS561       CIRCULAR     0.67       0          0          0          1
WS563WS560       CIRCULAR     1.00       0          0          0          1
WS564WS563       CIRCULAR     0.67       0          0          0          1
WS565WS564       CIRCULAR     0.67       0          0          0          1
WS566WS565       CIRCULAR     0.67       0          0          0          1
WS567WS563       CIRCULAR     0.67       0          0          0          1
WS568WS567       CIRCULAR     0.67       0          0          0          1
WS569WS568       CIRCULAR     0.67       0          0          0          1
WS570WS567       CIRCULAR     0.67       0          0          0          1
WS580WS518       CIRCULAR     0.83       0          0          0          1
WS581WS580       CIRCULAR     0.83       0          0          0          1
WS582WS581       CIRCULAR     0.83       0          0          0          1
WS583WS582       CIRCULAR     0.83       0          0          0          1
WS584WS583       CIRCULAR     0.83       0          0          0          1
WS599WS610       CIRCULAR     0.83       0          0          0          1
WS610WS470       CIRCULAR     0.83       0          0          0          1
WS611WS599       CIRCULAR     0.83       0          0          0          1
WS612WS611       CIRCULAR     0.67       0          0          0          1
WS613WS612       CIRCULAR     0.67       0          0          0          1
WS614WS613       CIRCULAR     0.67       0          0          0          1
WS615WS614       CIRCULAR     0.67       0          0          0          1
WS616WS613       CIRCULAR     0.67       0          0          0          1
WS619WS471       CIRCULAR     0.67       0          0          0          1
WS620WS612       CIRCULAR     0.67       0          0          0          1
WS700WS474       CIRCULAR     0.67       0          0          0          1
WS701WS700       CIRCULAR     0.67       0          0          0          1
WS702WS701       CIRCULAR     0.67       0          0          0          1
WS703WS702       CIRCULAR     0.67       0          0          0          1
WS705WS480       CIRCULAR     0.67       0          0          0          1
WS706WS705       CIRCULAR     0.67       0          0          0          1
WS710WS481       CIRCULAR     0.67       0          0          0          1
WS711WS710       CIRCULAR     0.67       0          0          0          1
WS712WS711       CIRCULAR     0.67       0          0          0          1
WS713WS712       CIRCULAR     0.67       0          0          0          1
WS714WS713       CIRCULAR     0.67       0          0          0          1
WS730WS712       CIRCULAR     0.67       0          0          0          1
WS731WS730       CIRCULAR     0.67       0          0          0          1
WS732WS731       CIRCULAR     0.67       0          0          0          1
WS733WS732       CIRCULAR     0.67       0          0          0          1
WS734WS733       CIRCULAR     0.67       0          0          0          1
WS735WS734       CIRCULAR     0.67       0          0          0          1
WS740WS731       CIRCULAR     0.67       0          0          0          1
WS741WS740       CIRCULAR     0.67       0          0          0          1
WS742WS741       CIRCULAR     0.67       0          0          0          1
WS750WS480       CIRCULAR     0.67       0          0          0          1
WS751WS750       CIRCULAR     0.67       0          0          0          1
WS752WS751       CIRCULAR     0.67       0          0          0          1
WS780WS200       CIRCULAR     0.83       0          0          0          1
WS781WS780       CIRCULAR     0.83       0          0          0          1
WS782WS781       CIRCULAR     0.67       0          0          0          1
WS783WS782       CIRCULAR     0.83       0          0          0          1
WS784WS783       CIRCULAR     0.83       0          0          0          1
WS785WS784       CIRCULAR     0.67       0          0          0          1
WS790WS782       CIRCULAR     0.67       0          0          0          1
WS791WS783       CIRCULAR     0.67       0          0          0          1
WS791WS790       CIRCULAR     0.67       0          0          0          1
WS792WS784       CIRCULAR     0.67       0          0          0          1
WS792WS791       CIRCULAR     0.67       0          0          0          1
WS793WS792       CIRCULAR     0.67       0          0          0          1
WS800WS790       CIRCULAR     0.67       0          0          0          1
WS801WS791       CIRCULAR     0.67       0          0          0          1
WS801WS800       CIRCULAR     0.67       0          0          0          1
WS802WS792       CIRCULAR     0.67       0          0          0          1
WS802WS801       CIRCULAR     0.67       0          0          0          1
WS803WS802       CIRCULAR     0.67       0          0          0          1
WS805WS802       CIRCULAR     0.67       0          0          0          1
WS806WS805       CIRCULAR     0.67       0          0          0          1
WS820WS805       CIRCULAR     0.67       0          0          0          1
WS821WS820       CIRCULAR     0.67       0          0          0          1
WS822WS821       CIRCULAR     0.67       0          0          0          1
WS830WS821       CIRCULAR     0.67       0          0          0          1
WS831WS830       CIRCULAR     0.67       0          0          0          1
WS832WS831       CIRCULAR     0.67       0          0          0          1
WS835WS831       CIRCULAR     0.67       0          0          0          1
WS836WS835       CIRCULAR     0.67       0          0          0          1
WS900WS560       CIRCULAR     0.83       0          0          0          1
WS901WS900       CIRCULAR     0.83       0          0          0          1
WS902WS901       CIRCULAR     0.83       0          0          0          1
WS903WS902       CIRCULAR     0.83       0          0          0          1
WS904WS903       CIRCULAR     0.67       0          0          0          1
WS906WS903       CIRCULAR     0.83       0          0          0          1
WS907WS906       CIRCULAR     0.83       0          0          0          1
WS908WS906       CIRCULAR     0.67       0          0          0          1
WS909WS908       CIRCULAR     0.67       0          0          0          1
WS910WS907       CIRCULAR     0.67       0          0          0          1
WS911WS910       CIRCULAR     0.67       0          0          0          1
WS912WS911       CIRCULAR     0.67       0          0          0          1
WS915WS522       CIRCULAR     0.67       0          0          0          1
WS618WS351       CIRCULAR     0.83       0          0          0          1
662              CIRCULAR     3.00       0          0          0          1
WS004WS001       CIRCULAR     1.60       0          0          0          1
OFWS351          CIRCULAR     1.00       0          0          0          1
OFWS471          CIRCULAR     1.00       0          0          0          1
OFWS476          CIRCULAR     1.00       0          0          0          1
OFWS225          CIRCULAR     1.00       0          0          0          1
OFWS480          CIRCULAR     1.00       0          0          0          1
OFWS219          CIRCULAR     1.00       0          0          0          1
OFWS312          CIRCULAR     1.00       0          0          0          1
OFWS516          CIRCULAR     1.00       0          0          0          1
OFWS599          CIRCULAR     1.00       0          0          0          1
OFWS002          CIRCULAR     1.00       0          0          0          1

[LOSSES]
;;Link           Inlet      Outlet     Average    Flap Gate
;;-------------- ---------- ---------- ---------- ----------
WS004WS002       0          0          0          NO
WS005WS004       0          0          0          NO
WS006WS005       0          0          0          NO
WS007WS006       0          0          0          NO
WS008WS006       0          0          0          NO
WS009WS008       0          0          0          NO
WS010WS009       0          0          0          NO
WS011WS010       0          0          0          NO
WS012WS011       0          0          0          NO
WS013WS012       0          0          0          NO
WS014WS013       0          0          0          NO
WS019WS012       0          0          0          NO
WS020WS019       0          0          0          NO
WS021WS020       0          0          0          NO
WS026WS020       0          0          0          NO
WS027WS026       0          0          0          NO
WS050WS006       0          0          0          NO
WS051WS050       0          0          0          NO
WS052WS051       0          0          0          NO
WS060WS051       0          0          0          NO
WS061WS060       0          0          0          NO
WS062WS061       0          0          0          NO
WS063WS062       0          0          0          NO
WS064WS063       0          0          0          NO
WS070WS051       0          0          0          NO
WS071WS070       0          0          0          NO
WS072WS071       0          0          0          NO
WS073WS072       0          0          0          NO
WS074WS073       0          0          0          NO
WS075WS072       0          0          0          NO
WS080WS070       0          0          0          NO
WS081WS080       0          0          0          NO
WS085WS080       0          0          0          NO
WS086WS085       0          0          0          NO
WS087WS086       0          0          0          NO
WS100WS070       0          0          0          NO
WS101WS100       0          0          0          NO
WS102WS101       0          0          0          NO
WS110WS100       0          0          0          NO
WS111WS110       0          0          0          NO
WS112WS111       0          0          0          NO
WS120WS110       0          0          0          NO
WS121WS120       0          0          0          NO
WS122WS121       0          0          0          NO
WS130WS110       0          0          0          NO
WS131WS130       0          0          0          NO
WS132WS131       0          0          0          NO
WS200WS002       0          0          0          NO
WS201WS200       0          0          0          NO
WS202WS201       0          0          0          NO
WS203WS202       0          0          0          NO
WS210WS202       0          0          0          NO
WS215WS201       0          0          0          NO
WS216WS215       0          0          0          NO
WS217WS201       0          0          0          NO
WS218WS201       0          0          0          NO
WS219WS218       0          0          0          NO
WS220WS219       0          0          0          NO
WS221WS220       0          0          0          NO
WS222WS221       0          0          0          NO
WS223WS222       0          0          0          NO
WS224WS230       0          0          0          NO
WS225WS224       0          0          0          NO
WS230WS223       0          0          0          NO
WS231WS230       0          0          0          NO
WS232WS231       0          0          0          NO
WS233WS232       0          0          0          NO
WS234WS233       0          0          0          NO
WS235WS234       0          0          0          NO
WS236WS235       0          0          0          NO
WS237WS236       0          0          0          NO
WS238WS237       0          0          0          NO
WS270WS235       0          0          0          NO
WS271WS270       0          0          0          NO
WS272WS271       0          0          0          NO
WS273WS272       0          0          0          NO
WS274WS273       0          0          0          NO
WS275WS274       0          0          0          NO
WS280WS233       0          0          0          NO
WS281WS280       0          0          0          NO
WS310WS221       0          0          0          NO
WS311WS310       0          0          0          NO
WS312WS311       0          0          0          NO
WS313WS312       0          0          0          NO
WS320WS312       0          0          0          NO
WS321WS322       0          0          0          NO
WS322WS352       0          0          0          NO
WS323WS322       0          0          0          NO
WS324WS323       0          0          0          NO
WS325WS321       0          0          0          NO
WS351WS350       0          0          0          NO
WS352WS351       0          0          0          NO
WS353WS351       0          0          0          NO
WS354WS353       0          0          0          NO
WS355WS354       0          0          0          NO
WS356WS355       0          0          0          NO
WS357WS356       0          0          0          NO
WS400WS401       0          0          0          NO
WS401WS353       0          0          0          NO
WS402WS401       0          0          0          NO
WS420WS355       0          0          0          NO
WS421WS420       0          0          0          NO
WS451WS355       0          0          0          NO
WS452WS451       0          0          0          NO
WS453WS451       0          0          0          NO
WS470WS618       0          0          0          NO
WS471WS470       0          0          0          NO
WS472WS619       0          0          0          NO
WS473WS472       0          0          0          NO
WS474WS473       0          0          0          NO
WS475WS474       0          0          0          NO
WS476WS475       0          0          0          NO
WS477WS476       0          0          0          NO
WS478WS477       0          0          0          NO
WS480WS476       0          0          0          NO
WS481WS480       0          0          0          NO
WS482WS481       0          0          0          NO
WS483WS482       0          0          0          NO
WS484WS483       0          0          0          NO
WS485WS492       0          0          0          NO
WS490WS485       0          0          0          NO
WS491WS485       0          0          0          NO
WS492WS484       0          0          0          NO
WS510WS482       0          0          0          NO
WS515WS471       0          0          0          NO
WS516WS515       0          0          0          NO
WS517WS516       0          0          0          NO
WS518WS517       0          0          0          NO
WS519WS518       0          0          0          NO
WS520WS519       0          0          0          NO
WS521WS520       0          0          0          NO
WS522WS521       0          0          0          NO
WS523WS915       0          0          0          NO
WS530WS520       0          0          0          NO
WS531WS530       0          0          0          NO
WS532WS531       0          0          0          NO
WS533WS532       0          0          0          NO
WS560WS530       0          0          0          NO
WS561WS560       0          0          0          NO
WS562WS561       0          0          0          NO
WS563WS560       0          0          0          NO
WS564WS563       0          0          0          NO
WS565WS564       0          0          0          NO
WS566WS565       0          0          0          NO
WS567WS563       0          0          0          NO
WS568WS567       0          0          0          NO
WS569WS568       0          0          0          NO
WS570WS567       0          0          0          NO
WS580WS518       0          0          0          NO
WS581WS580       0          0          0          NO
WS582WS581       0          0          0          NO
WS583WS582       0          0          0          NO
WS584WS583       0          0          0          NO
WS599WS610       0          0          0          NO
WS610WS470       0          0          0          NO
WS611WS599       0          0          0          NO
WS612WS611       0          0          0          NO
WS613WS612       0          0          0          NO
WS614WS613       0          0          0          NO
WS615WS614       0          0          0          NO
WS616WS613       0          0          0          NO
WS619WS471       0          0          0          NO
WS620WS612       0          0          0          NO
WS700WS474       0          0          0          NO
WS701WS700       0          0          0          NO
WS702WS701       0          0          0          NO
WS703WS702       0          0          0          NO
WS705WS480       0          0          0          NO
WS706WS705       0          0          0          NO
WS710WS481       0          0          0          NO
WS711WS710       0          0          0          NO
WS712WS711       0          0          0          NO
WS713WS712       0          0          0          NO
WS714WS713       0          0          0          NO
WS730WS712       0          0          0          NO
WS731WS730       0          0          0          NO
WS732WS731       0          0          0          NO
WS733WS732       0          0          0          NO
WS734WS733       0          0          0          NO
WS735WS734       0          0          0          NO
WS740WS731       0          0          0          NO
WS741WS740       0          0          0          NO
WS742WS741       0          0          0          NO
WS750WS480       0          0          0          NO
WS751WS750       0          0          0          NO
WS752WS751       0          0          0          NO
WS780WS200       0          0          0          NO
WS781WS780       0          0          0          NO
WS782WS781       0          0          0          NO
WS783WS782       0          0          0          NO
WS784WS783       0          0          0          NO
WS785WS784       0          0          0          NO
WS790WS782       0          0          0          NO
WS791WS783       0          0          0          NO
WS791WS790       0          0          0          NO
WS792WS784       0          0          0          NO
WS792WS791       0          0          0          NO
WS793WS792       0          0          0          NO
WS800WS790       0          0          0          NO
WS801WS791       0          0          0          NO
WS801WS800       0          0          0          NO
WS802WS792       0          0          0          NO
WS802WS801       0          0          0          NO
WS803WS802       0          0          0          NO
WS805WS802       0          0          0          NO
WS806WS805       0          0          0          NO
WS820WS805       0          0          0          NO
WS821WS820       0          0          0          NO
WS822WS821       0          0          0          NO
WS830WS821       0          0          0          NO
WS831WS830       0          0          0          NO
WS832WS831       0          0          0          NO
WS835WS831       0          0          0          NO
WS836WS835       0          0          0          NO
WS900WS560       0          0          0          NO
WS901WS900       0          0          0          NO
WS902WS901       0          0          0          NO
WS903WS902       0          0          0          NO
WS904WS903       0          0          0          NO
WS906WS903       0          0          0          NO
WS907WS906       0          0          0          NO
WS908WS906       0          0          0          NO
WS909WS908       0          0          0          NO
WS910WS907       0          0          0          NO
WS911WS910       0          0          0          NO
WS912WS911       0          0          0          NO
WS915WS522       0          0          0          NO
WS618WS351       0          0          0          NO
662              0          0          0          NO
WS004WS001       0          0          0          NO
OFWS351          0          0          0          NO
OFWS471          0          0          0          NO
OFWS476          0          0          0          NO
OFWS225          0          0          0          NO
OFWS480          0          0          0          NO
OFWS219          0          0          0          NO
OFWS312          0          0          0          NO
OFWS516          0          0          0          NO
OFWS599          0          0          0          NO
OFWS002          0          0          0          NO

[COORDINATES]
;;Node           X-Coord            Y-Coord
;;-------------- ------------------ ------------------
WS001            -75131.00          -83946.00         
WS002            -75181.00          -83931.00         
WS004            -75181.00          -83801.00         
WS005            -75181.00          -83691.00         
WS006            -74871.00          -83691.00         
WS007            -74871.00          -83951.00         
WS008            -74581.00          -83691.00         
WS009            -74301.00          -83691.00         
WS010            -74301.00          -83551.00         
WS011            -74141.00          -83551.00         
WS012            -73901.00          -83551.00         
WS013            -73851.00          -83481.00         
WS014            -73861.00          -83281.00         
WS019            -73901.00          -83641.00         
WS020            -73831.00          -83621.00         
WS021            -73831.00          -83791.00         
WS026            -73531.00          -83591.00         
WS027            -73251.00          -83591.00         
WS050            -74871.00          -83211.00         
WS051            -74871.00          -83011.00         
WS052            -74551.00          -83011.00         
WS060            -74961.00          -83091.00         
WS061            -75181.00          -83091.00         
WS062            -75451.00          -83091.00         
WS063            -75731.00          -83091.00         
WS064            -75981.00          -83091.00         
WS070            -74871.00          -82631.00         
WS071            -75181.00          -82631.00         
WS072            -75451.00          -82631.00         
WS073            -75451.00          -82991.00         
WS074            -75651.00          -82991.00         
WS075            -75901.00          -82631.00         
WS080            -74871.00          -82171.00         
WS081            -74561.00          -82171.00         
WS085            -75181.00          -82171.00         
WS086            -75451.00          -82171.00         
WS087            -75911.00          -82171.00         
WS100            -74441.00          -82631.00         
WS101            -74441.00          -82251.00         
WS102            -74441.00          -81651.00         
WS110            -74151.00          -82631.00         
WS111            -74151.00          -82251.00         
WS112            -74151.00          -81751.00         
WS120            -74151.00          -82871.00         
WS121            -74151.00          -83101.00         
WS122            -74351.00          -83101.00         
WS130            -73801.00          -82631.00         
WS131            -73531.00          -82631.00         
WS132            -73311.00          -82631.00         
WS200            -75181.00          -83991.00         
WS201            -75451.00          -83991.00         
WS202            -75451.00          -83651.00         
WS203            -75981.00          -83651.00         
WS210            -75451.00          -83261.00         
WS215            -75611.00          -83991.00         
WS216            -75981.00          -83991.00         
WS217            -75491.00          -84241.00         
WS218            -75451.00          -84321.00         
WS219            -75451.00          -84611.00         
WS220            -75721.00          -84611.00         
WS221            -75981.00          -84611.00         
WS222            -76221.00          -84611.00         
WS223            -76461.00          -84611.00         
WS224            -76731.00          -84761.00         
WS225            -77311.00          -85036.00         
WS230            -76641.00          -84611.00         
WS231            -77151.00          -84611.00         
WS232            -77181.00          -84671.00         
WS233            -77391.00          -84641.00         
WS234            -77451.00          -84581.00         
WS235            -77451.00          -84461.00         
WS236            -77541.00          -84461.00         
WS237            -77601.00          -84461.00         
WS238            -77751.00          -84461.00         
WS270            -77421.00          -84371.00         
WS271            -77421.00          -84101.00         
WS272            -76701.00          -84101.00         
WS273            -76521.00          -84101.00         
WS274            -76461.00          -84071.00         
WS275            -76101.00          -84071.00         
WS280            -77391.00          -85151.00         
WS281            -77691.00          -85301.00         
WS310            -76021.00          -84911.00         
WS311            -76181.00          -85016.00         
WS312            -76296.00          -85026.00         
WS313            -76286.00          -84821.00         
WS320            -76581.00          -85041.00         
WS321            -77081.00          -85341.00         
WS322            -77186.00          -85481.00         
WS323            -77286.00          -85401.00         
WS324            -77386.00          -85401.00         
WS325            -77166.00          -85176.00         
WS350            -77076.00          -85586.00         
WS351            -77046.00          -85706.00         
WS352            -77171.00          -85721.00         
WS353            -77191.00          -85921.00         
WS354            -77331.00          -86051.00         
WS355            -77601.00          -86051.00         
WS356            -77601.00          -85861.00         
WS357            -77781.00          -85861.00         
WS400            -77461.00          -85971.00         
WS401            -77461.00          -85921.00         
WS402            -77461.00          -85481.00         
WS420            -77731.00          -86051.00         
WS421            -77731.00          -86191.00         
WS451            -77601.00          -86471.00         
WS452            -77741.00          -86471.00         
WS453            -77481.00          -86471.00         
WS470            -76921.00          -85856.00         
WS471            -76801.00          -85726.00         
WS472            -76596.00          -85536.00         
WS473            -76296.00          -85431.00         
WS474            -75916.00          -85111.00         
WS475            -75741.00          -85091.00         
WS476            -75741.00          -85401.00         
WS477            -75941.00          -85486.00         
WS478            -76436.00          -85841.00         
WS480            -75321.00          -85401.00         
WS481            -75321.00          -85591.00         
WS482            -75451.00          -85591.00         
WS483            -75451.00          -85801.00         
WS484            -75451.00          -86101.00         
WS485            -75451.00          -86411.00         
WS490            -75531.00          -86411.00         
WS491            -75341.00          -86526.00         
WS492            -75451.00          -86261.00         
WS510            -75601.00          -85591.00         
WS515            -76681.00          -85851.00         
WS516            -76581.00          -85961.00         
WS517            -76461.00          -86261.00         
WS518            -76461.00          -86591.00         
WS519            -76431.00          -86651.00         
WS520            -76311.00          -86651.00         
WS521            -76311.00          -86361.00         
WS522            -76311.00          -86091.00         
WS523            -75821.00          -85711.00         
WS530            -76311.00          -86741.00         
WS531            -76311.00          -87011.00         
WS532            -76311.00          -87251.00         
WS533            -76311.00          -87651.00         
WS560            -75921.00          -86741.00         
WS561            -75921.00          -86411.00         
WS562            -75921.00          -86106.00         
WS563            -75716.00          -86741.00         
WS564            -75716.00          -86816.00         
WS565            -75746.00          -86941.00         
WS566            -75696.00          -87036.00         
WS567            -75636.00          -86741.00         
WS568            -75636.00          -86376.00         
WS569            -75636.00          -85911.00         
WS570            -75541.00          -86741.00         
WS580            -76551.00          -86591.00         
WS581            -76551.00          -86731.00         
WS582            -76551.00          -86961.00         
WS583            -76551.00          -87231.00         
WS584            -76551.00          -87391.00         
WS599            -77266.00          -86176.00         
WS610            -77151.00          -86081.00         
WS611            -77331.00          -86231.00         
WS612            -77241.00          -86471.00         
WS613            -76941.00          -86471.00         
WS614            -76881.00          -86261.00         
WS615            -76761.00          -86111.00         
WS616            -76641.00          -86471.00         
WS618            -76986.00          -85661.00         
WS619            -76696.00          -85631.00         
WS620            -77391.00          -86471.00         
WS700            -75741.00          -84891.00         
WS701            -75311.00          -84881.00         
WS702            -75301.00          -84631.00         
WS703            -75151.00          -84631.00         
WS705            -75321.00          -85131.00         
WS706            -75321.00          -84941.00         
WS710            -75241.00          -85641.00         
WS711            -75121.00          -85631.00         
WS712            -75121.00          -85861.00         
WS713            -74731.00          -85861.00         
WS714            -74281.00          -85861.00         
WS730            -75121.00          -86171.00         
WS731            -75121.00          -86511.00         
WS732            -74861.00          -86511.00         
WS733            -74481.00          -86511.00         
WS734            -74481.00          -86231.00         
WS735            -74481.00          -85981.00         
WS740            -75121.00          -86826.00         
WS741            -74891.00          -86826.00         
WS742            -74891.00          -87176.00         
WS750            -74911.00          -85411.00         
WS751            -74661.00          -85411.00         
WS752            -74301.00          -85411.00         
WS780            -75051.00          -83991.00         
WS781            -75051.00          -84171.00         
WS782            -74971.00          -84171.00         
WS783            -74971.00          -84631.00         
WS784            -74971.00          -85081.00         
WS785            -74971.00          -85331.00         
WS790            -74621.00          -84171.00         
WS791            -74621.00          -84631.00         
WS792            -74621.00          -85081.00         
WS793            -74621.00          -85331.00         
WS800            -74251.00          -84171.00         
WS801            -74251.00          -84631.00         
WS802            -74251.00          -85061.00         
WS803            -74251.00          -85311.00         
WS805            -74081.00          -85061.00         
WS806            -74081.00          -84761.00         
WS820            -74081.00          -85321.00         
WS821            -74091.00          -85421.00         
WS822            -74231.00          -85421.00         
WS830            -74041.00          -85421.00         
WS831            -74041.00          -85801.00         
WS832            -74111.00          -85801.00         
WS835            -74021.00          -85901.00         
WS836            -74211.00          -85901.00         
WS900            -75921.00          -86821.00         
WS901            -76151.00          -86871.00         
WS902            -76151.00          -86951.00         
WS903            -75971.00          -87201.00         
WS904            -76041.00          -87271.00         
WS906            -75971.00          -87381.00         
WS907            -75971.00          -87581.00         
WS908            -75796.00          -87381.00         
WS909            -75701.00          -87316.00         
WS910            -75551.00          -87581.00         
WS911            -75106.00          -87581.00         
WS912            -75106.00          -87446.00         
WS915            -76041.00          -85881.00         
BO               -74766.00          -84056.00         
Outfall          -74696.00          -84021.00         
WS351OF          -76981.00          -85806.00         
WS471OF          -76851.00          -85721.00         
WS476OF          -75811.00          -85326.00         
WS225OF          -77351.00          -85081.00         
WS480OF          -75411.00          -85356.00         
WS219OF          -75396.00          -84646.00         
WS312OF          -76311.00          -85156.00         
WS516OF          -76636.00          -86036.00         
690              -76942.35          -85512.35         
WS599OF          -77206.00          -86236.00         
WS002OF          -75221.00          -83931.00         

[MAP]
DIMENSIONS -77781.00 -87651.00 -73251.00 -81651.00
Units      None

[REPORT]
INPUT            YES
SUBCATCHMENTS    ALL
NODES            ALL
LINKS            ALL



