;; SWMM5 .inp converted from XPSWMM .xp file
;; Generated by XPSWMM Card Reader
;; Source format: XP_CARD | Original title: (none)

[TITLE]
;;Project Title/Notes
Converted from XPSWMM .xp file

[OPTIONS]
FLOW_UNITS           CFS
INFILTRATION         HORTON
FLOW_ROUTING         DYNWAVE
LINK_OFFSETS         DEPTH
MIN_SLOPE            0.0
ALLOW_PONDING        NO
SKIP_STEADY_STATE    NO
ROUTING_STEP         00:00:10
VARIABLE_STEP        0.75
INERTIAL_DAMPING     NONE
NORMAL_FLOW_LIMITED  BOTH
MAX_TRIALS           30

[JUNCTIONS]
;;Name           Elev       MaxDepth   InitDepth  SurDepth   Aponded
;;-------------- ---------- ---------- ---------- ---------- ----------
72650            700.00     0          0          0          0
72628            700.00     0          0          0          0
21659            700.00     0          0          0          0
21657            700.00     0          0          0          0
72632            705.00     0          0          0          0
72636            700.00     0          0          0          0
50014            700.00     0          0          0          0
726852           700.00     0          0          0          0
726854           700.00     0          0          0          0
726856           700.00     0          0          0          0
72640            700.00     0          0          0          0
72642            700.00     0          0          0          0
50015            700.00     0          0          0          0
72726            700.00     0          0          0          0
72728            700.00     0          0          0          0
72732            700.00     0          0          0          0
72920            700.00     0          0          0          0
72882            700.00     0          0          0          0
72898            700.00     0          0          0          0
72922            700.00     0          0          0          0
72924            700.00     0          0          0          0
72926            700.00     0          0          0          0
73262            700.00     0          0          0          0
50018            700.00     0          0          0          0
50020            700.00     0          0          0          0
73154            700.00     0          0          0          0
73038            700.00     0          0          0          0
73036            700.00     0          0          0          0
37               0          0          0          0          0
60099            700.00     0          0          0          0
50023            700.00     0          0          0          0
188              700.00     0          0          0          0
18778            0          0          0          0          0
18709            0          0          0          0          0
23294            700.00     0          0          0          0
73332            700.00     0          0          0          0
20105            700.00     0          0          0          0
32442            700.00     0          0          0          0
73334            700.00     0          0          0          0
73352            700.00     0          0          0          0
17456            700.00     0          0          0          0
17454            700.00     0          0          0          0
17316            700.00     0          0          0          0
17218            700.00     0          0          0          0
17133            700.00     0          0          0          0
16916            700.00     0          0          0          0
17835            700.00     0          0          0          0
16729            700.00     0          0          0          0
16742            700.00     0          0          0          0
15325            700.00     0          0          0          0
73282            700.00     0          0          0          0
20117            700.00     0          0          0          0
20109            700.00     0          0          0          0
73308            700.00     0          0          0          0
20160            700.00     0          0          0          0
20144            700.00     0          0          0          0
20138            700.00     0          0          0          0
20131            700.00     0          0          0          0
20134            700.00     0          0          0          0
6599             700.00     0          0          0          0
23159            700.00     0          0          0          0
23163            700.00     0          0          0          0
22932            700.00     0          0          0          0
22824            700.00     0          0          0          0
50025            700.00     0          0          0          0
22666            700.00     0          0          0          0
22645            700.00     0          0          0          0
72778            700.00     0          0          0          0
22344            700.00     0          0          0          0
72782            700.00     0          0          0          0
60093            700.00     0          0          0          0
72792            700.00     0          0          0          0
50037            700.00     0          0          0          0
6026             700.00     0          0          0          0
72794            700.00     0          0          0          0
73002            700.00     0          0          0          0
20208            700.00     0          0          0          0
73000            700.00     0          0          0          0
72998            700.00     0          0          0          0
6062             700.00     0          0          0          0
23319            700.00     0          0          0          0
11568            700.00     0          0          0          0
11563            700.00     0          0          0          0
11572            700.00     0          0          0          0
50029            700.00     0          0          0          0
50028            700.00     0          0          0          0
4102             700.00     0          0          0          0
11570            700.00     0          0          0          0
11571            700.00     0          0          0          0
10753            700.00     0          0          0          0
73094            700.00     0          0          0          0
73010            700.00     0          0          0          0
3646             700.00     0          0          0          0
160              700.00     0          0          0          0
162              700.00     0          0          0          0
73296            700.00     0          0          0          0
163              700.00     0          0          0          0
164              700.00     0          0          0          0
1                0          0          0          0          0
0                0          0          0          0          0
18004            0          0          0          0          0
18427            0          0          0          0          0
75804            0          0          0          0          0
75806            0          0          0          0          0
18286            0          0          0          0          0
75812            0          0          0          0          0
75814            0          0          0          0          0
75816            0          0          0          0          0
73840            0          0          0          0          0
73838            0          0          0          0          0
73834            0          0          0          0          0
73832            0          0          0          0          0
73126            0          0          0          0          0
73830            0          0          0          0          0
73881            0          0          0          0          0
73828            0          0          0          0          0
73826            0          0          0          0          0
73824            0          0          0          0          0
50011            0          0          0          0          0
73822            0          0          0          0          0
73818            0          0          0          0          0
73816            652.47     0          0          0          0
73814            649.07     0          0          0          0
75830            0          0          0          0          0
75828            0          0          0          0          0
75822            0          0          0          0          0
20332            0          0          0          0          0
18034            0          0          0          0          0
75802            0          0          0          0          0
18428            0          0          0          0          0
18393            0          0          0          0          0
161              0          0          0          0          0
18000            0          0          0          0          0
18818            0          0          0          0          0
18001            0          0          0          0          0
18002            0          0          0          0          0
39               0          0          0          0          0
60087            0          0          0          0          0
75798            0          0          0          0          0
73844            0          0          0          0          0
1232             0          0          0          0          0
1164             0          0          0          0          0
1088             0          0          0          0          0
1031             0          0          0          0          0
970              0          0          0          0          0
904              0          0          0          0          0
839              0          0          0          0          0
795              0          0          0          0          0
752              0          0          0          0          0
727              0          0          0          0          0
20920            700.00     0          0          0          0
21092            700.00     0          0          0          0
21091            700.00     0          0          0          0
21047            700.00     0          0          0          0
20891            700.00     0          0          0          0
20877            700.00     0          0          0          0
21133            700.00     0          0          0          0
20883            700.00     0          0          0          0
20671            700.00     0          0          0          0
20646            700.00     0          0          0          0
20544            700.00     0          0          0          0
20606            700.00     0          0          0          0
21197            700.00     0          0          0          0
50033            700.00     0          0          0          0
60105            700.00     0          0          0          0
182              700.00     0          0          0          0
44               700.00     0          0          0          0
73256            700.00     0          0          0          0
41               700.00     0          0          0          0
73258            700.00     0          0          0          0
134              700.00     0          0          0          0
135              700.00     0          0          0          0
23367            700.00     0          0          0          0
Strge-2          700.00     0          0          0          0
Strge-1          700.00     0          0          0          0
Strge-3          700.00     0          0          0          0

[STORAGE]
;;Name           Elev       MaxDepth   InitDepth  Shape      Curve/Params
;;-------------- ---------- ---------- ---------- ---------- ----------
73842            700.00     -60.00     0          FUNCTIONAL 0 0          0

[CONDUITS]
;;Name           From             To               Length     Roughness  InOffset   OutOffset  InitFlow   MaxFlow
;;-------------- ---------------- ---------------- ---------- ---------- ---------- ---------- ---------- ----------
72650            72650            72628            84.00      0          692.55     690.52     0          0
72628            72628-o          72628            42.94      0.0130     690.52     690.27     0          0
21659            21659-o          21659            35.09      0.0130     689.85     689.43     0          0
21657            21657-o          21657            29.00      0.0130     689.43     688.90     0          0
72632            72632            72636            67.00      0.0130     688.90     686.94     0          0
72636            72636            50014            137.00     0.0130     686.94     683.40     0          0
50014            50014            726852           157.00     0.0130     683.40     679.16     0          0
726852           726852-o         726852           67.00      0.0120     678.09     677.58     0          0
726854           726854-o         726854           97.00      0.0130     677.58     676.39     0          0
726856           726856-o         726856           39.00      0.0130     676.29     675.80     0          0
72640            72640-o          72640            28.00      0.0130     675.59     675.02     0          0
72642            72642            50015            158.00     0          675.02     669.85     0          0
50015            50015            72726            86.00      0          669.85     666.13     0          0
72726            72726-o          72726            38.00      0.0130     666.13     665.89     0          0
72728            72728            72732            140.00     0          665.89     663.05     0          0
72732            72732-o          72732            74.00      0.0130     663.05     661.67     0          0
72882            72882-o          72882            67.00      0.0130     658.39     656.91     0          0
72898            72898            72922            276.00     0          656.91     652.89     0          0
72922            72922            72924            274.00     0          652.89     649.46     0          0
72924            72924            72926            166.00     0          649.46     645.97     0          0
72926            72926-o          72926            49.00      0.0250     645.97     645.35     0          0
73262            73262            50018            29.00      0          645.35     645.71     0          0
50018            50018            50020            103.00     0          645.71     643.90     0          0
50020            50020            73154            100.00     0          643.90     642.83     0          0
73038            73038-o          73038            49.00      0.0250     641.62     640.97     0          0
60106            60106            60099            170.00     0          638.64     633.80     0          0
60099            60099            50023            170.00     0          633.80     631.74     0          0
73267-2          73267-2          188              170.00     0          631.74     629.43     0          0
18778            18778            18709            46.82      0.0130     0          0.81       0          0
23294            23294-o          23294            140.00     0.0130     644.98     642.86     0          0
73332            73332-o          73332-2          62.00      0.0130     642.50     641.19     0          0
20105            20105-o          20105-2          90.00      0.0130     640.91     639.02     0          0
32442            32442-o          32442            166.00     0.0130     639.02     635.82     0          0
73334            73334            73352            170.00     0          0          0          0          0
17456            17456-o          17456            37.00      0.0130     667.84     666.60     0          0
17454            17454-o          17454            145.00     0.0130     666.55     658.90     0          0
17218            17218            17133            170.00     0          653.55     652.85     0          0
16916            16916-o          17835            20.00      0.0130     646.80     646.49     0          0
17835            17835-o          17835            46.00      0.0130     645.52     644.69     0          0
16729            16729            16742            170.00     0          645.29     642.87     0          0
16742            16742            15325            170.00     0          642.87     637.94     0          0
15325            15325            73352            23.00      0          637.94     633.93     0          0
73282            73282-o          73282            277.00     0.0130     644.13     641.76     0          0
20117            20117-o          20117            34.00      0.0130     641.60     641.40     0          0
20109            20109-o          20109            169.00     0.0130     641.40     641.15     0          0
73308            73308-o          73308            181.00     0.0130     641.10     635.82     0          0
20160            20160-o          20160            234.00     0.0130     659.85     650.93     0          0
20144            20144-o          20144            170.00     0.0130     649.20     647.80     0          0
20138            20138-o          20138            176.00     0.0130     646.49     642.91     0          0
20131            20134-o          20131-o          51.00      0.0130     651.31     650.49     0          0
20134            20134            20138            63.00      0.0130     650.12     646.83     0          0
6599             6599-o           6599             106.97     0.0120     0          0          0          0
23159            23159-o          23159            25.00      0.0130     692.25     692.36     0          0
23163            23163-o          23163            155.00     0.0130     692.10     688.92     0          0
22932            22932-o          22932            132.00     0.0120     688.44     681.92     0          0
22824            22824            50025            170.00     0          681.92     679.70     0          0
50025            50025            22666            189.00     0          679.70     679.24     0          0
22666            22666-o          22666            17.00      0.0250     679.24     679.15     0          0
22645            22645            72778            182.00     0          679.15     669.62     0          0
72778            72778-o          72778            77.00      0.0130     669.62     668.99     0          0
22344            22344-o          22344            92.00      0.0130     668.85     667.19     0          0
72782            72782-o          72782            31.00      0.0130     667.21     666.39     0          0
60093            60093-o          60093            110.00     0.0130     666.15     663.66     0          0
72792            72792-o          72792            31.00      0.0250     663.66     662.95     0          0
50037            50037-o          50037            25.00      0.0250     661.68     661.45     0          0
6026             6026-o           6026             88.00      0.0120     661.33     659.77     0          0
72794            72794            73002            0          0          659.77     656.68     0          0
73002            73002-o          73002            115.00     0.0120     656.68     655.77     0          0
73000            73000            72998            159.00     0          653.60     652.69     0          0
72998            72998-2          72998-o          32.00      0.0130     652.69     652.89     0          0
6062             6062-o           6062             55.00      0.0130     668.40     663.66     0          0
23319            23319-o          23319            49.00      0.0130     667.37     667.19     0          0
11568            11568-o          11568            36.00      0.0130     695.62     694.05     0          0
11563            11563-o          11563            31.00      0.0130     694.05     692.55     0          0
11572            11572            50029            159.00     0          695.31     683.06     0          0
50029            50029            50028            113.00     0          683.06     676.26     0          0
50028            50028            4102             142.00     0          676.26     650.15     0          0
4102             4102-o           4102             40.00      0.0130     650.15     649.46     0          0
11570            11570-o          11570            39.00      0.0130     696.30     695.00     0          0
11571            11571-o          11571            91.00      0.0130     695.00     692.55     0          0
10753            10753-o          10753            66.00      0.0250     677.91     676.26     0          0
73094            73094            73010            105.00     0          662.84     648.71     0          0
73010            73010-o          73010            73.00      0.0130     648.71     647.83     0          0
3646             3646             73262            83.00      0          647.83     645.35     0          0
17316            17316-o          17316            660.00     0.0130     658.90     657.82     0          0
160              160-o            160              671.00     0.0130     657.82     653.55     0          0
17133-o          17133-o          162              37.00      0          654.00     652.00     0          0
162-o            162-o            16916            145.00     0          652.00     649.94     0          0
73296-o          73296-o          163              20.00      0          655.00     648.99     0          0
163-o            163-o            23294            46.00      0          652.50     645.17     0          0
164              164-o            164              35.00      0.0130     660.99     660.97     0          0
73296            73296            23294            168.31     0.0130     651.67     645.17     0          0
17133            17133            16916            182.02     0.0130     652.65     646.80     0          0
72920            72920            72882            90.00      0          661.67     658.39     0          0
20208            20208-o          20208            156.00     0.0250     655.77     655.67     0          0
0                0                0                0          0          0          0          0          0
72632-o          72632-o          726852           347.00     0.0240     695.00     683.59     0          0
18709            18709            18004            91.00      0          672.84     671.45     0          0
18427            18427-o          18427            94.00      0.0130     661.99     660.26     0          0
75804            75804-o          75804            54.00      0.0130     659.97     658.96     0          0
75806            75806-o          75806            91.00      0.0130     658.89     658.56     0          0
18286            18286-o          18286            35.00      0.0130     658.43     657.33     0          0
75812            75812            75814            40.00      0          657.33     656.70     0          0
75814            75814-o          75814            41.00      0.0130     656.70     656.60     0          0
75816            75816-o          75816            123.00     0.0130     656.63     655.10     0          0
73840            73840-o          73840            44.00      0.0130     655.10     654.38     0          0
73838            73838-o          73838            45.00      0.0130     654.27     654.12     0          0
73834            73834-o          73834            73.00      0.0130     654.07     653.88     0          0
73832            73832-o          73832            83.00      0.0130     653.78     653.15     0          0
73126            73126-o          73126            126.00     0.0250     653.10     652.09     0          0
73830            73830            73881            37.00      0          652.09     651.86     0          0
73881            73881            73828            40.00      0          651.86     651.81     0          0
73826            73826-2          73826-o          44.00      0.0130     647.04     646.89     0          0
73824            73824            50011            124.00     0          646.89     644.82     0          0
50011            50011            73822            25.00      0          644.82     643.19     0          0
73822            73822-o          73822            207.00     0.0130     643.19     640.50     0          0
73818            73818            73816            186.00     0          640.50     634.80     0          0
73816            73816-o          73816            41.00      0.0250     634.80     633.74     0          0
75830            75830-o          75830            54.81      0.0130     666.55     664.60     0          0
75828            75828-o          75828            150.58     0.0130     664.55     659.06     0          0
75822            75822-o          75822            67.13      0.0130     658.90     656.86     0          0
20332            20332-o          20332            52.00      0.0130     662.34     659.34     0          0
18034            18034-0          18034            155.00     0.0130     665.72     658.61     0          0
75802            75802            18428            223.00     0          670.90     660.81     0          0
18428            18428-o          18428            17.00      0.0250     660.81     660.12     0          0
18393            18393-o          18393            51.00      0.0240     663.56     661.99     0          0
18004            18004            161              246.00     0          671.45     669.55     0          0
161              161              18393            346.00     0          669.50     663.56     0          0
73828            73828-o          73828            148.00     0.0130     651.81     647.25     0          0
18000            18000-o          18000            65.00      0.0130     679.95     678.23     0          0
18818            18818-o          18818            36.00      0.0130     678.10     676.83     0          0
18001            18001-o          18001            62.00      0.0130     676.78     674.72     0          0
18002            18002-o          18002            47.00      0.0130     674.55     673.65     0          0
73838-o2         73838-o2         39               123.00     0          663.62     662.60     0          0
39-o             39-o             73126            43.00      0          662.60     658.02     0          0
60087            60087-o          60087            220.00     0.0130     676.60     672.00     0          0
75798            75798-o          75798            52.00      0.0250     672.00     670.90     0          0
73842            73842            73844            133.35     0          626.07     624.86     0          0
73844            73844            1232             22.07      0          0          0          0          0
1232             1232             1164             89.26      0          0          0          0          0
1164             1164             1088             200.16     0          0          0          0          0
1088             1088             1031             348.06     0          0          0          0          0
1031             1031             970              384.18     0          0          0          0          0
970              970              904              477.35     0          0          0          0          0
904              904              839              274.87     0          0          0          0          0
839              839              795              709.05     0          0          0          0          0
795              795              752              27.77      0          0          0          0          0
752              752              727              67.85      0          0          0          0          0
20920            20920            21092            116.00     0.0130     665.61     662.85     0          0
21092            21092            21091            21.00      0.0130     662.70     662.24     0          0
21091            21091            21047            73.00      0          662.24     660.24     0          0
21047            21047-o          21047            37.00      0.0130     660.24     660.68     0          0
20891            20891-o          20891            32.00      0.0130     660.66     660.26     0          0
21133            21133            21092            90.00      0.0130     665.21     662.85     0          0
20877            20877-o          20877            292.07     0.0130     660.09     654.15     0          0
20883            20883            20671            83.00      0          653.91     650.94     0          0
20671            20671-o          20671            50.00      0.0130     651.02     649.78     0          0
20646            20646-o          20646            28.00      0.0130     649.95     649.32     0          0
20544            20544-o          20544            97.00      0.0130     648.92     646.78     0          0
21197            21197-o          21197            67.00      0.0130     652.89     650.73     0          0
20606            20606            50033            83.00      0          646.78     637.96     0          0
50033            50033            73816            83.00      0          637.96     634.80     0          0
20920-o          20920-o          21091            83.00      0          669.79     665.93     0          0
21133-o          21133-o          21091            83.00      0          669.75     669.15     0          0
60112            60112            60105            83.00      0          633.74     631.57     0          0
73635            73635            73842            83.00      0          632.57     628.00     0          0
73399-2          73399-2          182              83.00      0          633.93     630.55     0          0
7339-1           7339-1           73842            83.00      0          630.55     628.00     0          0
73267-1          73267-1          73842            83.00      0          629.43     628.00     0          0
44-1             44-2             44-o             18.00      0.0130     639.07     638.64     0          0
73256            73256            41               83.00      0          638.64     638.33     0          0
41               41-o             41               16.00      0.0130     638.33     638.17     0          0
73258            73258            134              83.00      0          638.17     636.20     0          0
134              134              60099            83.00      0          636.20     633.80     0          0
73036-1          73036-2          73036-o          144.00     0.0130     641.38     639.07     0          0
73154            73154            135              83.00      0          642.83     642.08     0          0
135              135              73038            83.00      0          642.08     641.62     0          0

[XSECTIONS]
;;Link           Shape        Geom1      Geom2      Geom3      Geom4      Barrels
;;-------------- ------------ ---------- ---------- ---------- ---------- ----------
72650            IRREGULAR    0          0          0          0          1
72628            CIRCULAR     2.00       0          0          0          1
21659            CIRCULAR     2.00       0          0          0          1
21657            CIRCULAR     2.00       0          0          0          1
72632            CIRCULAR     2.00       0          0          0          1
72636            CIRCULAR     2.00       0          0          0          1
50014            CIRCULAR     2.00       0          0          0          1
726852           CIRCULAR     3.50       0          0          0          1
726854           CIRCULAR     3.50       0          0          0          1
726856           CIRCULAR     3.50       0          0          0          1
72640            CIRCULAR     3.50       0          0          0          1
72642            IRREGULAR    0          0          0          0          1
50015            IRREGULAR    0          0          0          0          1
72726            CIRCULAR     2.50       0          0          0          1
72728            IRREGULAR    0          0          0          0          1
72732            CIRCULAR     3.50       0          0          0          1
72882            CIRCULAR     4.00       0          0          0          1
72898            IRREGULAR    0          0          0          0          1
72922            IRREGULAR    0          0          0          0          1
72924            IRREGULAR    0          0          0          0          1
72926            GOTHIC       7.00       0          0          0          1
73262            IRREGULAR    0          0          0          0          1
50018            IRREGULAR    0          0          0          0          1
50020            IRREGULAR    0          0          0          0          1
73038            CIRCULAR     5.00       0          0          0          1
60106            IRREGULAR    0          0          0          0          1
60099            IRREGULAR    0          0          0          0          1
73267-2          IRREGULAR    0          0          0          0          1
18778            CIRCULAR     1.50       0          0          0          1
23294            CIRCULAR     1.25       0          0          0          1
73332            CIRCULAR     2.00       0          0          0          1
20105            CIRCULAR     2.50       0          0          0          1
32442            CIRCULAR     4.00       0          0          0          1
73334            IRREGULAR    0          0          0          0          1
17456            CIRCULAR     1.50       0          0          0          1
17454            CIRCULAR     1.50       0          0          0          1
17218            IRREGULAR    1.50       0          0          0          1
16916            CIRCULAR     2.00       0          0          0          1
17835            CIRCULAR     3.00       0          0          0          1
16729            IRREGULAR    0          0          0          0          1
16742            IRREGULAR    0          0          0          0          1
15325            TRAPEZOIDAL  0          0          0          0          1
73282            CIRCULAR     3.50       0          0          0          1
20117            CIRCULAR     3.50       0          0          0          1
20109            CIRCULAR     3.50       0          0          0          1
73308            CIRCULAR     3.50       0          0          0          1
20160            CIRCULAR     1.50       0          0          0          1
20144            CIRCULAR     1.50       0          0          0          1
20138            CIRCULAR     1.50       0          0          0          1
20131            CIRCULAR     1.25       0          0          0          1
20134            CIRCULAR     1.50       0          0          0          1
6599             CIRCULAR     24.00      0          0          0          1
23159            CIRCULAR     2.00       0          0          0          1
23163            CIRCULAR     2.00       0          0          0          1
22932            CIRCULAR     2.00       0          0          0          1
22824            IRREGULAR    0          0          0          0          1
50025            IRREGULAR    0          0          0          0          1
22666            CIRCULAR     2.50       0          0          0          1
22645            IRREGULAR    0          0          0          0          1
72778            CIRCULAR     2.00       0          0          0          1
22344            CIRCULAR     2.00       0          0          0          1
72782            CIRCULAR     2.50       0          0          0          1
60093            CIRCULAR     2.50       0          0          0          1
72792            CIRCULAR     2.50       0          0          0          1
50037            CIRCULAR     2.50       0          0          0          1
6026             CIRCULAR     3.00       0          0          0          1
72794            IRREGULAR    2.50       0          0          0          1
73002            CIRCULAR     4.00       0          0          0          1
73000            IRREGULAR    0          0          0          0          1
72998            CIRCULAR     3.00       0          0          0          1
6062             CIRCULAR     1.25       0          0          0          1
23319            CIRCULAR     1.50       0          0          0          1
11568            CIRCULAR     1.50       0          0          0          1
11563            CIRCULAR     1.50       0          0          0          1
11572            IRREGULAR    0          0          0          0          1
50029            IRREGULAR    0          0          0          0          1
50028            IRREGULAR    0          0          0          0          1
4102             CIRCULAR     3.00       0          0          0          1
11570            CIRCULAR     1.50       0          0          0          1
11571            CIRCULAR     1.50       0          0          0          1
10753            CIRCULAR     1.25       0          0          0          1
73094            IRREGULAR    0          0          0          0          1
73010            CIRCULAR     3.00       0          0          0          1
3646             IRREGULAR    0          0          0          0          1
17316            CIRCULAR     1.50       0          0          0          1
160              CIRCULAR     1.50       0          0          0          1
17133-o          IRREGULAR    0          0          0          0          1
162-o            IRREGULAR    0          0          0          0          1
73296-o          IRREGULAR    0          0          0          0          1
163-o            IRREGULAR    0          0          0          0          1
164              CIRCULAR     1.25       0          0          0          1
73296            CIRCULAR     1.25       0          0          0          1
17133            CIRCULAR     1.25       0          0          0          1
72920            IRREGULAR    0          0          0          0          1
20208            CIRCULAR     3.00       0          0          0          1
0                CIRCULAR     0          0          0          0          1
72632-o          TRAPEZOIDAL  10.00      10.00      0          0          1
18709            IRREGULAR    0          0          0          0          1
18427            CIRCULAR     3.00       0          0          0          1
75804            CIRCULAR     3.00       0          0          0          1
75806            CIRCULAR     3.00       0          0          0          1
18286            CIRCULAR     3.00       0          0          0          1
75812            IRREGULAR    0          0          0          0          1
75814            CIRCULAR     3.00       0          0          0          1
75816            CIRCULAR     3.00       0          0          0          1
73840            CIRCULAR     3.00       0          0          0          1
73838            CIRCULAR     3.00       0          0          0          1
73834            CIRCULAR     3.00       0          0          0          1
73832            CIRCULAR     3.00       0          0          0          1
73126            CIRCULAR     3.00       0          0          0          1
73830            IRREGULAR    0          0          0          0          1
73881            IRREGULAR    0          0          0          0          1
73826            CIRCULAR     3.00       0          0          0          1
73824            IRREGULAR    0          0          0          0          1
50011            IRREGULAR    0          0          0          0          1
73822            CIRCULAR     4.00       0          0          0          1
73818            IRREGULAR    0          0          0          0          1
73816            CIRCULAR     7.00       0          0          0          1
75830            CIRCULAR     2.00       0          0          0          1
75828            CIRCULAR     2.50       0          0          0          1
75822            CIRCULAR     2.50       0          0          0          1
20332            CIRCULAR     1.50       0          0          0          1
18034            CIRCULAR     1.25       0          0          0          1
75802            IRREGULAR    0          0          0          0          1
18428            CIRCULAR     3.00       0          0          0          1
18393            CIRCULAR     3.00       0          0          0          1
18004            IRREGULAR    0          0          0          0          1
161              IRREGULAR    0          0          0          0          1
73828            CIRCULAR     3.00       0          0          0          1
18000            CIRCULAR     1.00       0          0          0          1
18818            CIRCULAR     1.00       0          0          0          1
18001            CIRCULAR     1.00       0          0          0          1
18002            CIRCULAR     1.50       0          0          0          1
73838-o2         IRREGULAR    0          0          0          0          1
39-o             IRREGULAR    0          0          0          0          1
60087            CIRCULAR     2.00       0          0          0          1
75798            CIRCULAR     3.50       0          0          0          1
73842            RECT_CLOSED  0          0          0          0          1
73844            CIRCULAR     0          0          0          0          1
1232             CIRCULAR     0          0          0          0          1
1164             CIRCULAR     0          0          0          0          1
1088             CIRCULAR     0          0          0          0          1
1031             CIRCULAR     0          0          0          0          1
970              CIRCULAR     0          0          0          0          1
904              CIRCULAR     0          0          0          0          1
839              CIRCULAR     0          0          0          0          1
795              CIRCULAR     0          0          0          0          1
752              CIRCULAR     0          0          0          0          1
20920            CIRCULAR     3.00       0          0          0          1
21092            CIRCULAR     2.00       0          0          0          1
21091            IRREGULAR    0          0          0          0          1
21047            CIRCULAR     2.00       0          0          0          1
20891            CIRCULAR     2.50       0          0          0          1
21133            CIRCULAR     2.00       0          0          0          1
20877            CIRCULAR     2.50       0          0          0          1
20883            IRREGULAR    0          0          0          0          1
20671            CIRCULAR     2.00       0          0          0          1
20646            CIRCULAR     2.50       0          0          0          1
20544            CIRCULAR     2.50       0          0          0          1
21197            CIRCULAR     2.00       0          0          0          1
20606            IRREGULAR    0          0          0          0          1
50033            IRREGULAR    0          0          0          0          1
20920-o          IRREGULAR    0          0          0          0          1
21133-o          IRREGULAR    0          0          0          0          1
60112            IRREGULAR    0          0          0          0          1
73635            IRREGULAR    0          0          0          0          1
73399-2          IRREGULAR    0          0          0          0          1
7339-1           IRREGULAR    0          0          0          0          1
73267-1          IRREGULAR    0          0          0          0          1
44-1             CIRCULAR     3.00       0          0          0          1
73256            IRREGULAR    0          0          0          0          1
41               RECT_CLOSED  3.50       8.00       0          0          1
73258            IRREGULAR    0          0          0          0          1
134              IRREGULAR    0          0          0          0          1
73036-1          CIRCULAR     2.00       0          0          0          1
73154            IRREGULAR    0          0          0          0          1
135              IRREGULAR    0          0          0          0          1

[LOSSES]
;;Link           Inlet      Outlet     Average    Flap Gate
;;-------------- ---------- ---------- ---------- ----------
72650            0          0          0          NO
72628            0          0          0          NO
21659            0          0          0          NO
21657            0          0          0          NO
72632            0          0          0          NO
72636            0          0          0          NO
50014            0          0          0          NO
726852           0          0          0          NO
726854           0          0          0          NO
726856           0          0          0          NO
72640            0          0          0          NO
72642            0          0          0          NO
50015            0          0          0          NO
72726            0          0          0          NO
72728            0          0          0          NO
72732            0          0          0          NO
72882            0          0          0          NO
72898            0          0          0          NO
72922            0          0          0          NO
72924            0          0          0          NO
72926            0          0          0          NO
73262            0          0          0          NO
50018            0          0          0          NO
50020            0          0          0          NO
73038            0          0          0          NO
60106            0          0          0          NO
60099            0          0          0          NO
73267-2          0          0          0          NO
18778            0          0          0          NO
23294            0          0          0          NO
73332            0          0          0          NO
20105            0          0          0          NO
32442            0          0          0          NO
73334            0          0          0          NO
17456            0          0          0          NO
17454            0          0          0          NO
17218            0          0          0          NO
16916            0          0          0          NO
17835            0          0          0          NO
16729            0          0          0          NO
16742            0          0          0          NO
15325            0          0          0          NO
73282            0          0          0          NO
20117            0          0          0          NO
20109            0          0          0          NO
73308            0          0          0          NO
20160            0          0          0          NO
20144            0          0          0          NO
20138            0          0          0          NO
20131            0          0          0          NO
20134            0          0          0          NO
6599             0          0          0          NO
23159            0          0          0          NO
23163            0          0          0          NO
22932            0          0          0          NO
22824            0          0          0          NO
50025            0          0          0          NO
22666            0          0          0          NO
22645            0          0          0          NO
72778            0          0          0          NO
22344            0          0          0          NO
72782            0          0          0          NO
60093            0          0          0          NO
72792            0          0          0          NO
50037            0          0          0          NO
6026             0          0          0          NO
72794            0          0          0          NO
73002            0          0          0          NO
73000            0          0          0          NO
72998            0          0          0          NO
6062             0          0          0          NO
23319            0          0          0          NO
11568            0          0          0          NO
11563            0          0          0          NO
11572            0          0          0          NO
50029            0          0          0          NO
50028            0          0          0          NO
4102             0          0          0          NO
11570            0          0          0          NO
11571            0          0          0          NO
10753            0          0          0          NO
73094            0          0          0          NO
73010            0          0          0          NO
3646             0          0          0          NO
17316            0          0          0          NO
160              0          0          0          NO
17133-o          0          0          0          NO
162-o            0          0          0          NO
73296-o          0          0          0          NO
163-o            0          0          0          NO
164              0          0          0          NO
73296            0          0          0          NO
17133            0          0          0          NO
72920            0          0          0          NO
20208            0          0          0          NO
0                0          0          0          NO
72632-o          0          0          0          NO
18709            0          0          0          NO
18427            0          0          0          NO
75804            0          0          0          NO
75806            0          0          0          NO
18286            0          0          0          NO
75812            0          0          0          NO
75814            0          0          0          NO
75816            0          0          0          NO
73840            0          0          0          NO
73838            0          0          0          NO
73834            0          0          0          NO
73832            0          0          0          NO
73126            0          0          0          NO
73830            0          0          0          NO
73881            0          0          0          NO
73826            0          0          0          NO
73824            0          0          0          NO
50011            0          0          0          NO
73822            0          0          0          NO
73818            0          0          0          NO
73816            0          0          0          NO
75830            0          0          0          NO
75828            0          0          0          NO
75822            0          0          0          NO
20332            0          0          0          NO
18034            0          0          0          NO
75802            0          0          0          NO
18428            0          0          0          NO
18393            0          0          0          NO
18004            0          0          0          NO
161              0          0          0          NO
73828            0          0          0          NO
18000            0          0          0          NO
18818            0          0          0          NO
18001            0          0          0          NO
18002            0          0          0          NO
73838-o2         0          0          0          NO
39-o             0          0          0          NO
60087            0          0          0          NO
75798            0          0          0          NO
73842            0          0          0          NO
73844            0          0          0          NO
1232             0          0          0          NO
1164             0          0          0          NO
1088             0          0          0          NO
1031             0          0          0          NO
970              0          0          0          NO
904              0          0          0          NO
839              0          0          0          NO
795              0          0          0          NO
752              0          0          0          NO
20920            0          0          0          NO
21092            0          0          0          NO
21091            0          0          0          NO
21047            0          0          0          NO
20891            0          0          0          NO
21133            0          0          0          NO
20877            0          0          0          NO
20883            0          0          0          NO
20671            0          0          0          NO
20646            0          0          0          NO
20544            0          0          0          NO
21197            0          0          0          NO
20606            0          0          0          NO
50033            0          0          0          NO
20920-o          0          0          0          NO
21133-o          0          0          0          NO
60112            0          0          0          NO
73635            0          0          0          NO
73399-2          0          0          0          NO
7339-1           0          0          0          NO
73267-1          0          0          0          NO
44-1             0          0          0          NO
73256            0          0          0          NO
41               0          0          0          NO
73258            0          0          0          NO
134              0          0          0          NO
73036-1          0          0          0          NO
73154            0          0          0          NO
135              0          0          0          NO

[COORDINATES]
;;Node           X-Coord            Y-Coord
;;-------------- ------------------ ------------------
72650            334.91             -0.75             
72628            340.72             4.48              
21659            337.48             -7.45             
21657            338.06             4.77              
72632            336.33             -7.51             
72636            334.55             -5.47             
50014            336.21             -7.91             
726852           339.06             -7.90             
726854           340.63             -4.22             
726856           337.73             -7.93             
72640            341.81             2.98              
72642            338.57             3.44              
50015            339.47             4.74              
72726            335.34             -7.91             
72728            341.19             -2.08             
72732            336.44             -2.55             
72920            342.23             -7.53             
72882            335.74             3.85              
72898            334.84             -4.60             
72922            337.79             -4.93             
72924            343.12             -7.84             
72926            339.97             -1.09             
73262            339.02             -3.38             
50018            340.49             -7.18             
50020            343.59             2.65              
73154            338.96             1.04              
73038            340.86             -1.65             
73036            340.26             -6.08             
37               343.63             -8.12             
60099            337.48             0.33              
50023            337.28             3.74              
188              341.25             -6.64             
18778            340.15             -2.46             
18709            332.45             -1.24             
23294            334.60             -7.84             
73332            338.67             -4.39             
20105            344.00             -2.60             
32442            339.27             -0.27             
73334            338.81             -5.86             
73352            339.46             -3.88             
17456            342.99             4.41              
17454            336.45             1.86              
17316            340.63             -5.57             
17218            336.60             -5.51             
17133            339.21             4.26              
16916            344.68             -6.62             
17835            342.67             0.19              
16729            332.58             1.60              
16742            343.58             2.46              
15325            334.74             3.15              
73282            334.11             -5.39             
20117            334.04             1.94              
20109            335.04             -2.97             
73308            335.71             -2.46             
20160            344.59             0.02              
20144            341.96             -5.78             
20138            341.27             -7.08             
20131            339.65             0.95              
20134            336.56             -1.60             
6599             334.79             -2.27             
23159            337.32             -3.77             
23163            335.30             4.00              
22932            333.72             -0.31             
22824            341.52             -7.49             
50025            342.55             1.19              
22666            342.13             -4.19             
22645            343.00             -2.93             
72778            332.83             -7.00             
22344            343.12             -2.71             
72782            342.17             -7.85             
60093            337.79             2.89              
72792            337.90             1.74              
50037            336.66             -0.06             
6026             334.38             3.93              
72794            344.97             -3.88             
73002            335.25             -6.13             
20208            340.61             4.74              
73000            339.60             -7.90             
72998            333.83             -2.16             
6062             339.95             -5.43             
23319            343.95             0.21              
11568            336.93             -4.88             
11563            336.51             -1.07             
11572            340.43             -6.27             
50029            337.61             -4.53             
50028            344.45             -0.07             
4102             344.01             1.92              
11570            335.60             0.31              
11571            337.49             4.41              
10753            332.94             3.36              
73094            337.71             -3.24             
73010            340.00             -3.42             
3646             345.01             -0.94             
160              334.87             2.99              
162              337.77             0.09              
73296            335.74             3.66              
163              332.12             0.71              
164              332.76             -1.89             
1                341.77             1.09              
0                341.50             -6.82             
18004            335.01             2.67              
18427            334.56             -4.37             
75804            341.98             -3.93             
75806            334.22             4.14              
18286            340.05             -5.18             
75812            334.63             -5.66             
75814            340.94             3.65              
75816            344.11             -6.74             
73840            340.65             -7.28             
73838            332.10             4.53              
73834            339.33             -2.93             
73832            334.40             1.51              
73126            338.21             -6.40             
73830            337.76             -5.71             
73881            335.30             1.54              
73828            338.27             -3.20             
73826            336.89             1.16              
73824            332.39             -6.55             
50011            343.63             -4.64             
73822            344.27             1.46              
73818            338.43             -5.17             
73816            333.07             1.59              
73814            336.41             0.92              
75830            334.79             -0.10             
75828            331.84             -4.37             
75822            343.60             -6.11             
20332            343.51             -0.47             
18034            337.65             1.31              
75802            332.49             -2.33             
18428            332.95             -3.54             
18393            336.54             3.92              
161              341.51             -7.09             
18000            341.87             -0.69             
18818            334.19             4.88              
18001            336.34             -2.92             
18002            334.94             -4.52             
39               341.13             -7.24             
60087            342.16             -3.95             
75798            339.76             3.12              
73842            334.94             3.13              
73844            343.99             -3.82             
1232             342.10             -2.63             
1164             334.22             0.47              
1088             343.15             2.21              
1031             343.99             -1.60             
970              338.98             -7.26             
904              339.25             -3.82             
839              339.94             -7.20             
795              341.35             -5.62             
752              334.52             -3.15             
727              339.81             -0.89             
20920            339.05             0.15              
21092            332.28             0.74              
21091            338.06             -0.59             
21047            340.93             2.45              
20891            342.39             -0.22             
20877            337.56             -5.34             
21133            341.16             -6.43             
20883            337.88             3.84              
20671            339.40             3.94              
20646            338.44             -0.53             
20544            342.02             -7.38             
20606            339.52             -1.42             
21197            344.97             -7.70             
50033            343.17             -2.92             
60105            339.63             -0.63             
182              338.47             -3.36             
44               342.25             -3.28             
73256            342.97             4.96              
41               337.93             -4.96             
73258            342.80             2.34              
134              335.71             -3.77             
135              334.96             -2.35             
23367            338.09             -6.82             
Strge-2          336.79             -5.79             
Strge-1          333.03             -7.92             
Strge-3          333.57             1.89              

[MAP]
DIMENSIONS 331.84 -8.12 345.01 4.96
Units      None

[REPORT]
INPUT            YES
SUBCATCHMENTS    ALL
NODES            ALL
LINKS            ALL



