;; SWMM5 .inp converted from XPSWMM .xp file
;; Generated by XPSWMM Card Reader
;; Source format: XP_CARD | Original title: VALLEY STREAM EXISTING CONDITIONS

[TITLE]
;;Project Title/Notes
VALLEY STREAM EXISTING CONDITIONS

[OPTIONS]
FLOW_UNITS           CFS
INFILTRATION         HORTON
FLOW_ROUTING         DYNWAVE
LINK_OFFSETS         DEPTH
MIN_SLOPE            0.0
ALLOW_PONDING        NO
SKIP_STEADY_STATE    NO
ROUTING_STEP         00:00:02
VARIABLE_STEP        0.75
INERTIAL_DAMPING     PARTIAL
NORMAL_FLOW_LIMITED  BOTH
MAX_TRIALS           50
HEAD_TOLERANCE       0.0033

[JUNCTIONS]
;;Name           Elev       MaxDepth   InitDepth  SurDepth   Aponded
;;-------------- ---------- ---------- ---------- ---------- ----------
11               12.10      0          2.66       0          0
13               12.00      0          1.70       0          0
16               18.00      0          6.68       0          0
15               12.00      0          2.29       0          0
14               12.00      0          2.30       0          0
17               18.00      0          3.68       0          0
19               18.00      0          1.10       0          0
21               18.00      0          1.00       0          0
23               20.00      0          0          0          0
25               20.00      0          0          0          0
27               12.00      0          3.50       0          0
30               11.10      0          1.88       0          0
34               16.00      0          0          0          0
38               14.00      0          0          0          0
40               17.00      0          0          0          0
42               17.00      0          0          0          0
48               18.00      0          0          0          0
49               18.00      0          0          0          0
50               17.00      0          0          0          0
56               20.00      0          0          0          0
58               24.00      0          0          0          0
59               24.00      0          0          0          0
62               21.00      0          0          0          0
65               21.00      0          0          0          0
67               24.00      0          0          0          0
69               23.00      0          0          0          0
70               23.00      0          0          0          0
71               24.00      0          0          0          0
76               26.00      0          0          0          0
80               24.00      0          0          0          0
82               34.00      0          0          0          0
84               34.20      0          0          0          0
90               10.00      0          6.86       0          0
92               10.00      0          7.46       0          0
93               10.00      0          7.76       0          0
96               10.00      0          7.16       0          0
100              10.00      0          5.46       0          0
102              32.00      0          0          0          0
103              32.00      0          0          0          0
106              32.00      0          0          0          0
107              32.00      0          0          0          0
111              40.00      0          0          0          0
112              40.00      0          0          0          0
113              36.00      0          0          0          0
115              34.00      0          0          0          0
116              33.00      0          0          0          0
120              34.25      0          0          0          0
124              39.00      0          0          0          0
126              18.00      0          0          0          0
127              18.00      0          0          0          0
135              18.00      0          0          0          0
136              18.00      0          0          0          0
144              14.00      0          0          0          0
146              14.00      0          0          0          0
149              20.00      0          0          0          0
150              20.00      0          0          0          0
153              24.00      0          0          0          0
154              30.00      0          0          0          0
157              32.00      0          0          0          0
158              34.00      0          0          0          0
166              46.00      0          0          0          0
168              40.00      0          0          0          0
169              46.00      0          0          0          0
175              48.00      0          0          0          0
178              26.00      0          0          0          0
180              30.00      0          0          0          0
181              30.00      0          0          0          0
184              30.00      0          0          0          0
187              30.00      0          0          0          0
190              32.00      0          0          0          0
191              32.00      0          0          0          0
194              32.00      0          0          0          0
S37              31.93      0          0          0          0
199              46.00      0          0          0          0
200              47.00      0          0          0          0
S15              44.92      0          0          0          0
S14              45.45      0          0          0          0
346              15.95      0          0          0          0
240              15.80      0          0          0          0
S56              17.80      0          0          0          0
S55              19.61      0          0          0          0
246              36.00      0          0          0          0
S34              34.15      0          0          0          0
248              36.00      0          0          0          0
S35              34.95      0          0          0          0
S36              32.92      0          0          0          0
251              33.00      0          0          0          0
252              33.00      0          0          0          0
S28              40.22      0          0          0          0
S29              38.00      0          0          0          0
269              40.00      0          0          0          0
S30              38.91      0          0          0          0
271              44.00      0          0          0          0
S31              44.78      0          0          0          0
283              46.00      0          0          0          0
S32              47.00      0          0          0          0
S33              48.91      0          0          0          0
DOHERTY          59.00      0          0          0          0
RANDALL          60.76      0          0          0          0
S13              47.67      0          0          0          0
S12              53.71      0          0          0          0
S11              51.55      0          0          0          0
S10              58.02      0          0          0          0
S9               59.13      0          0          0          0
S8               57.30      0          0          0          0
S7               56.83      0          0          0          0
S6               61.52      0          0          0          0
S5               63.07      0          0          0          0
S4               64.48      0          0          0          0
S3               63.40      0          0          0          0
S2               67.21      0          0          0          0
S1               76.26      0          0          0          0
S27              45.90      0          0          0          0
S25              52.03      0          0          0          0
S24              51.26      0          0          0          0
S23              61.03      0          0          0          0
S22              53.95      0          0          0          0
S21              58.44      0          0          0          0
S20              61.80      0          0          0          0
S19              57.29      0          0          0          0
S18              58.74      0          0          0          0
S17              59.39      0          0          0          0
S26              49.39      0          0          0          0
600              10.00      0          1.84       0          0
493              10.00      0          3.96       0          0
390              44.00      0          0          0          0
S41              36.62      0          0          0          0
S40              35.27      0          0          0          0
S39              42.68      0          0          0          0
S38              38.08      0          0          0          0
402              24.00      0          0          0          0
S53              21.12      0          0          0          0
405              22.00      0          0          0          0
S54              21.53      0          0          0          0
407              26.00      0          0          0          0
415              10.00      0          7.96       0          0
417              10.00      0          11.17      0          0
418              10.00      0          11.16      0          0
HILL             60.50      0          0          0          0
KIRKMAN          52.50      0          0          0          0
S52              24.51      0          0          0          0
433              25.00      0          0          0          0
435              27.00      0          0          0          0
S49              25.28      0          0          0          0
441              30.00      0          0          0          0
S16              62.03      0          0          0          0
456              71.00      0          0          0          0
458              58.00      0          0          0          0
460              51.00      0          0          0          0
462              47.00      0          0          0          0
S42              21.46      0          0          0          0
S43              20.16      0          0          0          0
S44              19.80      0          0          0          0
S45              18.91      0          0          0          0
S46              18.00      0          0          0          0
S47              15.95      0          0          0          0
479              16.00      0          0          0          0
S48              27.25      0          0          0          0
484              26.00      0          0          0          0
488              19.00      0          0          0          0
491              32.00      0          0          0          0
497              16.00      0          0          0          0
498              16.00      0          0          0          0
501              15.00      0          0          0          0
502              16.00      0          0          0          0
503              16.00      0          0          0          0
526              57.00      0          0          0          0
528              53.00      0          0          0          0
530              49.50      0          0          0          0
535              46.00      0          0          0          0
541              46.00      0          0          0          0
547              54.00      0          0          0          0
548              46.00      0          0          0          0
549              46.00      0          0          0          0
550              46.00      0          0          0          0
556              53.00      0          0          0          0
557              54.60      0          0          0          0
561              50.00      0          0          0          0
565              99.00      0          0          0          0
572              38.00      0          0          0          0
579              12.00      0          3.36       0          0
580              12.00      0          3.96       0          0
599              10.00      0          6.16       0          0
595              10.00      0          6.06       0          0
597              10.00      0          6.36       0          0
598              10.00      0          6.46       0          0
610              40.00      0          0          0          0
613              26.00      0          0          0          0
615              24.00      0          0          0          0
617              23.00      0          0          0          0
619              24.00      0          0          0          0
620              26.00      0          0          0          0
621              26.00      0          0          0          0
622              28.00      0          0          0          0
N15              28.00      0          0          0          0
631              99.00      0          0          0          0
633              58.00      0          0          0          0
636              59.00      0          0          0          0
637              59.00      0          0          0          0
638              60.00      0          0          0          0
639              61.00      0          0          0          0
643              65.00      0          0          0          0
652              16.00      0          0          0          0
653              16.00      0          0          0          0
659              15.78      0          0          0          0
661              13.20      0          0          0          0
664              27.00      0          0          0          0
665              30.00      0          0          0          0
667              30.00      0          0          0          0
668              32.00      0          0          0          0
669              32.00      0          0          0          0
670              30.00      0          0          0          0
684              79.00      0          0          0          0
685              81.00      0          0          0          0
686              84.00      0          0          0          0
695              82.00      0          0          0          0
698              14.00      0          0          0          0
703              15.00      0          0          0          0

[OUTFALLS]
;;Name           Elev       Type       Stage      Gated
;;-------------- ---------- ---------- ---------- -----
10               10.00      FREE                  NO
95               10.00      FREE                  NO

[STORAGE]
;;Name           Elev       MaxDepth   InitDepth  Shape      Curve/Params
;;-------------- ---------- ---------- ---------- ---------- ----------
VSPOND           20.00      0          1.70       FUNCTIONAL 0 0          0
87               31.00      0          0          FUNCTIONAL 0 0          0
N351             58.00      -2.30      0          FUNCTIONAL 0 0          0
N1               38.00      0          0          FUNCTIONAL 0 0          0
N3               59.00      -3.40      0          FUNCTIONAL 0 0          0

[CONDUITS]
;;Name           From             To               Length     Roughness  InOffset   OutOffset  InitFlow   MaxFlow
;;-------------- ---------------- ---------------- ---------- ---------- ---------- ---------- ---------- ----------
1110             11               579              350.00     0.0140     1.30       0.60       0          0
13to27           13               27               300.00     0.0140     3.80       2.00       0          0
16to15           16               15               500.00     0.0140     4.28       3.21       0          0
14to13           14               13               336.00     0.0140     3.20       3.80       0          0
19to17           19               17               80.00      0.0140     4.40       4.34       0          0
37               127              25               140.00     0.0140     5.70       6.42       0          0
WBRANCH#2        38               34               300.00     0.0140     7.40       6.10       0          0
41               40               34               240.00     0.0140     5.32       6.10       0          0
VSBLVDRD         VSBLVDCULV       40               58.00      0.0140     12.70      12.69      0          0
47               501              42               288.00     0.0140     7.87       5.90       0          0
51               48               49               188.00     0.0150     9.70       8.40       0          0
52               49               50               45.00      0.0150     8.40       8.30       0          0
53               50               498              195.00     0.0150     8.30       7.96       0          0
60               59               56               605.00     0.0140     13.15      11.90      0          0
64               62               58               90.00      0.0140     13.45      13.01      0          0
WBRANCH#3        617              65               550.00     0.0140     14.60      13.50      0          0
6315             69               70               450.00     0.0140     15.95      14.95      0          0
5930             70               71               440.00     0.0140     14.95      14.30      0          0
5435             71               62               353.00     0.0140     14.30      13.45      0          0
1180             613              67               400.00     0.0140     16.69      15.80      0          0
EBEXITCU         82               158              238.00     0.0140     18.80      17.57      0          0
86               84               82               75.00      0.0140     19.20      18.80      0          0
91               10               418              260.00     0.0140     -1.00      -7.20      0          0
94               92               93               400.00     0.0140     -3.50      -3.80      0          0
97               90               96               400.00     0.0140     -2.90      -3.20      0          0
98               96               92               400.00     0.0140     -3.20      -3.50      0          0
ROSEDALE         415              95               78.00      0.0140     -4.00      -4.10      0          0
WBRANCH#1        100              93               454.00     0.0140     -1.50      -3.80      0          0
9415             102              87               190.00     0.0140     21.40      20.43      0          0
9735             106              103              285.00     0.0140     21.74      21.60      0          0
12295            112              113              505.00     0.0140     26.55      25.50      0          0
10740            115              116              525.00     0.0140     22.30      22.85      0          0
10210            116              107              415.00     0.0140     22.85      21.93      0          0
11785            113              120              517.00     0.0140     25.50      25.25      0          0
11260            120              115              523.00     0.0140     25.25      22.30      0          0
12795            111              112              465.00     0.0140     28.00      26.55      0          0
143              136              126              390.00     0.0140     6.05       5.75       0          0
VS BLVD#2        VS BLVDRD        38               51.00      0.0150     7.67       7.40       0          0
9996             146              144              500.00     0.0140     7.60       7.67       0          0
8360             158              157              715.00     0.0140     17.57      18.40      0          0
7840             157              154              530.00     0.0140     18.40      17.70      0          0
7300             154              153              455.00     0.0140     17.70      16.75      0          0
6830             153              69               542.00     0.0140     16.75      15.95      0          0
SS               87               84               232.00     0.0140     20.43      19.20      0          0
13225            166              111              300.00     0.0140     28.03      28.00      0          0
14850            175              535              407.00     0.0140     33.74      32.74      0          0
14305            541              610              510.00     0.0140     31.09      30.00      0          0
13800            168              124              550.00     0.0140     29.99      28.15      0          0
1650             178              76               550.00     0.0140     17.50      16.70      0          0
182              180              80               110.00     0.0280     16.90      17.60      0          0
SSPKWY           181              180              174.00     0.0140     18.72      16.90      0          0
2715             184              181              630.00     0.0140     20.69      18.72      0          0
STEPHCULV        187              184              71.00      0.0140     20.39      20.69      0          0
3729             190              191              385.00     0.0140     21.15      21.45      0          0
3231             191              187              365.00     0.0140     21.45      20.40      0          0
BARRYCULV        194              190              80.00      0.0140     21.95      21.15      0          0
4215             491              194              509.00     0.0140     23.55      21.95      0          0
PARK             200              199              240.00     0.0140     34.77      34.45      0          0
218              199              175              535.00     0.0140     34.45      33.74      0          0
235              S14              S15              510.00     0.0140     36.70      35.21      0          0
448              703              146              500.00     0.0140     8.65       7.60       0          0
243              S55              488              375.00     0.0140     14.02      13.16      0          0
344              S56              240              95.00      0.0140     12.30      11.40      0          0
245              659              346              340.00     0.0140     10.68      9.90       0          0
255              246              S34              450.00     0.0140     29.16      28.17      0          0
256              S34              248              100.00     0.0140     28.16      27.91      0          0
257              248              S35              230.00     0.0140     27.91      27.33      0          0
258              S35              S36              480.00     0.0140     27.28      26.21      0          0
259              S36              251              150.00     0.0140     26.15      25.80      0          0
260              251              252              600.00     0.0140     25.80      24.38      0          0
261              252              S37              350.00     0.0140     24.38      23.28      0          0
277              S31              271              325.00     0.0140     37.26      34.40      0          0
278              271              S30              325.00     0.0140     34.40      31.87      0          0
279              S30              269              300.00     0.0140     31.53      30.85      0          0
280              269              S29              300.00     0.0140     30.85      30.21      0          0
281              S29              S28              250.00     0.0140     30.16      30.16      0          0
282              S28              246              450.00     0.0140     30.16      29.16      0          0
290              S33              S32              550.00     0.0140     41.26      39.17      0          0
291              S32              283              375.00     0.0140     38.56      37.91      0          0
292              283              S31              375.00     0.0140     37.91      37.27      0          0
ROSSER           DOHERTY          HILL             252.50     0.0140     42.34      42.01      0          0
316              RANDALL          KIRKMAN          224.00     0.0140     41.66      41.32      0          0
320              S12              460              375.00     0.0140     41.07      39.83      0          0
321              S13              462              375.00     0.0140     38.58      37.64      0          0
AVERIL           S7               S8               250.00     0.0140     49.07      47.50      0          0
332              S8               458              550.00     0.0140     47.48      45.62      0          0
333              S9               S10              125.00     0.0140     44.60      43.98      0          0
334              S10              S11              750.00     0.0140     43.91      41.13      0          0
FARNUM           S11              S12              250.00     0.0140     41.09      41.07      0          0
SALISBURY        S1               456              435.00     0.0140     66.18      62.69      0          0
345              S2               S3               620.00     0.0140     59.18      54.22      0          0
446              S3               S4               380.00     0.0140     54.06      52.79      0          0
347              S4               S5               400.00     0.0140     52.78      51.82      0          0
348              S5               S6               580.00     0.0140     51.70      50.34      0          0
349              S6               S7               600.00     0.0140     50.29      49.08      0          0
363              S16              S17              250.00     0.0140     52.32      50.89      0          0
364              S17              S18              250.00     0.0140     50.85      49.83      0          0
365              S18              S19              250.00     0.0140     49.83      48.79      0          0
MOSEFAN          S19              S20              350.00     0.0140     48.77      46.85      0          0
RANDOLPH         S20              S21              250.00     0.0140     46.83      45.52      0          0
368              S21              S22              500.00     0.0140     45.50      43.16      0          0
CARUKIN          S22              S23              550.00     0.0140     43.16      41.78      0          0
370              S23              S24              500.00     0.0140     41.69      40.57      0          0
371              S24              S25              350.00     0.0140     40.55      39.79      0          0
372              S25              S26              330.00     0.0140     39.75      39.12      0          0
374              S27              199              220.00     0.0140     37.01      35.00      0          0
377              S26              S27              240.00     0.0140     39.07      37.02      0          0
494              600              493              454.00     0.0140     2.12       0          0          0
389              493              100              454.00     0.0140     0          -1.50      0          0
DTCHBWAY         390              S41              450.00     0.0140     30.70      29.47      0          0
398              S41              S40              320.00     0.0140     27.79      26.49      0          0
399              S40              S39              540.00     0.0140     26.41      25.29      0          0
400              S39              S38              575.00     0.0140     25.29      24.49      0          0
401              S38              S37              250.00     0.0140     24.47      23.28      0          0
410              407              S55              360.00     0.0140     14.20      14.02      0          0
412              405              S54              450.00     0.0140     15.30      15.20      0          0
9993             402              S53              800.00     0.0140     16.63      15.44      0          0
416              93               415              200.00     0.0140     -3.50      -4.00      0          0
421              417              599              230.00     0.0140     -7.20      -2.20      0          0
424              HILL             RANDALL          253.00     0.0140     42.01      41.66      0          0
425              KIRKMAN          S31              268.00     0.0140     41.32      38.98      0          0
HENDRIC          433              S52              60.00      0.0140     17.36      17.24      0          0
439              S52              402              110.00     0.0140     17.24      16.63      0          0
442              S49              435              104.00     0.0140     19.61      18.70      0          0
443              435              433              480.00     0.0140     18.70      17.36      0          0
BIRCHWOOD        484              S49              160.00     0.0140     20.20      19.63      0          0
457              456              S2               435.00     0.0140     62.69      59.20      0          0
459              458              S9               300.00     0.0140     45.62      44.60      0          0
461              460              S13              375.00     0.0140     39.83      38.59      0          0
463              462              S14              375.00     0.0140     37.64      36.70      0          0
464              S15              200              320.00     0.0140     35.19      34.77      0          0
470              S42              S43              340.00     0.0140     16.42      15.81      0          0
471              S43              S44              250.00     0.0140     15.63      14.80      0          0
472              S44              S45              240.00     0.0140     14.68      14.16      0          0
476              S45              S46              310.00     0.0140     14.00      12.89      0          0
477              S46              S47              310.00     0.0140     12.89      11.75      0          0
478              S47              479              360.00     0.0140     11.58      10.70      0          0
481              653              346              70.00      0.0140     10.10      9.90       0          0
483              S48              664              100.00     0.0140     23.03      22.63      0          0
490              488              S56              375.00     0.0140     13.16      12.35      0          0
496              S37              491              100.00     0.0140     23.21      23.55      0          0
499              498              497              120.00     0.0150     7.96       6.28       0          0
500              497              503              64.00      0.0150     6.28       6.97       0          0
505              503              502              188.00     0.0150     6.97       6.20       0          0
506              502              501              596.00     0.0150     6.20       7.87       0          0
213              23               21               80.00      0.0140     5.89       4.50       0          0
736              34               135              30.00      0.0140     6.10       6.09       0          0
57               56               149              393.00     0.0140     11.90      11.60      0          0
151              149              150              232.00     0.0140     11.60      12.27      0          0
527              526              DOHERTY          253.50     0.0140     42.67      42.34      0          0
529              528              526              253.00     0.0140     42.95      42.67      0          0
531              530              528              253.00     0.0140     43.20      42.95      0          0
14865            535              169              408.00     0.0140     32.74      31.10      0          0
552              547              548              300.00     0.0140     44.60      42.10      0          0
553              548              549              300.00     0.0140     38.40      36.50      0          0
554              549              550              450.00     0.0140     36.50      33.50      0          0
555              550              390              435.00     0.0140     33.50      30.70      0          0
559              557              556              400.00     0.0140     47.90      47.10      0          0
560              556              547              300.00     0.0140     47.10      44.60      0          0
562              561              557              600.00     0.0140     47.50      46.50      0          0
601              579              580              350.00     0.0140     0.60       0          0          0
602              580              10               350.00     0.0140     0          -1.00      0          0
603              599              595              200.00     0.0140     -2.20      -2.10      0          0
604              595              597              400.00     0.0140     -2.10      -2.40      0          0
1605             597              598              400.00     0.0140     -2.40      -2.50      0          0
605              598              90               400.00     0.0140     -2.50      -2.90      0          0
778              615              617              550.00     0.0140     15.79      14.60      0          0
625              622              621              250.00     0.0140     21.30      20.50      0          0
626              621              620              250.00     0.0140     20.50      19.80      0          0
627              620              619              740.00     0.0140     19.80      17.70      0          0
628              619              S42              440.00     0.0140     17.70      16.42      0          0
630              N15              622              50.00      0.0140     26.00      24.00      0          0
647              643              639              263.00     0.0140     55.80      54.96      0          0
648              639              638              210.00     0.0140     54.96      54.29      0          0
649              638              637              300.00     0.0140     54.29      53.33      0          0
650              637              636              172.00     0.0140     53.33      52.78      0          0
651              636              S16              318.00     0.0140     52.48      52.32      0          0
655              S47              652              365.00     0.0140     11.96      10.70      0          0
656              652              653              355.00     0.0140     10.70      10.10      0          0
657              479              652              25.00      0.0140     10.70      10.70      0          0
658              479              653              340.00     0.0140     10.70      10.10      0          0
660              240              659              132.00     0.0140     11.40      10.68      0          0
662              346              698              315.00     0.0140     9.90       9.48       0          0
671              664              665              300.00     0.0300     22.63      21.50      0          0
672              665              667              40.00      0.0140     21.50      21.40      0          0
673              667              668              50.00      0.0300     21.40      21.20      0          0
674              668              669              150.00     0.0140     21.20      20.70      0          0
675              669              670              35.00      0.0300     20.70      20.50      0          0
676              670              441              40.00      0.0140     20.50      20.40      0          0
678              441              484              50.00      0.0300     20.40      20.20      0          0
692              686              685              525.00     0.0140     73.00      69.00      0          0
693              685              684              420.00     0.0140     69.00      67.00      0          0
694              684              S1               420.00     0.0140     67.00      66.18      0          0
697              686              695              525.00     0.0140     74.72      60.00      0          0
702              698              661              60.00      0.0140     9.48       8.27       0          0
705              661              703              100.00     0.0140     8.27       8.20       0          0

[ORIFICES]
;;Name           From             To               Type       Offset     Qcoeff     Gated    CloseTime
;;-------------- ---------------- ---------------- ---------- ---------- ---------- -------- ----------
VSPONDOUT        VSPOND           48               SIDE       9.75       0.650      NO       0
OVERFLOWN1       N1               S40              SIDE       27.78      0.650      NO       0
564              N3               561              SIDE       48.00      0.650      NO       0
571              N3               565              SIDE       0          0.650      NO       0
573              N1               572              SIDE       0          0.650      NO       0
632              N15              631              SIDE       0          0.650      NO       0
635              N351             633              SIDE       0          0.650      NO       0

[WEIRS]
;;Name           From             To               Type       CrestHt    Qcoeff     Gated    EndCon   EndCoeff   Surcharge
;;-------------- ---------------- ---------------- ---------- ---------- ---------- -------- -------- ---------- ----------
FTBRG1           15               14               TRANSVERSE 8.20       1.840      NO       0        0          YES
10X6DB           8X5BOX           ROADWAY2         TRANSVERSE 18.50      1.840      NO       0        0          YES
FTBRG2           21               19               TRANSVERSE 9.00       1.840      NO       0        0          YES
LIRRCULV         25               23               TRANSVERSE 13.60      1.840      NO       0        0          YES
MILLRDCULV       MILLRD           11               TRANSVERSE 3.50       1.840      NO       0        0          YES
MILLWEIR         27               30               TRANSVERSE 5.50       1.840      NO       0        0          YES
HENDRICK         58               HENDWEIR         TRANSVERSE 21.00      1.840      NO       0        0          YES
VSFTBRDGE        65               62               TRANSVERSE 17.85      1.840      NO       0        0          YES
ACCESSCULV       80               178              TRANSVERSE 7.00       1.840      NO       0        0          YES
WBENT            103              102              TRANSVERSE 30.00      1.840      NO       0        0          YES
DUTBWAY          107              106              TRANSVERSE 29.50      1.840      NO       0        0          YES
GAVCULV          124              166              TRANSVERSE 37.00      1.840      NO       0        0          YES
FTBRG3           126              127              TRANSVERSE 10.00      1.840      NO       0        0          YES
FTBRG4           135              136              TRANSVERSE 11.00      1.840      NO       0        0          YES
USVSPNDW         150              VSPOND           TRANSVERSE 14.00      1.840      NO       0        0          YES
DOGWCULV         S54              407              TRANSVERSE 19.00      1.840      NO       0        0          YES
KENTCULV         S53              405              TRANSVERSE 21.20      1.840      NO       0        0          YES
JEDWDFTBRG       418              417              TRANSVERSE 6.00       1.840      NO       0        0          YES
LANDSCAP         169              541              TRANSVERSE 39.70      1.840      NO       0        0          YES
765 Outlet       N351             530              TRANSVERSE 55.70      1.840      NO       0        0          YES
FTBRG5           610              168              TRANSVERSE 38.66      1.840      NO       0        0          YES
FTBRG7           67               615              TRANSVERSE 19.80      1.840      NO       0        0          YES
FTBRG6           76               613              TRANSVERSE 21.70      1.840      NO       0        0          YES

[XSECTIONS]
;;Link           Shape        Geom1      Geom2      Geom3      Geom4      Barrels
;;-------------- ------------ ---------- ---------- ---------- ---------- ----------
1110             IRREGULAR    10.00      0          0          0          1
13to27           IRREGULAR    8.20       0          0          0          1
16to15           IRREGULAR    7.70       0          0          0          1
14to13           IRREGULAR    8.00       0          0          0          1
19to17           IRREGULAR    9.00       0          0          0          1
37               IRREGULAR    6.00       0          0          0          1
WBRANCH#2        IRREGULAR    5.00       0          0          0          1
41               IRREGULAR    10.00      0          0          0          1
VSBLVDRD         IRREGULAR    4.00       12.00      0          0          1
47               IRREGULAR    6.00       0          0          0          1
51               RECT_CLOSED  6.50       12.00      0          0          1
52               RECT_CLOSED  6.50       18.00      0          0          1
53               RECT_CLOSED  4.00       10.00      0          0          2
60               IRREGULAR    7.49       0          0          0          1
64               IRREGULAR    5.00       0          0          0          1
WBRANCH#3        IRREGULAR    6.00       0          0          0          1
6315             IRREGULAR    4.00       8.00       0          0          1
5930             IRREGULAR    5.00       0          0          0          1
5435             IRREGULAR    5.00       0          0          0          1
1180             IRREGULAR    5.00       0          0          0          1
EBEXITCU         RECT_CLOSED  6.00       12.00      0          0          1
86               IRREGULAR    8.00       0          0          0          1
91               IRREGULAR    10.00      0          0          0          1
94               IRREGULAR    11.00      0          0          0          1
97               IRREGULAR    12.00      0          0          0          1
98               IRREGULAR    12.50      0          0          0          1
ROSEDALE         RECT_CLOSED  8.17       9.00       0          0          3
WBRANCH#1        IRREGULAR    11.50      0          0          0          1
9415             IRREGULAR    10.00      0          0          0          1
9735             IRREGULAR    8.00       0          0          0          1
12295            IRREGULAR    8.00       8.00       0          0          1
10740            IRREGULAR    9.00       8.00       0          0          1
10210            IRREGULAR    8.00       8.00       0          0          1
11785            IRREGULAR    8.00       8.00       0          0          1
11260            IRREGULAR    9.00       8.00       0          0          1
12795            IRREGULAR    8.00       5.00       0          0          1
143              IRREGULAR    8.00       0          0          0          1
VS BLVD#2        RECT_CLOSED  3.25       6.00       0          0          1
9996             IRREGULAR    6.00       0          0          0          1
8360             IRREGULAR    8.00       0          0          0          1
7840             IRREGULAR    8.00       0          0          0          1
7300             IRREGULAR    5.00       0          0          0          1
6830             IRREGULAR    5.00       0          0          0          1
SS               RECT_CLOSED  4.00       8.00       0          0          2
13225            IRREGULAR    7.00       0          0          0          1
14850            IRREGULAR    8.00       0          0          0          1
14305            IRREGULAR    8.00       0          0          0          1
13800            IRREGULAR    8.00       0          0          0          1
1650             IRREGULAR    7.00       0          0          0          1
182              IRREGULAR    5.00       8.00       0          0          1
SSPKWY           RECT_CLOSED  4.00       8.00       0          0          1
2715             IRREGULAR    7.00       0          0          0          1
STEPHCULV        RECT_CLOSED  4.50       7.00       0          0          1
3729             IRREGULAR    7.00       0          0          0          1
3231             IRREGULAR    6.00       0          0          0          1
BARRYCULV        RECT_CLOSED  4.00       7.00       0          0          1
4215             IRREGULAR    6.00       0          0          0          1
PARK             RECT_CLOSED  5.00       10.00      0          0          1
218              RECT_CLOSED  5.00       10.00      0          0          1
235              CIRCULAR     5.50       0          0          0          1
448              IRREGULAR    6.00       0          0          0          1
243              CIRCULAR     2.50       0          0          0          1
344              CIRCULAR     3.00       0          0          0          1
245              CIRCULAR     3.00       0          0          0          1
255              CIRCULAR     5.00       0          0          0          1
256              CIRCULAR     5.00       0          0          0          1
257              CIRCULAR     5.00       0          0          0          1
258              CIRCULAR     5.00       0          0          0          1
259              CIRCULAR     5.00       0          0          0          1
260              CIRCULAR     5.00       0          0          0          1
261              CIRCULAR     5.00       0          0          0          1
277              CIRCULAR     4.00       0          0          0          1
278              CIRCULAR     4.00       0          0          0          1
279              CIRCULAR     5.00       0          0          0          1
280              CIRCULAR     5.00       0          0          0          1
281              CIRCULAR     5.00       0          0          0          1
282              CIRCULAR     5.00       0          0          0          1
290              CIRCULAR     3.00       0          0          0          1
291              CIRCULAR     4.00       0          0          0          1
292              CIRCULAR     4.00       0          0          0          1
ROSSER           CIRCULAR     4.00       0          0          0          1
316              CIRCULAR     4.00       0          0          0          1
320              CIRCULAR     5.50       0          0          0          1
321              CIRCULAR     5.50       0          0          0          1
AVERIL           CIRCULAR     5.00       0          0          0          1
332              CIRCULAR     5.00       0          0          0          1
333              CIRCULAR     5.00       0          0          0          1
334              CIRCULAR     5.00       0          0          0          1
FARNUM           CIRCULAR     5.50       0          0          0          1
SALISBURY        CIRCULAR     3.50       0          0          0          1
345              CIRCULAR     4.00       0          0          0          1
446              CIRCULAR     5.00       0          0          0          1
347              CIRCULAR     5.00       0          0          0          1
348              CIRCULAR     5.00       0          0          0          1
349              CIRCULAR     5.00       0          0          0          1
363              CIRCULAR     3.50       0          0          0          1
364              CIRCULAR     3.50       0          0          0          1
365              CIRCULAR     3.50       0          0          0          1
MOSEFAN          CIRCULAR     3.50       0          0          0          1
RANDOLPH         CIRCULAR     3.50       0          0          0          1
368              CIRCULAR     3.50       0          0          0          1
CARUKIN          CIRCULAR     4.00       0          0          0          1
370              CIRCULAR     4.00       0          0          0          1
371              CIRCULAR     4.00       0          0          0          1
372              CIRCULAR     4.00       0          0          0          1
374              CIRCULAR     4.50       0          0          0          1
377              CIRCULAR     4.00       0          0          0          1
494              IRREGULAR    7.88       0          0          0          1
389              IRREGULAR    10.00      0          0          0          1
DTCHBWAY         CIRCULAR     2.50       0          0          0          1
398              CIRCULAR     3.50       0          0          0          1
399              CIRCULAR     3.50       0          0          0          1
400              CIRCULAR     3.50       0          0          0          1
401              CIRCULAR     3.50       0          0          0          1
410              IRREGULAR    5.00       0          0          0          1
412              IRREGULAR    5.00       0          0          0          1
9993             IRREGULAR    5.00       0          0          0          1
416              IRREGULAR    13.50      0          0          0          1
421              IRREGULAR    11.50      0          0          0          1
424              CIRCULAR     4.00       0          0          0          1
425              CIRCULAR     4.00       0          0          0          1
HENDRIC          CIRCULAR     3.00       0          0          0          2
439              CIRCULAR     4.00       0          0          0          1
442              CIRCULAR     3.50       0          0          0          1
443              CIRCULAR     3.50       0          0          0          1
BIRCHWOOD        CIRCULAR     3.50       0          0          0          1
457              CIRCULAR     3.50       0          0          0          1
459              CIRCULAR     5.00       0          0          0          1
461              CIRCULAR     5.50       0          0          0          1
463              CIRCULAR     5.50       0          0          0          1
464              RECT_CLOSED  5.00       10.00      0          0          1
470              CIRCULAR     3.00       0          0          0          1
471              CIRCULAR     3.00       0          0          0          1
472              CIRCULAR     3.00       0          0          0          1
476              CIRCULAR     3.00       0          0          0          1
477              CIRCULAR     3.00       0          0          0          1
478              CIRCULAR     2.00       0          0          0          1
481              CIRCULAR     3.50       0          0          0          1
483              HORSESHOE    3.00       0          0          0          1
490              CIRCULAR     2.50       0          0          0          1
496              RECT_CLOSED  3.50       6.00       0          0          1
499              RECT_CLOSED  4.00       10.00      0          0          1
500              RECT_CLOSED  9.00       10.00      0          0          1
505              RECT_CLOSED  5.50       10.00      0          0          1
506              RECT_CLOSED  4.00       12.00      0          0          2
213              IRREGULAR    9.00       0          0          0          1
736              IRREGULAR    10.00      0          0          0          1
57               IRREGULAR    7.49       0          0          0          1
151              IRREGULAR    7.70       0          0          0          1
527              CIRCULAR     4.00       0          0          0          1
529              CIRCULAR     4.00       0          0          0          1
531              CIRCULAR     4.00       0          0          0          1
14865            IRREGULAR    8.00       0          0          0          1
552              CIRCULAR     1.50       0          0          0          1
553              CIRCULAR     2.50       0          0          0          1
554              CIRCULAR     2.50       0          0          0          1
555              CIRCULAR     2.50       0          0          0          1
559              CIRCULAR     1.50       0          0          0          1
560              CIRCULAR     1.50       0          0          0          1
562              CIRCULAR     1.00       0          0          0          1
601              IRREGULAR    10.00      0          0          0          1
602              IRREGULAR    10.00      0          0          0          1
603              IRREGULAR    11.50      0          0          0          1
604              IRREGULAR    11.50      0          0          0          1
1605             IRREGULAR    11.50      0          0          0          1
605              IRREGULAR    11.50      0          0          0          1
778              IRREGULAR    6.00       0          0          0          1
625              CIRCULAR     2.00       0          0          0          1
626              CIRCULAR     2.00       0          0          0          1
627              CIRCULAR     2.00       0          0          0          1
628              CIRCULAR     2.00       0          0          0          1
630              CIRCULAR     1.50       0          0          0          1
647              CIRCULAR     3.50       0          0          0          1
648              CIRCULAR     3.50       0          0          0          1
649              CIRCULAR     3.50       0          0          0          1
650              CIRCULAR     3.50       0          0          0          1
651              CIRCULAR     4.50       0          0          0          1
655              CIRCULAR     3.00       0          0          0          1
656              CIRCULAR     3.00       0          0          0          1
657              CIRCULAR     2.00       0          0          0          1
658              CIRCULAR     2.00       0          0          0          1
660              CIRCULAR     3.00       0          0          0          1
662              CIRCULAR     4.50       8.00       0          0          1
671              TRAPEZOIDAL  4.00       10.00      0          0          1
672              CIRCULAR     3.00       0          0          0          2
673              TRAPEZOIDAL  6.00       10.00      0          0          1
674              CIRCULAR     3.00       0          0          0          2
675              TRAPEZOIDAL  6.00       10.00      0          0          1
676              CIRCULAR     3.26       0          0          0          2
678              TRAPEZOIDAL  5.00       10.00      0          0          1
692              CIRCULAR     3.50       0          0          0          1
693              CIRCULAR     3.50       0          0          0          1
694              CIRCULAR     3.50       0          0          0          1
697              CIRCULAR     5.00       0          0          0          1
702              RECT_CLOSED  3.50       8.00       0          0          1
705              RECT_CLOSED  3.50       8.00       0          0          1
VSPONDOUT        RECT_CLOSED  2.50       0          0          0          
OVERFLOWN1       RECT_CLOSED  1.00       0          0          0          
564              RECT_CLOSED  1.00       0          0          0          
571              RECT_CLOSED  0          0          0          0          
573              RECT_CLOSED  0          0          0          0          
632              RECT_CLOSED  0          0          0          0          
635              RECT_CLOSED  0          0          0          0          
FTBRG1           RECT_OPEN    0          60.00      0          0          
10X6DB           RECT_OPEN    0          325.00     0          0          
FTBRG2           RECT_OPEN    0          60.00      0          0          
LIRRCULV         RECT_OPEN    0          100.00     0          0          
MILLRDCULV       RECT_OPEN    0          16.00      0          0          
MILLWEIR         RECT_OPEN    0          16.00      0          0          
HENDRICK         RECT_OPEN    0          250.00     0          0          
VSFTBRDGE        RECT_OPEN    0          50.00      0          0          
ACCESSCULV       RECT_OPEN    0          0          0          0          
WBENT            RECT_OPEN    0          100.00     0          0          
DUTBWAY          RECT_OPEN    0          174.00     0          0          
GAVCULV          RECT_OPEN    0          350.00     0          0          
FTBRG3           RECT_OPEN    0          110.00     0          0          
FTBRG4           RECT_OPEN    0          60.00      0          0          
USVSPNDW         RECT_OPEN    0          15.00      0          0          
DOGWCULV         RECT_OPEN    0          100.00     0          0          
KENTCULV         RECT_OPEN    0          100.00     0          0          
JEDWDFTBRG       RECT_OPEN    0          30.00      0          0          
LANDSCAP         RECT_OPEN    0          60.00      0          0          
765 Outlet       RECT_OPEN    0          125.00     0          0          
FTBRG5           RECT_OPEN    0          60.00      0          0          
FTBRG7           RECT_OPEN    0          10.00      0          0          
FTBRG6           RECT_OPEN    0          8.00       0          0          

[LOSSES]
;;Link           Inlet      Outlet     Average    Flap Gate
;;-------------- ---------- ---------- ---------- ----------
1110             0          0          0          NO
13to27           0          0          0          NO
16to15           0          0          0          NO
14to13           0          0          0          NO
19to17           0          0          0          NO
37               0          0          0          NO
WBRANCH#2        0          0          0          NO
41               0          0          0          NO
VSBLVDRD         0          0          0          NO
47               0          0          0          NO
51               0          0          0          NO
52               0          0          0          NO
53               0          0          0          NO
60               0          0          0          NO
64               0          0          0          NO
WBRANCH#3        0          0          0          NO
6315             0          0          0          NO
5930             0          0          0          NO
5435             0          0          0          NO
1180             0          0          0          NO
EBEXITCU         0          0          0          NO
86               0          0          0          NO
91               0          0          0          NO
94               0          0          0          NO
97               0          0          0          NO
98               0          0          0          NO
ROSEDALE         0          0          0          NO
WBRANCH#1        0          0          0          NO
9415             0          0          0          NO
9735             0          0          0          NO
12295            0          0          0          NO
10740            0          0          0          NO
10210            0          0          0          NO
11785            0          0          0          NO
11260            0          0          0          NO
12795            0          0          0          NO
143              0          0          0          NO
VS BLVD#2        0          0          0          NO
9996             0          0          0          NO
8360             0          0          0          NO
7840             0          0          0          NO
7300             0          0          0          NO
6830             0          0          0          NO
SS               0          0          0          NO
13225            0          0          0          NO
14850            0          0          0          NO
14305            0          0          0          NO
13800            0          0          0          NO
1650             0          0          0          NO
182              0          0          0          NO
SSPKWY           0          0          0          NO
2715             0          0          0          NO
STEPHCULV        0          0          0          NO
3729             0          0          0          NO
3231             0          0          0          NO
BARRYCULV        0          0          0          NO
4215             0          0          0          NO
PARK             0          0          0          NO
218              0          0          0          NO
235              0          0          0          NO
448              0          0          0          NO
243              0          0          0          NO
344              0          0          0          NO
245              0          0          0          NO
255              0          0          0          NO
256              0          0          0          NO
257              0          0          0          NO
258              0          0          0          NO
259              0          0          0          NO
260              0          0          0          NO
261              0          0          0          NO
277              0          0          0          NO
278              0          0          0          NO
279              0          0          0          NO
280              0          0          0          NO
281              0          0          0          NO
282              0          0          0          NO
290              0          0          0          NO
291              0          0          0          NO
292              0          0          0          NO
ROSSER           0          0          0          NO
316              0          0          0          NO
320              0          0          0          NO
321              0          0          0          NO
AVERIL           0          0          0          NO
332              0          0          0          NO
333              0          0          0          NO
334              0          0          0          NO
FARNUM           0          0          0          NO
SALISBURY        0          0          0          NO
345              0          0          0          NO
446              0          0          0          NO
347              0          0          0          NO
348              0          0          0          NO
349              0          0          0          NO
363              0          0          0          NO
364              0          0          0          NO
365              0          0          0          NO
MOSEFAN          0          0          0          NO
RANDOLPH         0          0          0          NO
368              0          0          0          NO
CARUKIN          0          0          0          NO
370              0          0          0          NO
371              0          0          0          NO
372              0          0          0          NO
374              0          0          0          NO
377              0          0          0          NO
494              0          0          0          NO
389              0          0          0          NO
DTCHBWAY         0          0          0          NO
398              0          0          0          NO
399              0          0          0          NO
400              0          0          0          NO
401              0          0          0          NO
410              0          0          0          NO
412              0          0          0          NO
9993             0          0          0          NO
416              0          0          0          NO
421              0          0          0          NO
424              0          0          0          NO
425              0          0          0          NO
HENDRIC          0          0          0          NO
439              0          0          0          NO
442              0          0          0          NO
443              0          0          0          NO
BIRCHWOOD        0          0          0          NO
457              0          0          0          NO
459              0          0          0          NO
461              0          0          0          NO
463              0          0          0          NO
464              0          0          0          NO
470              0          0          0          NO
471              0          0          0          NO
472              0          0          0          NO
476              0          0          0          NO
477              0          0          0          NO
478              0          0          0          NO
481              0          0          0          NO
483              0          0          0          NO
490              0          0          0          NO
496              0          0          0          NO
499              0          0          0          NO
500              0          0          0          NO
505              0          0          0          NO
506              0          0          0          NO
213              0          0          0          NO
736              0          0          0          NO
57               0          0          0          NO
151              0          0          0          NO
527              0          0          0          NO
529              0          0          0          NO
531              0          0          0          NO
14865            0          0          0          NO
552              0          0          0          NO
553              0          0          0          NO
554              0          0          0          NO
555              0          0          0          NO
559              0          0          0          NO
560              0          0          0          NO
562              0          0          0          NO
601              0          0          0          NO
602              0          0          0          NO
603              0          0          0          NO
604              0          0          0          NO
1605             0          0          0          NO
605              0          0          0          NO
778              0          0          0          NO
625              0          0          0          NO
626              0          0          0          NO
627              0          0          0          NO
628              0          0          0          NO
630              0          0          0          NO
647              0          0          0          NO
648              0          0          0          NO
649              0          0          0          NO
650              0          0          0          NO
651              0          0          0          NO
655              0          0          0          NO
656              0          0          0          NO
657              0          0          0          NO
658              0          0          0          NO
660              0          0          0          NO
662              0          0          0          NO
671              0          0          0          NO
672              0          0          0          NO
673              0          0          0          NO
674              0          0          0          NO
675              0          0          0          NO
676              0          0          0          NO
678              0          0          0          NO
692              0          0          0          NO
693              0          0          0          NO
694              0          0          0          NO
697              0          0          0          NO
702              0          0          0          NO
705              0          0          0          NO

[INFLOWS]
;;Node           Constituent  Time Series      Type     Mfactor  Sfactor  Baseline Pattern
;;-------------- ------------ ---------------- -------- -------- -------- -------- --------
S1               FLOW         ""               FLOW     1.0      1.0      0.10
600              FLOW         ""               FLOW     1.0      1.0      0.10
S48              FLOW         ""               FLOW     1.0      1.0      0.01

[COORDINATES]
;;Node           X-Coord            Y-Coord
;;-------------- ------------------ ------------------
11               -184949.95         1073790.19        
10               -185391.74         1072850.75        
13               -184830.90         1074449.02        
16               -184752.13         1074876.97        
15               -184752.01         1074770.32        
14               -184793.30         1074675.59        
17               -184749.77         1075013.14        
19               -184725.44         1075248.85        
21               -184709.38         1075298.79        
23               -184684.17         1075362.88        
25               -184647.88         1075416.87        
27               -184879.67         1073997.90        
30               -184885.98         1073863.07        
34               -184437.84         1075865.89        
38               -184663.56         1076084.28        
40               -184173.00         1075896.20        
42               -184170.98         1075947.92        
48               -183827.60         1077743.76        
49               -183878.03         1077546.36        
50               -183894.20         1077439.35        
VSPOND           -183731.46         1077963.76        
56               -183550.53         1080067.97        
58               -183508.98         1080679.72        
59               -183523.37         1080491.07        
62               -183406.07         1080990.63        
65               -183472.12         1081022.15        
67               -183660.90         1081438.16        
69               -182855.27         1081803.75        
70               -183020.35         1081434.92        
71               -183116.03         1081196.76        
76               -183755.52         1081675.24        
80               -183931.88         1082063.04        
82               -182396.44         1083763.46        
84               -182353.10         1083849.16        
87               -182316.92         1084124.73        
90               -186799.66         1071388.81        
92               -187393.61         1071013.77        
93               -187785.26         1071006.70        
95               -187993.78         1070545.64        
96               -187099.09         1071168.53        
100              -187607.19         1071401.76        
102              -182316.28         1084309.85        
103              -182332.17         1084462.51        
106              -182425.77         1084625.69        
107              -182434.92         1084728.86        
111              -182440.89         1087767.94        
112              -182422.72         1087535.46        
113              -182453.02         1086943.70        
115              -182599.94         1085957.46        
116              -182545.21         1085429.19        
120              -182448.76         1086526.03        
124              -182449.11         1088170.27        
126              -184562.29         1075549.22        
127              -184597.19         1075515.26        
135              -184462.81         1075692.95        
136              -184461.14         1075654.78        
144              -184664.54         1076168.96        
146              -184682.80         1076571.74        
149              -183535.52         1079599.40        
150              -183544.68         1079164.72        
153              -182699.14         1082262.95        
154              -182612.77         1082773.07        
157              -182492.41         1083332.38        
158              -182414.96         1083680.10        
166              -182441.45         1088058.18        
168              -182431.95         1088652.66        
169              -182526.38         1089280.71        
175              -182643.06         1089974.59        
178              -183882.93         1081970.01        
180              -183957.01         1082186.49        
181              -184139.15         1082499.39        
184              -184044.11         1083181.61        
187              -184042.97         1083257.60        
190              -184224.23         1083937.85        
191              -184125.20         1083536.49        
194              -184290.56         1084062.16        
S37              -184446.10         1084783.69        
199              -182636.15         1090347.33        
200              -182759.61         1090292.69        
S15              -182887.59         1090785.49        
S14              -183043.58         1091125.38        
346              -184836.73         1077315.78        
240              -184839.91         1077951.73        
S56              -184841.58         1078267.49        
S55              -184858.43         1078869.31        
246              -184565.91         1086975.52        
S34              -184472.05         1086486.23        
248              -184563.16         1086492.17        
S35              -184549.80         1086276.81        
S36              -184613.01         1085805.57        
251              -184468.06         1085665.07        
252              -184423.51         1085054.84        
S28              -184643.96         1087389.19        
S29              -184891.90         1087329.43        
269              -184947.95         1087617.62        
S30              -185016.32         1087886.82        
271              -185106.38         1088260.57        
S31              -185203.60         1088571.34        
283              -185311.38         1089080.33        
S32              -185401.41         1089586.86        
S33              -185471.02         1089935.96        
DOHERTY          -186087.12         1088508.27        
RANDALL          -185590.99         1088496.79        
S13              -183269.98         1091875.22        
S12              -183460.20         1092569.80        
S11              -183738.89         1092499.02        
S10              -183956.51         1093195.79        
S9               -184067.16         1093194.73        
S8               -184276.71         1093961.42        
S7               -184533.59         1093911.26        
S6               -184681.27         1094522.70        
S5               -184812.49         1095084.76        
S4               -184894.90         1095461.98        
S3               -184595.64         1095643.10        
S2               -184803.80         1096177.46        
S1               -185059.61         1096995.19        
S27              -182722.61         1090813.30        
S25              -182308.58         1091174.96        
S24              -182422.15         1091470.55        
S23              -182568.21         1091911.13        
S22              -182038.51         1092118.55        
S21              -182184.29         1092586.63        
S20              -182275.46         1092819.09        
S19              -181937.74         1092921.68        
S18              -182023.55         1093177.87        
S17              -182085.90         1093411.38        
S26              -182412.17         1090869.74        
600              -187505.44         1072176.57        
493              -187528.21         1071832.49        
390              -186439.24         1084145.10        
S41              -185967.14         1084095.23        
S40              -185541.52         1084098.13        
S39              -185136.71         1084248.91        
S38              -184649.84         1084668.54        
402              -184960.86         1080364.86        
S53              -184932.34         1079579.92        
405              -184916.41         1079479.35        
S54              -184879.35         1079131.71        
407              -184870.73         1078997.86        
415              -187869.00         1070826.60        
417              -185548.26         1072418.31        
418              -185542.88         1072648.39        
HILL             -185850.26         1088519.31        
KIRKMAN          -185400.94         1088560.48        
S52              -184946.58         1080615.40        
433              -184942.23         1080711.88        
435              -184957.02         1081150.07        
S49              -185034.59         1081383.13        
441              -185075.50         1081587.26        
S16              -182173.31         1093650.54        
456              -184923.85         1096584.27        
458              -184216.42         1093660.31        
460              -183352.86         1092202.03        
462              -183171.41         1091502.02        
S42              -186066.56         1079141.09        
S43              -185975.28         1078838.23        
S44              -185903.97         1078604.06        
S45              -185821.83         1078382.26        
S46              -185718.39         1078049.06        
S47              -185613.44         1077872.56        
479              -185313.10         1077576.18        
S48              -185309.41         1082279.99        
484              -185032.21         1081478.52        
488              -184841.32         1078493.06        
491              -184405.33         1084544.47        
497              -183967.78         1077007.63        
498              -183908.04         1077342.29        
501              -184190.60         1076364.21        
502              -184059.24         1076703.26        
503              -184015.68         1076868.46        
526              -186336.21         1088514.58        
528              -186595.63         1088515.25        
530              -186856.26         1088513.82        
N351             -187115.88         1089051.22        
535              -182600.02         1089652.96        
541              -182523.12         1089132.76        
N1               -185709.79         1084482.82        
547              -187778.23         1084442.28        
548              -187533.17         1084371.31        
549              -187273.78         1084339.81        
550              -186885.91         1084234.27        
556              -188105.04         1084493.45        
557              -188449.54         1084614.94        
561              -188300.31         1085493.11        
N3               -188384.78         1085599.26        
565              -188337.62         1085753.63        
572              -185722.91         1084725.31        
579              -185007.75         1073531.98        
580              -185193.48         1073147.19        
599              -185673.56         1072214.14        
595              -185915.28         1071985.38        
597              -186193.81         1071757.77        
598              -186453.59         1071617.69        
610              -182451.46         1088737.78        
613              -183712.79         1081571.55        
615              -183598.84         1081313.27        
617              -183537.47         1081178.26        
619              -186260.13         1079709.79        
620              -186506.29         1080400.87        
621              -186736.48         1080295.58        
622              -186849.02         1080510.84        
N15              -186864.20         1080664.64        
631              -186757.19         1080724.37        
633              -187099.96         1089407.78        
636              -182309.54         1093960.11        
637              -182396.42         1094054.66        
638              -182430.55         1094391.93        
639              -182480.06         1094577.68        
643              -182584.88         1094876.89        
652              -185208.11         1077719.33        
653              -184958.46         1077381.67        
659              -184849.26         1077584.11        
661              -184809.14         1077133.68        
664              -185258.11         1082183.67        
665              -185198.76         1082025.95        
667              -185115.84         1081875.78        
668              -185111.53         1081822.70        
669              -185091.74         1081697.14        
670              -185081.93         1081634.46        
684              -185157.46         1097379.65        
685              -185285.16         1097809.60        
686              -185440.79         1098308.41        
695              -185931.61         1098141.83        
698              -184817.22         1077179.86        
703              -184782.73         1077005.56        

[MAP]
DIMENSIONS -188449.54 1070545.64 -181937.74 1098308.41
Units      None

[REPORT]
INPUT            YES
SUBCATCHMENTS    ALL
NODES            ALL
LINKS            ALL



