;; SWMM5 .inp converted from XPSWMM .xp file
;; Generated by XPSWMM Card Reader
;; Source format: XP_CARD | Original title: OXYCHEM TAFT FACILITY, HANVILLE LOUISIANA, STORMWATER ANALYSIS

[TITLE]
;;Project Title/Notes
OXYCHEM TAFT FACILITY, HANVILLE LOUISIANA, STORMWATER ANALYSIS

[OPTIONS]
FLOW_UNITS           CFS
INFILTRATION         HORTON
FLOW_ROUTING         DYNWAVE
LINK_OFFSETS         DEPTH
MIN_SLOPE            0.0
ALLOW_PONDING        NO
SKIP_STEADY_STATE    NO
ROUTING_STEP         00:00:10
VARIABLE_STEP        0.75
INERTIAL_DAMPING     PARTIAL
NORMAL_FLOW_LIMITED  BOTH
MAX_TRIALS           50
HEAD_TOLERANCE       0.0033

[JUNCTIONS]
;;Name           Elev       MaxDepth   InitDepth  SurDepth   Aponded
;;-------------- ---------- ---------- ---------- ---------- ----------
15               11.32      0          0          0          0
17               11.71      0          0          0          0
20               10.79      0          0          0          0
22               10.79      0          0          0          0
24               10.84      0          0          0          0
28               10.69      0          0          0          0
30               10.57      0          0          0          0
32               10.07      0          0          0          0
34               9.11       0          0          0          0
36               9.11       0          0          0          0
39               9.47       0          0          0          0
51               9.16       0          0          0          0
55               8.96       0          0          0          0
57               8.76       0          0          0          0
67               7.70       0          0          0          0
69               8.51       0          0          0          0
71               8.51       0          0          0          0
73               6.52       0          0          0          0
75               6.52       0          0          0          0
79               7.00       0          0          0          0
81               7.01       0          0          0          0
86               6.20       0          0          0          0
96               8.00       0          0          0          0
98               8.29       0          0          0          0
100              8.29       0          0          0          0
115              9.90       0          0          0          0
117              9.70       0          0          0          0
119              9.60       0          0          0          0
134              9.49       0          0          0          0
136              9.70       0          0          0          0
138              9.48       0          0          0          0
142              9.27       0          0          0          0
144              9.24       0          0          0          0
146              9.16       0          0          0          0
148              9.17       0          0          0          0
152              9.17       0          0          0          0
154              9.00       0          0          0          0
156              10.06      0          0          0          0
158              10.05      0          0          0          0
160              8.71       0          0          0          0
162              8.71       0          0          0          0
188              9.04       0          0          0          0
190              9.22       0          0          0          0
192              9.27       0          0          0          0
194              9.11       0          0          0          0
197              9.03       0          0          0          0
200              8.64       0          0          0          0
202              8.50       0          0          0          0
206              8.16       0          0          0          0
214              8.16       0          0          0          0
216              9.07       0          0          0          0
247              7.97       0          0          0          0
239              8.42       0          0          0          0
241              8.42       0          0          0          0
243              8.29       0          0          0          0
280              7.54       0          0          0          0
282              7.45       0          0          0          0
284              6.57       0          0          0          0
288              6.44       0          0          0          0
290              6.44       0          0          0          0
292              6.56       0          0          0          0
294              6.56       0          0          0          0
296              6.57       0          0          0          0
301              8.00       0          0          0          0
305              8.29       0          0          0          0
307              8.06       0          0          0          0
309              7.91       0          0          0          0
317              8.78       0          0          0          0
319              8.55       0          0          0          0
329              11.46      0          0          0          0
330              11.49      0          0          0          0
335              11.61      0          0          0          0
337              11.61      0          0          0          0
339              11.32      0          0          0          0
341              11.32      0          0          0          0
343              11.56      0          0          0          0
345              12.49      0          0          0          0
353              11.31      0          0          0          0
355              11.60      0          0          0          0
357              11.26      0          0          0          0
359              11.27      0          0          0          0
361              11.07      0          0          0          0
364              11.19      0          0          0          0
366              11.16      0          0          0          0
368              11.16      0          0          0          0
370              11.16      0          0          0          0
372              10.35      0          0          0          0
374              10.65      0          0          0          0
384              10.10      0          0          0          0
418              8.75       0          0          0          0
422              8.11       0          0          0          0
423              7.09       0          0          0          0
425              7.09       0          0          0          0
427              7.57       0          0          0          0
435              1000.00    0          0          0          0
443              1000.00    0          0          0          0
446              1000.00    0          0          0          0
Outfall          11.46      0          0          0          0
462              1000.00    0          0          0          0
497              1000.00    0          0          0          0
BORDER           0          0          0          0          0
SITE             0          0          0          0          0
DRAIN            0          0          0          0          0
INV              0          0          0          0          0
GRID             0          0          0          0          0
509              8.58       0          0          0          0
511              8.16       0          0          0          0
513              8.16       0          0          0          0
515              8.16       0          0          0          0
DUMMY            1000.00    0          0          0          0
171              9.14       0          0          0          0
DIESEL           1000.00    0          0          0          0
RAIL             1000.00    0          0          0          0

[STORAGE]
;;Name           Elev       MaxDepth   InitDepth  Shape      Curve/Params
;;-------------- ---------- ---------- ---------- ---------- ----------
77               10.00      0          0          FUNCTIONAL 0 0          0
SS               9.00       -0.33      0          FUNCTIONAL 20700.00 0          0
POND             8.00       0          0          FUNCTIONAL 0 0          0
YES              9.00       0          0          FUNCTIONAL 1435.00 0          0
EQ               13.00      0          0          FUNCTIONAL 360.00 0          0
CL               9.00       0          0          FUNCTIONAL 200.00 0          0
CL               9.50       0          0          FUNCTIONAL 160.00 0          0
NEUT             12.50      0          0          FUNCTIONAL 1435.00 0          0
CELL             9.00       0          0          FUNCTIONAL 916.00 0          0
CL               9.00       0          0          FUNCTIONAL 630.00 0          0
CAUST            8.50       0          0          FUNCTIONAL 700.00 0          0
SUMP             12.50      -0.58      0          FUNCTIONAL 0 0          0
KOCH             6.00       2.00       0          FUNCTIONAL 700.00 0          0
DD               10.00      0          0          FUNCTIONAL 0 0          0
576              6.31       0          0          FUNCTIONAL 110000.00 0          0

[CONDUITS]
;;Name           From             To               Length     Roughness  InOffset   OutOffset  InitFlow   MaxFlow
;;-------------- ---------------- ---------------- ---------- ---------- ---------- ---------- ---------- ----------
18               15               17               138.00     0.0150     7.98       8.41       0          0
21               17               20               115.00     0.0150     8.41       8.11       0          0
23               20               22               65.00      0.0150     8.11       7.61       0          0
25               22               24               28.00      0.0130     7.61       7.66       0          0
29               24               28               510.00     0.0150     7.66       7.41       0          0
31               28               30               25.00      0.0130     7.41       7.30       0          0
33               30               32               200.00     0.0150     7.30       6.62       0          0
35               32               34               560.00     0.0130     6.62       6.11       0          0
237.1            34               36               100.00     0.0150     6.11       6.06       0          0
40               36               39               100.00     0.0150     6.06       6.14       0          0
52               39               51               45.00      0.0130     6.14       5.81       0          0
54               51               55               335.00     0.0150     5.81       5.31       0          0
58               55               57               30.00      0.0130     5.31       5.42       0          0
60               57               418              165.00     0.0150     5.42       4.95       0          0
70               67               69               63.00      0.0150     3.74       3.60       0          0
72               69               71               20.00      0.0150     3.60       3.60       0          0
74               71               73               62.00      0.0150     3.60       3.44       0          0
76               73               75               36.00      0.0130     3.44       3.33       0          0
80               79               73               26.00      0.0160     4.61       4.74       0          0
87               81               86               195.00     0.0130     1.88       1.64       0          0
95               86               96               360.00     0.0130     1.62       1.40       0          0
99               96               98               50.00      0.0130     1.40       1.34       0          0
101              98               100              75.00      0.0150     1.34       1.53       0          0
118              115              117              185.00     0.0150     8.60       8.75       0          0
120              117              119              150.00     0.0150     8.75       8.20       0          0
135              119              134              425.00     0.0150     8.20       7.88       0          0
137              134              136              115.00     0.0150     7.88       7.36       0          0
139              136              138              42.00      0.0130     7.36       7.14       0          0
143              138              142              80.00      0.0150     7.14       6.93       0          0
145              142              144              36.00      0.0130     6.93       6.84       0          0
147              144              146              122.00     0.0150     6.84       6.82       0          0
149              146              148              25.00      0.0130     6.82       6.65       0          0
155              152              154              25.00      0.0130     6.67       6.62       0          0
157              154              156              310.00     0.0150     6.62       6.56       0          0
159              156              158              24.00      0.0130     6.56       6.55       0          0
161              158              160              40.00      0.0150     6.55       6.51       0          0
163              160              162              183.00     0.0150     6.51       6.06       0          0
189              162              188              186.00     0.0150     6.06       4.65       0          0
191              36               190              45.00      0.0130     6.42       6.72       0          0
193              190              192              47.00      0.0150     6.72       6.77       0          0
195              192              194              60.00      0.0130     6.77       6.61       0          0
198              194              197              250.00     0.0150     6.61       6.53       0          0
201              197              200              80.00      0.0150     6.53       6.14       0          0
203              200              202              75.00      0.0130     6.14       6.00       0          0
207              202              206              178.00     0.0150     6.00       5.48       0          0
217              214              216              115.00     0.0130     4.79       3.94       0          0
240              247              239              28.00      0.0160     4.35       4.30       0          0
242              239              241              95.00      0.0150     4.25       3.26       0          0
244              241              243              30.00      0.0160     3.26       2.77       0          0
245              243              100              68.00      0.0150     2.77       1.88       0          0
283              280              282              150.00     0.0150     3.27       3.56       0          0
285              282              284              280.00     0.0160     3.56       1.31       0          0
287              284              SS               30.00      0.0130     1.31       1.31       0          0
289              100              288              40.00      0.0130     1.53       1.81       0          0
291              288              290              65.00      0.0150     1.81       1.92       0          0
293              290              292              45.00      0.0130     1.92       1.47       0          0
295              292              294              32.00      0.0150     1.47       1.49       0          0
297              294              296              70.00      0.0130     1.49       1.94       0          0
298              296              284              90.00      0.0150     1.94       1.31       0          0
302              216              301              170.00     0.0130     3.94       3.76       0          0
308              305              307              22.00      0.0130     2.36       2.27       0          0
310              307              309              220.00     0.0150     2.27       1.67       0          0
311              309              100              25.00      0.0130     1.67       1.88       0          0
320              317              319              42.00      0.0130     7.78       7.55       0          0
331              329              330              170.00     0.0150     10.32      10.01      0          0
338              335              337              80.00      0.0150     8.98       8.77       0          0
340              337              339              45.00      0.0130     8.77       8.33       0          0
342              339              341              65.00      0.0150     8.33       8.48       0          0
344              341              343              30.00      0.0130     8.48       9.05       0          0
346              345              341              130.00     0.0130     10.49      8.48       0          0
354              330              353              96.00      0.0160     10.01      10.42      0          0
356              353              355              130.00     0.0150     10.42      9.54       0          0
358              355              357              80.00      0.0130     9.54       8.92       0          0
360              343              359              40.00      0.0150     9.05       8.85       0          0
362              359              361              100.00     0.0130     8.85       8.14       0          0
365              364              24               55.00      0.0130     8.19       7.84       0          0
367              364              366              50.00      0.0150     8.19       8.31       0          0
369              366              368              117.00     0.0130     8.31       8.45       0          0
371              368              370              91.00      0.0150     8.45       8.17       0          0
373              370              372              200.00     0.0160     8.17       8.17       0          0
375              372              374              38.00      0.0150     8.17       8.15       0          0
386              384              374              100.00     0.0160     6.79       7.33       0          0
417              374              28               50.00      0.0130     8.15       7.46       0          0
419              418              67               770.00     0.0130     4.95       3.74       0          0
421              75               81               48.00      0.0130     3.33       2.38       0          0
424              422              423              185.00     0.0130     5.36       4.91       0          0
426              423              425              175.00     0.0150     4.91       4.50       0          0
428              425              427              250.00     0.0130     4.50       3.50       0          0
429              427              280              150.00     0.0150     3.50       3.27       0          0
430              319              422              540.00     0.0150     7.55       6.11       0          0
F                CL               446              220.00     0.0160     8.01       8.00       0          0
F                435              446              800.00     0.0160     8.01       8.00       0          0
F                446              443              170.00     0.0160     8.00       7.90       0          0
F                443              EQ               1685.00    0.0160     7.90       3.50       0          0
F                462              YES              334.00     0.0130     8.00       7.90       0          0
471              71               81               75.00      0.0130     3.60       1.88       0          0
490              361              357              40.00      0.0150     8.14       8.92       0          0
491              148              152              140.00     0.0150     6.65       6.67       0          0
493              301              305              110.00     0.0150     3.76       2.36       0          0
494              YES              305              40.00      0.0130     2.31       5.29       0          0
499              497              435              335.00     0.0160     8.02       8.01       0          0
502              NEUT             SUMP             63.00      0.0150     10.50      8.92       0          0
510              509              280              385.00     0.0130     6.13       4.08       0          0
512              206              511              26.00      0.0130     5.48       4.88       0          0
514              511              513              55.00      0.0150     4.88       4.79       0          0
516              513              515              68.00      0.0130     4.79       4.64       0          0
517              515              214              52.00      0.0150     4.64       4.79       0          0
#1               #2               36               75.00      0.0130     5.71       6.06       0          0
199#1            199#2            55               22.00      0.0130     6.53       6.46       0          0
552              DUMMY            Outfall          100.00     0.0160     0.40       0.30       0          0
182              171              162              346.00     0.0150     6.60       6.06       0          0
468              468#2            468#3            40.00      0.0130     8.92       8.55       0          0
489#1            489#2            17               40.00      0.0130     8.92       8.55       0          0
313#1            96               POND             40.00      0.0150     1.50       1.50       0          0
561#1            96               DIESEL           40.00      0.0010     1.60       1.50       0          0
78#1             75               77               40.00      0.0150     3.33       3.33       0          0
577#1            96               576              40.00      0.0010     6.31       2.00       0          0

[PUMPS]
;;Name           From             To               PumpCurve  Status   Startup    Shutoff
;;-------------- ---------------- ---------------- ---------- -------- ---------- ----------
521#1            DD               77               PC_521#1   ON       3.00       2.00      
F 2#1            SS               497              PC_F 2#1   ON       0          0         
F 3#1            YES              435              PC_F 3#1   ON       0          0         
F 5#1            CAUST            462              PC_F 5#1   ON       0          0         
F 8#1            CL               YES              PC_F 8#1   ON       1.00       0         
F6#1             CELL             462              PC_F6#1    ON       0          0         
F11#1            CL               443              PC_F11#1   ON       2.00       1.50      
F13#1            EQ               NEUT             PC_F13#1   ON       6.00       5.00      
F14#1            NEUT             DUMMY            PC_F14#1   ON       7.75       0.50      
F1#1             DIESEL           POND             PC_F1#1    ON       4.00       3.00      
566#1            RAIL             77               PC_566#1   ON       4.00       3.00      
600#1            KOCH             67               PC_600#1   ON       1.00       0         

[CURVES]
;;Name           Type       X-Value    Y-Value
;;-------------- ---------- ---------- ----------
PC_521#1         Pump2      0          0
;
PC_F 2#1         Pump2      0          0
;
PC_F 3#1         Pump2      0          0
;
PC_F 5#1         Pump2      0          0
;
PC_F 8#1         Pump3      0          0
;
PC_F6#1          Pump2      0          0
;
PC_F11#1         Pump3      0          0
;
PC_F13#1         Pump3      0          0
;
PC_F14#1         Pump3      0          0
;
PC_F1#1          Pump3      0          0
;
PC_566#1         Pump3      0          0
;
PC_600#1         Pump3      0          0
;

[XSECTIONS]
;;Link           Shape        Geom1      Geom2      Geom3      Geom4      Barrels
;;-------------- ------------ ---------- ---------- ---------- ---------- ----------
18               TRAPEZOIDAL  2.91       6.18       0          0          1
21               TRAPEZOIDAL  2.68       8.64       0          0          1
23               TRAPEZOIDAL  2.68       8.64       0          0          1
25               CIRCULAR     3.00       0          0          0          1
29               TRAPEZOIDAL  3.13       7.74       0          0          1
31               CIRCULAR     3.00       0          0          0          1
33               TRAPEZOIDAL  2.69       8.62       0          0          1
35               CIRCULAR     3.00       0          0          0          1
237.1            TRAPEZOIDAL  3.00       8.00       0          0          1
40               TRAPEZOIDAL  2.97       8.06       0          0          1
52               CIRCULAR     3.33       0          0          0          1
54               TRAPEZOIDAL  3.00       9.00       0          0          1
58               CIRCULAR     3.33       0          0          0          1
60               TRAPEZOIDAL  3.33       8.34       0          0          1
70               TRAPEZOIDAL  2.92       9.16       0          0          1
72               TRAPEZOIDAL  4.91       5.80       0          0          1
74               TRAPEZOIDAL  3.08       8.84       0          0          1
76               CIRCULAR     3.00       0          0          0          1
80               CIRCULAR     1.67       0          0          0          1
87               CIRCULAR     3.00       0          0          0          1
95               CIRCULAR     3.00       0          0          0          1
99               CIRCULAR     3.00       1.66       0          0          1
101              TRAPEZOIDAL  6.76       0.48       0          0          1
118              TRAPEZOIDAL  0.95       7.10       0          0          1
120              TRAPEZOIDAL  0.95       7.10       0          0          1
135              TRAPEZOIDAL  1.40       6.20       0          0          1
137              TRAPEZOIDAL  1.61       5.78       0          0          1
139              HORSESHOE    2.33       0          0          0          1
143              TRAPEZOIDAL  2.33       6.34       0          0          1
145              HORSESHOE    2.33       0          0          0          1
147              TRAPEZOIDAL  2.33       6.34       0          0          1
149              HORSESHOE    2.33       0          0          0          1
155              HORSESHOE    2.33       0          0          0          1
157              TRAPEZOIDAL  2.38       7.24       0          0          1
159              CIRCULAR     3.50       0          0          0          1
161              TRAPEZOIDAL  2.20       7.60       0          0          1
163              TRAPEZOIDAL  2.20       7.60       0          0          1
189              TRAPEZOIDAL  2.65       6.70       0          0          1
191              CIRCULAR     2.50       0          0          0          1
193              TRAPEZOIDAL  2.50       7.00       0          0          1
195              CIRCULAR     2.50       0          0          0          1
198              TRAPEZOIDAL  2.50       7.00       0          0          1
201              TRAPEZOIDAL  1.77       8.46       0          0          1
203              CIRCULAR     2.50       0          0          0          1
207              TRAPEZOIDAL  2.00       8.00       0          0          1
217              CIRCULAR     3.00       0          0          0          1
240              CIRCULAR     3.00       0          0          0          1
242              TRAPEZOIDAL  4.17       3.66       0          0          1
244              CIRCULAR     3.00       0          0          0          1
245              TRAPEZOIDAL  5.52       0.96       0          0          1
283              TRAPEZOIDAL  3.89       3.32       0          0          1
285              CIRCULAR     3.00       0          0          0          1
287              CIRCULAR     3.00       0          0          0          1
289              CIRCULAR     3.00       0          0          0          1
291              TRAPEZOIDAL  4.52       5.96       0          0          1
293              CIRCULAR     3.00       0          0          0          1
295              TRAPEZOIDAL  5.07       4.86       0          0          1
297              CIRCULAR     3.00       0          0          0          1
298              TRAPEZOIDAL  4.63       5.74       0          0          1
302              CIRCULAR     3.00       0          0          0          1
308              CIRCULAR     3.00       0          0          0          1
310              TRAPEZOIDAL  5.79       3.42       0          0          1
311              CIRCULAR     3.00       0          0          0          1
320              CIRCULAR     1.00       0          0          0          1
331              TRAPEZOIDAL  1.14       4.72       0          0          1
338              TRAPEZOIDAL  2.63       3.74       0          0          1
340              CIRCULAR     2.50       0          0          0          1
342              TRAPEZOIDAL  2.84       3.32       0          0          1
344              CIRCULAR     2.50       0          0          0          1
346              CIRCULAR     2.00       0          0          0          1
354              CIRCULAR     0.83       0          0          0          1
356              TRAPEZOIDAL  0.89       5.22       0          0          1
358              CIRCULAR     2.00       0          0          0          1
360              TRAPEZOIDAL  2.42       4.16       0          0          1
362              CIRCULAR     1.50       0          0          0          1
365              CIRCULAR     3.00       0          0          0          1
367              TRAPEZOIDAL  2.85       1.30       0          0          1
369              CIRCULAR     2.00       0          0          0          1
371              TRAPEZOIDAL  2.55       1.90       0          0          1
373              CIRCULAR     2.00       0          0          0          1
375              TRAPEZOIDAL  2.18       6.14       0          0          1
386              CIRCULAR     1.67       0          0          0          1
417              CIRCULAR     2.50       0          0          0          1
419              CIRCULAR     3.33       0          0          0          1
421              CIRCULAR     3.00       0          0          0          1
424              CIRCULAR     2.00       0          0          0          1
426              TRAPEZOIDAL  2.18       6.64       0          0          1
428              CIRCULAR     2.50       0          0          0          1
429              TRAPEZOIDAL  4.07       2.86       0          0          1
430              TRAPEZOIDAL  1.00       9.00       0          0          1
F                CIRCULAR     0.13       0          0          0          1
F                CIRCULAR     1.00       0          0          0          1
F                CIRCULAR     1.00       0          0          0          1
F                CIRCULAR     1.00       0          0          0          1
F                CIRCULAR     0.13       0          0          0          1
471              CIRCULAR     3.00       0          0          0          1
490              TRAPEZOIDAL  2.15       4.70       0          0          1
491              TRAPEZOIDAL  2.50       7.00       0          0          1
493              TRAPEZOIDAL  4.24       6.52       0          0          1
494              CIRCULAR     3.00       0          0          0          1
499              CIRCULAR     1.30       0          0          0          1
502              RECT_CLOSED  2.00       3.00       0          0          1
510              CIRCULAR     1.50       0          0          0          1
512              CIRCULAR     2.50       0          0          0          1
514              TRAPEZOIDAL  3.28       2.42       0          0          1
516              CIRCULAR     1.67       0          0          0          1
517              TRAPEZOIDAL  3.37       8.26       0          0          1
#1               CIRCULAR     2.50       0          0          0          1
199#1            CIRCULAR     2.50       0          0          0          1
552              CIRCULAR     0.83       0          0          0          1
182              TRAPEZOIDAL  2.54       1.92       0          0          1
468              CIRCULAR     1.50       0          0          0          1
489#1            CIRCULAR     1.50       0          0          0          1
313#1            RECT_CLOSED  4.80       2.00       0          0          1
561#1            CIRCULAR     4.00       0.00       0          0          1
78#1             RECT_CLOSED  3.19       2.00       0          0          1
577#1            RECT_CLOSED  1.68       20.00      0          0          1

[LOSSES]
;;Link           Inlet      Outlet     Average    Flap Gate
;;-------------- ---------- ---------- ---------- ----------
18               0          0          0          NO
21               0          0          0          NO
23               0          0          0          NO
25               0          0          0          NO
29               0          0          0          NO
31               0          0          0          NO
33               0          0          0          NO
35               0          0          0          NO
237.1            0          0          0          NO
40               0          0          0          NO
52               0          0          0          NO
54               0          0          0          NO
58               0          0          0          NO
60               0          0          0          NO
70               0          0          0          NO
72               0          0          0          NO
74               0          0          0          NO
76               0          0          0          NO
80               0          0          0          NO
87               0          0          0          NO
95               0          0          0          NO
99               0          0          0          NO
101              0          0          0          NO
118              0          0          0          NO
120              0          0          0          NO
135              0          0          0          NO
137              0          0          0          NO
139              0          0          0          NO
143              0          0          0          NO
145              0          0          0          NO
147              0          0          0          NO
149              0          0          0          NO
155              0          0          0          NO
157              0          0          0          NO
159              0          0          0          NO
161              0          0          0          NO
163              0          0          0          NO
189              0          0          0          NO
191              0          0          0          NO
193              0          0          0          NO
195              0          0          0          NO
198              0          0          0          NO
201              0          0          0          NO
203              0          0          0          NO
207              0          0          0          NO
217              0          0          0          NO
240              0          0          0          NO
242              0          0          0          NO
244              0          0          0          NO
245              0          0          0          NO
283              0          0          0          NO
285              0          0          0          NO
287              0          0          0          NO
289              0          0          0          NO
291              0          0          0          NO
293              0          0          0          NO
295              0          0          0          NO
297              0          0          0          NO
298              0          0          0          NO
302              0          0          0          NO
308              0          0          0          NO
310              0          0          0          NO
311              0          0          0          NO
320              0          0          0          NO
331              0          0          0          NO
338              0          0          0          NO
340              0          0          0          NO
342              0          0          0          NO
344              0          0          0          NO
346              0          0          0          NO
354              0          0          0          NO
356              0          0          0          NO
358              0          0          0          NO
360              0          0          0          NO
362              0          0          0          NO
365              0          0          0          NO
367              0          0          0          NO
369              0          0          0          NO
371              0          0          0          NO
373              0          0          0          NO
375              0          0          0          NO
386              0          0          0          NO
417              0          0          0          NO
419              0          0          0          NO
421              0          0          0          NO
424              0          0          0          NO
426              0          0          0          NO
428              0          0          0          NO
429              0          0          0          NO
430              0          0          0          NO
F                0          0          0          NO
F                0          0          0          NO
F                0          0          0          NO
F                0          0          0          NO
F                0          0          0          NO
471              0          0          0          NO
490              0          0          0          NO
491              0          0          0          NO
493              0          0          0          NO
494              0          0          0          NO
499              0          0          0          NO
502              0          0          0          NO
510              0          0          0          NO
512              0          0          0          NO
514              0          0          0          NO
516              0          0          0          NO
517              0          0          0          NO
#1               0          0          0          NO
199#1            0          0          0          NO
552              0          0          0          NO
182              0          0          0          NO
468              0          0          0          NO
489#1            0          0          0          NO
313#1            0          0          0          NO
561#1            0          0          0          NO
78#1             0          0          0          NO
577#1            0          0          0          NO

[COORDINATES]
;;Node           X-Coord            Y-Coord
;;-------------- ------------------ ------------------
15               605.14             -1189.23          
17               518.20             -1153.01          
20               519.36             -1045.54          
22               519.44             -983.35           
24               519.48             -953.82           
28               518.94             -456.76           
30               519.83             -405.96           
32               520.76             -211.01           
34               521.96             338.75            
36               559.25             437.39            
39               600.42             523.12            
51               600.53             562.75            
55               600.01             891.46            
57               600.05             934.25            
67               600.51             1854.99           
69               599.30             1924.72           
71               604.03             1946.77           
73               663.48             1967.42           
75               662.91             2001.45           
77               661.38             2051.03           
79               687.78             1966.21           
81               593.78             2000.97           
86               406.09             1998.50           
96               245.87             1800.27           
98               245.22             1755.79           
100              240.63             1698.28           
115              -407.26            -789.35           
117              -407.26            -589.31           
119              -271.12            -590.45           
134              -268.45            -173.24           
136              -144.41            -167.71           
138              -105.14            -158.68           
142              -106.25            -79.28            
144              -106.25            -41.29            
146              -106.28            75.10             
148              -106.69            106.65            
152              -114.04            229.55            
154              -114.57            250.48            
156              -20.22             453.49            
158              16.83              453.49            
160              93.04              452.57            
162              276.05             452.49            
188              464.91             439.85            
190              560.66             501.53            
192              557.86             557.01            
194              558.06             600.66            
197              558.37             865.53            
200              496.53             867.21            
202              384.08             866.56            
206              210.55             860.94            
214              238.43             1063.29           
216              238.20             1204.27           
247              228.19             1474.57           
239              229.30             1519.79           
241              240.67             1584.99           
243              240.67             1643.69           
280              -349.39            1603.90           
282              -335.27            1734.61           
284              -60.84             1734.59           
SS               -59.87             1777.70           
288              213.84             1694.05           
290              118.20             1694.88           
292              80.20              1694.79           
294              46.96              1695.38           
296              -19.32             1694.05           
301              277.53             1359.92           
305              281.69             1470.59           
307              278.94             1500.84           
309              278.61             1695.68           
POND             245.10             1855.71           
317              -386.51            454.56            
319              -446.77            492.15            
329              105.63             -1192.66          
330              297.90             -1164.99          
335              125.43             -1033.30          
337              143.51             -1077.44          
339              187.63             -1132.08          
341              270.93             -1132.05          
343              293.85             -1130.38          
345              271.39             -1038.04          
353              370.86             -1186.97          
355              500.36             -1252.48          
357              470.33             -1172.47          
359              344.22             -1145.32          
361              432.91             -1173.75          
364              477.43             -967.93           
366              476.58             -932.05           
368              476.58             -806.44           
370              476.62             -699.26           
372              474.87             -514.59           
374              475.76             -457.45           
384              371.67             -461.67           
418              599.44             1107.03           
422              -495.88            983.48            
423              -495.03            1129.37           
425              -495.88            1336.15           
427              -495.54            1562.95           
435              222.63             1457.83           
YES              351.39             1441.65           
EQ               236.88             -826.16           
CL               177.38             610.11            
443              380.28             595.68            
CL               78.78              771.57            
446              378.08             775.84            
NEUT             402.95             -1127.56          
Outfall          385.80             -1644.49          
CELL             -62.39             1055.71           
CL               336.62             1119.20           
CAUST            124.30             1384.51           
462              320.76             1367.98           
SUMP             475.51             -1154.50          
497              219.82             1776.01           
BORDER           3566.87            -3606.67          
SITE             3679.12            -3384.13          
DRAIN            3859.69            -3214.18          
INV              4030.50            -2999.73          
GRID             4162.27            -2841.93          
509              -348.14            1387.01           
KOCH             698.02             1910.42           
511              211.35             907.94            
513              241.26             937.46            
515              241.26             1006.65           
DD               1015.80            2860.65           
DUMMY            340.27             -1303.09          
171              276.29             293.03            
DIESEL           235.07             1829.43           
RAIL             491.27             2049.94           
576              258.84             1782.78           

[MAP]
DIMENSIONS -495.88 -3606.67 4162.27 2860.65
Units      None

[REPORT]
INPUT            YES
SUBCATCHMENTS    ALL
NODES            ALL
LINKS            ALL



