;; SWMM5 .inp converted from XPSWMM .xp file
;; Generated by XPSWMM Card Reader
;; Source format: XP_CARD | Original title: Simulation of Tallahassee East Ditch

[TITLE]
;;Project Title/Notes
Simulation of Tallahassee East Ditch

[OPTIONS]
FLOW_UNITS           CFS
INFILTRATION         HORTON
FLOW_ROUTING         DYNWAVE
LINK_OFFSETS         DEPTH
MIN_SLOPE            0.0
ALLOW_PONDING        NO
SKIP_STEADY_STATE    NO
ROUTING_STEP         00:00:10
VARIABLE_STEP        0.75
INERTIAL_DAMPING     PARTIAL
NORMAL_FLOW_LIMITED  BOTH
MAX_TRIALS           50
HEAD_TOLERANCE       0.0033

[JUNCTIONS]
;;Name           Elev       MaxDepth   InitDepth  SurDepth   Aponded
;;-------------- ---------- ---------- ---------- ---------- ----------
360              83.00      0          0          0          0
350              82.00      0          0          0          0
340              82.00      0          0          0          0
330              80.00      0          0          0          0
320              80.00      0          0          0          0
310              78.00      0          0          0          0
300              78.00      0          0          0          0
290              78.00      0          0          0          0
280              78.00      0          0          0          0
270              77.60      0          0          0          0
260              78.00      0          0          0          0
240              71.00      0          0          0          0
230              70.00      0          0          0          0
220              69.00      0          0          0          0
210              68.00      0          0          0          0
200              67.00      0          0          0          0
190              66.00      0          0          0          0
170              63.00      0          0          0          0
160              63.00      0          0          0          0
150              59.00      0          0          0          0
140              59.00      0          0          0          0
120              58.00      0          0.10       0          0
110              58.00      0          0.50       0          0
100              58.00      0          0.56       0          0
30               50.00      0          3.30       0          0
20               50.20      0          2.90       0          0
10               50.00      0          0          0          0
950              144.00     0          0          0          0
900              130.00     0          0          0          0
890              96.00      0          0          0          0
520              60.00      0          0          0          0
510              60.00      0          1.40       0          0
620              77.00      0          0          0          0
610              76.00      0          0          0          0
600              76.00      0          0          0          0
590              73.00      0          0          0          0
580              71.00      0          0          0          0
570              68.00      0          0          0          0
560              69.00      0          0          0          0
1010             88.00      0          0          0          0
1000             84.00      0          1.30       0          0
990              83.00      0          2.21       0          0
980              83.00      0          0          0          0
970              79.00      0          0          0          0
490              179.00     0          0          0          0
480              159.00     0          0          0          0
470              143.00     0          0          0          0
930              185.00     0          0          0          0
430              107.00     0          0          0          0
420              98.00      0          0          0          0
410              95.00      0          0          0          0
390              99.00      0          0          0          0
865              160.00     0          0          0          0
860              160.00     0          0          0          0
850              150.00     0          0          0          0
840              140.00     0          0          0          0
830              140.00     0          0          0          0
820              140.00     0          0          0          0
810              115.00     0          0          0          0
800              110.00     0          0          0          0
790              100.00     0          0          0          0
780              100.00     0          0          0          0
770              100.00     0          0          0          0
754              95.00      0          0          0          0
756              95.00      0          0          0          0
758              95.00      0          0          0          0
798              100.00     0          0          0          0
828              140.00     0          0          0          0
752              95.00      0          0          0          0
759              95.00      0          0.50       0          0
855              150.00     0          0          0          0
757              95.00      0          0          0          0
755              95.00      0          0          0          0
760              100.00     0          0          0          0
758A             95.00      0          1.20       0          0
Calibrate        0          0          0          0          0
982              83.00      0          0          0          0
392              99.00      0          0          0          0
276              78.00      0          0          0          0
273              78.00      0          0          0          0
10-25year        50.00      0          0          0          0
10-10year        50.00      0          0.10       0          0
10-5year         50.00      0          0.10       0          0
10-2year         50.00      0          0.10       0          0
271              77.70      0          0          0          0
259              78.00      0          0          0          0

[STORAGE]
;;Name           Elev       MaxDepth   InitDepth  Shape      Curve/Params
;;-------------- ---------- ---------- ---------- ---------- ----------
880              83.00      -5.00      0.45       FUNCTIONAL 0 0          0
370              83.00      0          0          FUNCTIONAL 500.00 0          0
130              58.00      -8.00      0          FUNCTIONAL 500.00 0          0
380              95.00      -5.00      0          FUNCTIONAL 500.00 0          0
250              73.00      -5.00      0          FUNCTIONAL 500.00 0          0
180              64.00      -5.00      0          FUNCTIONAL 500.00 0          0
90               57.00      -8.00      1.50       FUNCTIONAL 500.00 0          0
40               51.00      -5.00      4.50       FUNCTIONAL 0 0          0
960              145.00     -5.00      0          FUNCTIONAL 0 0          0
460              114.00     -5.00      0.20       FUNCTIONAL 0 0          0
910              130.00     -16.00     0          FUNCTIONAL 0 0          0
550              72.00      0          0          FUNCTIONAL 0 0          0
540              72.00      0          0          FUNCTIONAL 0 0          0
530              60.00      -7.00      0          FUNCTIONAL 0 0          0
630              77.00      -5.00      0          FUNCTIONAL 0 0          0
1020             90.00      -11.00     0          FUNCTIONAL 500.00 0          0
500              180.00     -5.00      0          FUNCTIONAL 0 0          0
450              107.00     -2.00      2.12       FUNCTIONAL 0 0          0
940              189.00     -5.00      0          FUNCTIONAL 0 0          0
920              150.00     -10.00     0          FUNCTIONAL 0 0          0
440              107.00     -2.00      1.24       FUNCTIONAL 0 0          0
400              88.00      0          0          FUNCTIONAL 0 0          0
870              163.00     -6.00      0          FUNCTIONAL 0 0          0
394              99.00      0          0          FUNCTIONAL 0 0          0
404              84.00      0          0          FUNCTIONAL 0 0          0
416              153.00     -1.00      0          FUNCTIONAL 0 0          0
446              144.00     0          0          FUNCTIONAL 0 0          0
456              186.00     0          0          FUNCTIONAL 0 0          0

[CONDUITS]
;;Name           From             To               Length     Roughness  InOffset   OutOffset  InitFlow   MaxFlow
;;-------------- ---------------- ---------------- ---------- ---------- ---------- ---------- ---------- ----------
ED875R           ED875p1          ED875p2          0          0          12.90      12.90      0          0
ED370R           ED370            ED370P           0          0          11.80      11.80      0          0
ED350R           ED350            ED350P           0          0          10.60      10.80      0          0
ED330R           ED330            320              0          0          10.80      10.70      0          0
ED310R           ED310            300              0          0          9.80       9.50       0          0
ED290R           ED290            280              0          0          9.50       9.50       0          0
ED270R           ED270            260              0          0          7.50       7.50       0          0
ED240R           ED240            230              0          0          11.00      11.73      0          0
ED220R           ED220            210              0          0          12.70      14.00      0          0
ED200R           ED200            190              0          0          17.60      18.60      0          0
ED170R           ED170            160              0          0          15.20      15.00      0          0
ED150R           ED150            140              0          0          14.30      14.30      0          0
ED130R           ED130            ED130P           0          0          16.10      16.10      0          0
ED110R           ED110            ED110P           0          0          11.40      11.13      0          0
ED30R            ED30             20               0          0          12.05      12.20      0          0
ED380            380              370              1900.00    0          70.90      58.00      0          0
ED360            360              350              400.00     0          57.80      57.30      0          0
ED340            340              330              300.00     0          57.10      56.40      0          0
ED320            320              310              800.00     0          56.30      53.90      0          0
ED300            300              290              800.00     0          53.80      50.70      0          0
ED280            280              276              300.00     0          50.40      50.00      0          0
ED259            ?                ?                100.00     0          48.06      48.00      0          0
ED250            250              240              400.00     0          48.00      47.53      0          0
ED230            230              220              1400.00    0          46.87      44.58      0          0
ED210            210              200              650.00     0          43.20      42.40      0          0
ED190            190              180              600.00     0          41.40      39.80      0          0
ED180            180              170              600.00     0          39.80      38.20      0          0
ED160            160              150              1350.00    0          38.40      34.70      0          0
ED140            140              130              1400.00    0          34.60      31.20      0          0
ED120            120              110              1050.00    0          30.40      30.00      0          0
ED100            100              90               1100.00    0          29.94      29.00      0          0
ED40             40               30               500.00     0          27.30      27.20      0          0
ED20             20               10               850.00     0          27.60      27.50      0          0
MS960            MS960R           950              35.00      0.0130     0          0          0          0
MS950            950              460              1100.00    0          119.05     89.60      0          0
SE910            SE910R           900              50.00      0.0130     0          0          0          0
SE900            900              890              1700.00    0          94.40      71.80      0          0
SE890            SE890R           380              55.00      0.0185     0          0.43       0          0
PR550            PR550R           540              30.00      0.0221     1.70       8.60       0          0
PR540            540              530              450.00     0          39.00      38.00      0          0
PR530            PR530R           520              30.00      0.0197     0.14       0.65       0          0
PR520            520              510              265.00     0          32.88      30.00      0          0
AR630P1          AR630P2          AR630R           33.00      0.0253     0          0          0          0
AR620            620              610              690.00     0          52.50      51.00      0          0
AR610            AR610P1          AR610P2          22.00      0.0298     0          0          0          0
AR600            600              590              800.00     0          51.00      48.90      0          0
AR590            590              580              850.00     0          48.90      46.57      0          0
AR580            580              570              450.00     0.0150     46.57      45.50      0          0
AR570            570              560              750.00     0.0110     45.50      44.40      0          0
AR560            560              180              500.00     0          44.40      39.80      0          0
AR580R           580              560              1100.00    0          57.00      56.90      0          0
CC1020           CC1020R          1010             53.00      0.0203     0          0.65       0          0
CC1010           1010             1000             250.00     0          57.78      54.28      0          0
CC1000           CC1000R          990              370.00     0.0153     0          0          0          0
CC982            982              980              700.00     0          55.50      53.62      0          0
CC980            CC980R           970              68.00      0.0270     0          2.43       0          0
CC970            970              250              700.00     0          51.49      48.00      0          0
KC500            KC500R           490              50.00      0.0277     0          0.95       0          0
KC490            490              480              1000.00    0          155.09     134.00     0          0
KC480            480              470              1100.00    0          134.00     118.00     0          0
KC470            470              460              1500.00    0          118.00     89.60      0          0
KC460            KC460R           450              35.00      0.0232     0          4.71       0          0
KC940            KC940R           930              35.00      0.0210     0          24.70      0          0
KC930            930              920              400.00     0          164.50     130.00     0          0
KC920            920              450              550.00     0          130.90     87.68      0          0
KC450            KC450R           440              11.70      0.0543     4.72       4.08       0          0
KC430            430              420              500.00     0          85.00      78.59      0          0
KC420            KC420R           410              90.00      0.0214     0.79       1.09       0          0
KC410            410              400              500.00     0          77.57      76.50      0          0
KC400            400              390              560.00     0          76.50      75.50      0          0
KC390            390              380              630.00     0          75.50      70.90      0          0
PR510R           PR510            90               30.00      0          34.46      34.40      0          0
SE890A           890              880              1900.00    0.0400     73.00      63.00      0          0
IH870            870              865              800.00     0          137.20     133.00     0          0
IH865            IH865R           860              30.00      0.0347     0          6.50       0          0
IH840            IH840R           830              50.00      0.0250     0          0          0          0
IH810            IH810R           800              35.00      0.0367     0          0          0          0
IH790            IH790R           780              35.00      0.0367     0          0          0          0
IH780            780              770              400.00     0          82.80      81.50      0          0
IH770            IH770R           760              35.00      0.0565     0.90       0          0          0
IH754            754              752              50.00      0          70.60      70.50      0          0
IH756            756              755              200.00     0          75.10      74.00      0          0
IH760            760              759              280.00     0          81.30      79.60      0          0
IH758            758              757              240.00     0          77.60      76.80      0          0
IH800            800              798              320.00     0          90.10      87.10      0          0
IH798            798              790              360.00     0          87.10      85.20      0          0
IH830            830              828              460.00     0          101.10     98.10      0          0
IH828            828              820              650.00     0          98.10      95.70      0          0
IH820            820              810              850.00     0          95.70      93.00      0          0
IH752            752              380              240.00     0          70.50      70.30      0          0
IH860            860              855              330.00     0          124.90     120.90     0          0
IH855            855              850              800.00     0          120.90     113.90     0          0
IH850            850              840              650.00     0          113.90     108.60     0          0
IH757            757              756              200.00     0          76.80      75.10      0          0
IH755            755              754              300.00     0          74.00      70.60      0          0
IH758A           758A             758              10.00      0          80.10      80.00      0          0
IH759            759              758A             150.00     0          79.60      78.90      0          0
KC392            392              390              140.00     0.0140     76.25      75.65      0          0
KC404            404              400              70.00      0.0140     78.20      78.00      0          0
537              ?                ?                0          0          0          0          0          0
ED90             90               40               270.00     0          29.00      28.30      0          0
CC990            990              982              20.00      0          53.29      55.50      0          0
KC394            394              392              20.00      0.0140     78.12      78.02      0          0
ED276            276              273              600.00     0          50.00      49.20      0          0
ED273            273              271              400.00     0          49.20      48.42      0          0
ED271            271              270              150.00     0          48.42      48.30      0          0
ED260            260              259              150.00     0          48.18      48.06      0          0
563              ?                ?                0          0          0          0          0          0

[ORIFICES]
;;Name           From             To               Type       Offset     Qcoeff     Gated    CloseTime
;;-------------- ---------------- ---------------- ---------- ---------- ---------- -------- ----------
523.1            416              410              SIDE       148.60     0.650      NO       0
525.1            446              440              SIDE       134.50     0.650      NO       0
527.1            456              450              SIDE       181.30     0.650      NO       0

[WEIRS]
;;Name           From             To               Type       CrestHt    Qcoeff     Gated    EndCon   EndCoeff   Surcharge
;;-------------- ---------------- ---------------- ---------- ---------- ---------- -------- -------- ---------- ----------
KC440W           440              430              TRANSVERSE 89.80      1.840      NO       0        0          YES

[XSECTIONS]
;;Link           Shape        Geom1      Geom2      Geom3      Geom4      Barrels
;;-------------- ------------ ---------- ---------- ---------- ---------- ----------
ED875R           IRREGULAR    0          0          0          0          1
ED370R           IRREGULAR    0          0          0          0          2
ED350R           IRREGULAR    0          0          0          0          2
ED330R           IRREGULAR    0          0          0          0          1
ED310R           IRREGULAR    0          0          0          0          1
ED290R           IRREGULAR    0          0          0          0          1
ED270R           IRREGULAR    0          0          0          0          1
ED240R           IRREGULAR    0          0          0          0          1
ED220R           IRREGULAR    0          0          0          0          2
ED200R           IRREGULAR    0          0          0          0          2
ED170R           IRREGULAR    0          0          0          0          4
ED150R           IRREGULAR    0          0          0          0          3
ED130R           IRREGULAR    0          0          0          0          2
ED110R           IRREGULAR    0          0          0          0          3
ED30R            IRREGULAR    0          0          0          0          1
ED380            IRREGULAR    0          0          0          0          1
ED360            IRREGULAR    0          0          0          0          1
ED340            IRREGULAR    0          0          0          0          1
ED320            IRREGULAR    0          0          0          0          1
ED300            IRREGULAR    0          0          0          0          1
ED280            IRREGULAR    0          0          0          0          1
ED259            IRREGULAR    0          0          0          0          1
ED250            IRREGULAR    0          0          0          0          1
ED230            IRREGULAR    0          0          0          0          1
ED210            IRREGULAR    0          0          0          0          1
ED190            IRREGULAR    0          0          0          0          1
ED180            IRREGULAR    0          0          0          0          1
ED160            IRREGULAR    0          0          0          0          1
ED140            IRREGULAR    0          0          0          0          1
ED120            IRREGULAR    0          0          0          0          1
ED100            IRREGULAR    0          0          0          0          1
ED40             IRREGULAR    0          0          0          0          1
ED20             IRREGULAR    0          0          0          0          1
MS960            CIRCULAR     2.50       0          0          0          1
MS950            IRREGULAR    0          0          0          0          1
SE910            CIRCULAR     2.00       0          0          0          1
SE900            IRREGULAR    0          0          0          0          1
SE890            CIRCULAR     2.00       0          0          0          1
PR550            CIRCULAR     2.00       0          0          0          1
PR540            IRREGULAR    0          0          0          0          1
PR530            CIRCULAR     1.50       0          0          0          1
PR520            IRREGULAR    0          0          0          0          1
AR630P1          CIRCULAR     3.00       0          0          0          2
AR620            IRREGULAR    0          0          0          0          1
AR610            CIRCULAR     3.00       0          0          0          3
AR600            IRREGULAR    0          0          0          0          1
AR590            IRREGULAR    0          0          0          0          1
AR580            CIRCULAR     4.90       0          0          0          1
AR570            CIRCULAR     5.50       0          0          0          1
AR560            IRREGULAR    0          0          0          0          1
AR580R           IRREGULAR    0          0          0          0          1
CC1020           CIRCULAR     2.50       0          0          0          1
CC1010           IRREGULAR    0          0          0          0          1
CC1000           CIRCULAR     6.00       0          0          0          1
CC982            IRREGULAR    0          0          0          0          1
CC980            CIRCULAR     6.00       0          0          0          1
CC970            IRREGULAR    0          0          0          0          1
KC500            CIRCULAR     5.00       0          0          0          1
KC490            IRREGULAR    0          0          0          0          1
KC480            IRREGULAR    0          0          0          0          1
KC470            IRREGULAR    0          0          0          0          1
KC460            CIRCULAR     2.50       0          0          0          1
KC940            CIRCULAR     2.00       0          0          0          1
KC930            IRREGULAR    0          0          0          0          1
KC920            IRREGULAR    0          0          0          0          1
KC450            RECT_CLOSED  2.96       17.40      0          0          1
KC430            IRREGULAR    0          0          0          0          1
KC420            CIRCULAR     4.50       0          0          0          2
KC410            IRREGULAR    0          0          0          0          1
KC400            IRREGULAR    0          0          0          0          1
KC390            IRREGULAR    0          0          0          0          1
PR510R           IRREGULAR    0          0          0          0          1
SE890A           TRAPEZOIDAL  5.00       3.00       0          0          1
IH870            IRREGULAR    0          0          0          0          1
IH865            CIRCULAR     5.00       0          0          0          1
IH840            CIRCULAR     4.00       0          0          0          1
IH810            RECT_CLOSED  5.00       8.00       0          0          1
IH790            RECT_CLOSED  5.00       8.00       0          0          1
IH780            IRREGULAR    0          0          0          0          1
IH770            CIRCULAR     4.70       0          0          0          1
IH754            IRREGULAR    0          0          0          0          1
IH756            IRREGULAR    0          0          0          0          1
IH760            IRREGULAR    0          0          0          0          1
IH758            IRREGULAR    0          0          0          0          1
IH800            IRREGULAR    0          0          0          0          1
IH798            IRREGULAR    0          0          0          0          1
IH830            IRREGULAR    0          0          0          0          1
IH828            IRREGULAR    0          0          0          0          1
IH820            IRREGULAR    0          0          0          0          1
IH752            IRREGULAR    0          0          0          0          1
IH860            IRREGULAR    0          0          0          0          1
IH855            IRREGULAR    0          0          0          0          1
IH850            IRREGULAR    0          0          0          0          1
IH757            IRREGULAR    0          0          0          0          1
IH755            IRREGULAR    0          0          0          0          1
IH758A           IRREGULAR    0          0          0          0          1
IH759            IRREGULAR    0          0          0          0          1
KC392            CIRCULAR     2.50       0          0          0          1
KC404            CIRCULAR     4.00       0          0          0          1
537              CIRCULAR     0          0          0          0          1
ED90             IRREGULAR    0          0          0          0          1
CC990            IRREGULAR    0          0          0          0          1
KC394            RECT_CLOSED  5.00       7.00       0          0          1
ED276            IRREGULAR    0          0          0          0          1
ED273            IRREGULAR    0          0          0          0          1
ED271            IRREGULAR    0          0          0          0          1
ED260            IRREGULAR    0          0          0          0          1
563              CIRCULAR     0          0          0          0          1
523.1            RECT_CLOSED  3.00       0          0          0          
525.1            RECT_CLOSED  2.00       0          0          0          
527.1            RECT_CLOSED  1.50       0          0          0          
KC440W           RECT_OPEN    0          11.40      0          0          

[LOSSES]
;;Link           Inlet      Outlet     Average    Flap Gate
;;-------------- ---------- ---------- ---------- ----------
ED875R           0          0          0          NO
ED370R           0          0          0          NO
ED350R           0          0          0          NO
ED330R           0          0          0          NO
ED310R           0          0          0          NO
ED290R           0          0          0          NO
ED270R           0          0          0          NO
ED240R           0          0          0          NO
ED220R           0          0          0          NO
ED200R           0          0          0          NO
ED170R           0          0          0          NO
ED150R           0          0          0          NO
ED130R           0          0          0          NO
ED110R           0          0          0          NO
ED30R            0          0          0          NO
ED380            0          0          0          NO
ED360            0          0          0          NO
ED340            0          0          0          NO
ED320            0          0          0          NO
ED300            0          0          0          NO
ED280            0          0          0          NO
ED259            0          0          0          NO
ED250            0          0          0          NO
ED230            0          0          0          NO
ED210            0          0          0          NO
ED190            0          0          0          NO
ED180            0          0          0          NO
ED160            0          0          0          NO
ED140            0          0          0          NO
ED120            0          0          0          NO
ED100            0          0          0          NO
ED40             0          0          0          NO
ED20             0          0          0          NO
MS960            0          0          0          NO
MS950            0          0          0          NO
SE910            0          0          0          NO
SE900            0          0          0          NO
SE890            0          0          0          NO
PR550            0          0          0          NO
PR540            0          0          0          NO
PR530            0          0          0          NO
PR520            0          0          0          NO
AR630P1          0          0          0          NO
AR620            0          0          0          NO
AR610            0          0          0          NO
AR600            0          0          0          NO
AR590            0          0          0          NO
AR580            0          0          0          NO
AR570            0          0          0          NO
AR560            0          0          0          NO
AR580R           0          0          0          NO
CC1020           0          0          0          NO
CC1010           0          0          0          NO
CC1000           0          0          0          NO
CC982            0          0          0          NO
CC980            0          0          0          NO
CC970            0          0          0          NO
KC500            0          0          0          NO
KC490            0          0          0          NO
KC480            0          0          0          NO
KC470            0          0          0          NO
KC460            0          0          0          NO
KC940            0          0          0          NO
KC930            0          0          0          NO
KC920            0          0          0          NO
KC450            0          0          0          NO
KC430            0          0          0          NO
KC420            0          0          0          NO
KC410            0          0          0          NO
KC400            0          0          0          NO
KC390            0          0          0          NO
PR510R           0          0          0          NO
SE890A           0          0          0          NO
IH870            0          0          0          NO
IH865            0          0          0          NO
IH840            0          0          0          NO
IH810            0          0          0          NO
IH790            0          0          0          NO
IH780            0          0          0          NO
IH770            0          0          0          NO
IH754            0          0          0          NO
IH756            0          0          0          NO
IH760            0          0          0          NO
IH758            0          0          0          NO
IH800            0          0          0          NO
IH798            0          0          0          NO
IH830            0          0          0          NO
IH828            0          0          0          NO
IH820            0          0          0          NO
IH752            0          0          0          NO
IH860            0          0          0          NO
IH855            0          0          0          NO
IH850            0          0          0          NO
IH757            0          0          0          NO
IH755            0          0          0          NO
IH758A           0          0          0          NO
IH759            0          0          0          NO
KC392            0          0          0          NO
KC404            0          0          0          NO
537              0          0          0          NO
ED90             0          0          0          NO
CC990            0          0          0          NO
KC394            0          0          0          NO
ED276            0          0          0          NO
ED273            0          0          0          NO
ED271            0          0          0          NO
ED260            0          0          0          NO
563              0          0          0          NO

[COORDINATES]
;;Node           X-Coord            Y-Coord
;;-------------- ------------------ ------------------
880              386.34             -21.44            
370              357.65             2.98              
360              356.15             -12.34            
350              359.41             -40.26            
340              362.30             -57.70            
330              369.41             -78.92            
320              378.12             -101.53           
310              417.05             -127.59           
300              444.56             -127.56           
290              459.46             -138.59           
280              472.33             -151.63           
270              505.57             -184.12           
260              514.49             -196.49           
240              547.10             -238.51           
230              571.51             -240.59           
220              595.15             -248.52           
210              618.70             -251.47           
200              642.25             -250.29           
190              665.80             -249.70           
170              708.90             -245.22           
160              739.39             -241.82           
150              768.26             -247.31           
140              793.94             -252.81           
130              819.62             -264.00           
120              842.46             -263.41           
110              863.17             -264.20           
100              905.66             -267.73           
30               930.34             -474.03           
20               936.68             -507.80           
380              357.65             22.98             
250              530.41             -223.98           
180              688.67             -242.73           
90               936.89             -310.90           
40               923.14             -435.39           
10               951.14             -536.82           
960              508.44             261.82            
950              464.57             237.02            
460              405.56             198.87            
910              483.87             25.46             
900              441.32             19.92             
890              405.87             17.13             
550              888.73             -39.24            
540              899.15             -86.79            
530              902.20             -138.61           
520              909.89             -185.80           
510              928.59             -238.57           
630              682.18             158.48            
620              674.81             108.27            
610              678.81             58.06             
600              679.97             2.36              
590              679.84             -39.21            
580              678.16             -92.56            
570              706.18             -135.71           
560              685.09             -178.06           
1020             361.79             -274.58           
1010             385.84             -268.24           
1000             405.09             -266.58           
990              419.40             -263.35           
980              449.81             -257.81           
970              474.47             -244.00           
500              404.66             292.69            
490              405.26             266.54            
480              404.25             247.25            
470              406.64             220.28            
450              405.87             170.92            
940              475.56             159.50            
930              454.46             154.21            
920              433.32             163.27            
440              407.53             139.81            
430              403.70             106.36            
420              397.65             91.08             
410              386.84             74.94             
400              377.21             59.17             
390              366.64             41.23             
870              190.56             -67.01            
865              190.15             -54.41            
860              189.58             -37.30            
850              189.12             -20.46            
840              188.99             -9.91             
830              187.83             7.62              
820              183.52             31.49             
810              194.41             42.51             
800              208.61             51.57             
790              228.27             55.47             
780              244.40             55.90             
770              257.63             54.79             
754              338.57             43.66             
756              321.84             53.87             
758              304.36             56.58             
798              220.14             50.81             
828              185.15             19.50             
752              347.37             30.52             
759              281.18             55.71             
855              189.41             -29.06            
757              313.69             56.22             
755              330.80             49.77             
760              270.95             55.62             
758A             291.62             56.40             
394              341.87             103.22            
404              359.25             105.52            
416              369.47             116.42            
446              376.40             157.72            
456              376.02             184.72            
Calibrate        411.43             312.75            
982              433.76             -260.60           
392              356.47             68.72             
276              481.21             -160.56           
273              491.85             -169.83           
10-25year        936.60             -537.27           
10-10year        916.42             -545.76           
10-5year         897.77             -542.63           
10-2year         878.27             -542.42           
271              497.22             -175.81           
259              521.62             -208.90           

[MAP]
DIMENSIONS 183.52 -545.76 951.14 312.75
Units      None

[REPORT]
INPUT            YES
SUBCATCHMENTS    ALL
NODES            ALL
LINKS            ALL



