;; SWMM5 .inp converted from XPSWMM .xp file
;; Generated by XPSWMM Card Reader
;; Source format: XP_CARD | Original title: LAKE CITY DRAINAGE BASIN - EXISTING CONDITION 1992

[TITLE]
;;Project Title/Notes
LAKE CITY DRAINAGE BASIN - EXISTING CONDITION 1992

[OPTIONS]
FLOW_UNITS           CFS
INFILTRATION         HORTON
FLOW_ROUTING         DYNWAVE
LINK_OFFSETS         DEPTH
MIN_SLOPE            0.0
ALLOW_PONDING        NO
SKIP_STEADY_STATE    NO
ROUTING_STEP         00:00:05
VARIABLE_STEP        0.75
INERTIAL_DAMPING     PARTIAL
NORMAL_FLOW_LIMITED  BOTH

[JUNCTIONS]
;;Name           Elev       MaxDepth   InitDepth  SurDepth   Aponded
;;-------------- ---------- ---------- ---------- ---------- ----------
205              225.00     0          0          0          0
215              223.00     0          0          0          0
225              221.50     0          0          0          0
235              220.50     0          0          0          0
245              218.90     0          0          0          0
255              217.80     0          0          0          0
265              217.10     0          0          0          0
275              217.10     0          0          0          0
285              215.70     0          0          0          0
295              214.10     0          0          0          0
305              213.10     0          0          0          0
315              212.50     0          0          0          0
325              210.80     0          0          0          0
335              208.80     0          0          0          0
345              207.70     0          0          0          0
355              206.80     0          0          0          0
365              205.50     0          0          0          0
367              204.70     0          0          0          0
375              204.30     0          0          0          0
385              204.10     0          0          0          0
395              198.60     0          0          0          0
405              205.60     0          0          0          0
407              205.10     0          0          0          0
425              204.50     0          0          0          0
465              198.60     0          0          0          0
467              203.50     0          0          0          0
475              198.60     0          0          0          0
469              200.50     0          0          0          0
471              199.50     0          0          0          0
477              195.50     0          0          0          0
485              176.80     0          0          0          0
495              198.60     0          0          0          0
505              176.40     0          0          0          0
575              176.30     0          0          0          0
813              176.00     0          0          0          0
801              176.20     0          0          0          0
809              175.00     0          0          0          0
877              195.80     0          0          0          0
873              195.60     0          0          0          0
865              193.60     0          0          0          0
867              198.60     0          0          0          0
845              198.60     0          0          0          0
849              192.00     0          0          0          0
853              183.50     0          0          0          0
857              183.00     0          0          0          0
861              184.00     0          0          0          0
863              180.00     0          0          0          0
841              193.80     0          0          0          0
825              191.90     0          0          0          0
829              193.40     0          0          0          0
833              190.40     0          0          0          0
837              187.40     0          0          0          0
821              184.80     0          0          0          0
817              178.80     0          0          0          0
811              176.20     0          0          0          0
601              174.40     0          0          0          0
605              154.20     0          0          0          0
625              198.60     0          0          0          0
635              152.20     0          0          0          0
645              198.60     0          0          0          0
903              250.00     0          0          0          0
905              247.00     0          0          0          0
907              243.00     0          0          0          0
915              233.00     0          0          0          0
917              226.00     0          0          0          0
925              215.00     0          0          0          0
927              198.60     0          0          0          0
935              199.00     0          0          0          0
937              198.60     0          0          0          0
945              179.50     0          0          0          0
955              205.60     0          0          0          0
965              169.00     0          0          0          0
967              167.40     0          0          0          0
975              168.00     0          0          0          0
655              150.00     0          0          0          0
657              145.50     0          0          0          0
665              143.50     0          0          0          0
675              198.60     0          0          0          0
985              158.00     0          0          0          0
987              154.00     0          0          0          0
995              154.00     0          0          0          0
677              124.00     0          0          0          0
1003             145.50     0          0          0          0
1015             143.50     0          0          0          0
1017             124.50     0          0          0          0
679              124.00     0          0          0          0
685              124.00     0          0          0          0
695              81.50      0          0          0          0
735              90.70      0          0          0          0
725              91.50      0          0          0          0
705              80.50      0          0          0          0
765              124.00     0          0          0          0
745              75.00      0          0          0          0
755              124.00     0          0          0          0
775              64.00      0          0          0          0

[STORAGE]
;;Name           Elev       MaxDepth   InitDepth  Shape      Curve/Params
;;-------------- ---------- ---------- ---------- ---------- ----------
595              174.50     0          0          FUNCTIONAL 12.57 0          0
859              198.60     -19.60     0          FUNCTIONAL 2250.00 0          0

[CONDUITS]
;;Name           From             To               Length     Roughness  InOffset   OutOffset  InitFlow   MaxFlow
;;-------------- ---------------- ---------------- ---------- ---------- ---------- ---------- ---------- ----------
200              205              215              155.00     0.0130     222.70     220.70     0          0
210              215              225              153.00     0.0130     220.70     218.50     0          0
220              225              235              137.00     0.0130     218.50     216.20     0          0
230              235              245              154.00     0.0130     216.20     215.30     0          0
240              245              255              185.00     0.0130     215.30     214.70     0          0
250              255              265              170.00     0.0130     214.70     210.50     0          0
260              265              275              165.00     0.0350     210.50     208.60     0          0
270              275              285              148.00     0.0130     208.60     208.10     0          0
280              285              295              120.00     0.0130     208.10     206.10     0          0
290              295              305              240.00     0.0130     206.10     204.10     0          0
300              305              315              198.00     0.0130     204.10     203.20     0          0
310              315              325              195.00     0.0350     203.20     202.50     0          0
320              325              335              156.00     0.0130     202.50     201.80     0          0
330              335              345              180.00     0.0350     201.80     199.60     0          0
350.1            350.2            355              180.00     0.0240     199.60     199.10     0          0
360              355              365              180.00     0.0350     199.10     198.70     0          0
362              365              367              194.00     0.0130     198.70     197.30     0          0
370              367              375              180.00     0.0350     197.30     196.10     0          0
380              375              385              170.00     0.0130     196.10     195.30     0          0
390              385              395              135.00     0.0130     195.30     195.00     0          0
400              395              405              180.00     0.0130     195.00     194.50     0          0
402              405              407              160.00     0.0130     194.50     192.10     0          0
410              407              425              195.00     0.0130     192.10     191.40     0          0
470              425              465              350.00     0.0350     191.40     186.00     0          0
480              465              467              250.00     0.0130     186.00     179.20     0          0
4802             467              475              300.00     0.0130     179.20     172.40     0          0
482              469              471              322.50     0.0130     196.00     182.90     0          0
484              471              475              280.00     0.0130     182.90     172.40     0          0
490              475              477              300.00     0.0130     172.40     167.20     0          0
4902             477              485              300.00     0.0130     167.20     161.90     0          0
500              485              495              180.00     0.0350     161.90     161.80     0          0
510              495              505              70.00      0.0170     161.80     160.90     0          0
512              505              575              300.00     0.0130     160.90     157.30     0          0
532              575              813              300.00     0.0130     157.30     153.68     0          0
802              801              809              201.30     0.0130     166.80     153.34     0          0
886              877              873              100.00     0.0130     182.80     182.40     0          0
882              873              865              312.60     0.0130     182.40     176.60     0          0
872              867              865              180.00     0.0130     177.20     176.60     0          0
850              865              845              100.00     0.0130     176.60     176.40     0          0
854              845              849              194.00     0.0130     176.40     176.30     0          0
858              849              853              178.00     0.0130     176.30     173.20     0          0
862              853              857              170.00     0.0130     173.20     172.00     0          0
866              861              857              122.00     0.0130     173.30     172.00     0          0
864              857              863              200.00     0.0130     172.00     169.50     0          0
846              841              845              200.00     0.0130     177.20     176.40     0          0
842              841              825              295.00     0.0130     177.20     174.00     0          0
830              829              833              238.00     0.0130     189.80     185.70     0          0
834              833              837              218.00     0.0130     185.70     182.80     0          0
838              837              825              105.00     0.0130     182.80     174.00     0          0
826              825              821              350.00     0.0130     174.00     170.00     0          0
822              821              817              135.40     0.0130     170.00     165.30     0          0
818              817              813              100.40     0.0130     165.30     153.68     0          0
814              811              813              100.50     0.0130     164.90     153.68     0          0
810              813              809              172.60     0.0130     153.68     153.34     0          0
808              809              595              100.00     0.0130     153.34     153.11     0          0
600              601              605              130.00     0.0130     153.10     149.30     0          0
620              605              625              250.00     0.0350     149.30     145.10     0          0
630              625              635              130.00     0.0130     145.10     142.60     0          0
640              635              645              350.00     0.0350     142.60     137.50     0          0
902              903              905              130.00     0.0130     238.30     233.90     0          0
906              905              907              266.90     0.0130     233.90     229.90     0          0
910              907              915              320.00     0.0130     229.90     219.70     0          0
914              915              917              350.00     0.0130     219.70     211.60     0          0
918              917              925              270.00     0.0130     211.60     201.50     0          0
922              925              927              317.90     0.0130     201.50     193.90     0          0
926              927              935              340.00     0.0130     172.40     185.80     0          0
930              935              937              340.00     0.0130     185.80     172.40     0          0
934              937              945              348.00     0.0130     172.40     171.30     0          0
938              955              945              340.80     0.0130     196.60     171.30     0          0
950              945              965              340.60     0.0130     171.30     154.70     0          0
954              965              967              212.40     0.0130     154.70     152.10     0          0
958              967              975              158.40     0.0130     152.10     150.30     0          0
960              975              655              190.00     0.0130     150.30     134.50     0          0
650              645              655              110.00     0.0130     137.50     134.50     0          0
660              655              657              300.00     0.0350     134.50     125.60     0          0
6602             657              665              300.00     0.0350     125.60     116.80     0          0
670              665              675              70.00      0.0130     116.80     116.40     0          0
964              985              987              345.00     0.0130     151.30     144.60     0          0
978              995              987              100.50     0.0130     145.20     144.60     0          0
968              987              665              232.50     0.0130     144.60     116.80     0          0
680              675              677              350.00     0.0350     116.40     106.40     0          0
986              1003             1015             249.00     0.0130     138.70     130.60     0          0
990              1015             1017             206.00     0.0130     130.60     111.50     0          0
994              1017             679              100.50     0.0130     111.50     96.10      0          0
6802             677              679              350.00     0.0350     106.40     96.10      0          0
6804             679              685              350.00     0.0350     96.10      77.60      0          0
690              685              695              100.00     0.0130     77.60      72.80      0          0
730.1            730.2            695              100.00     0.0130     78.20      72.80      0          0
720              725              735              330.00     0.0350     83.50      78.20      0          0
710              695              705              350.00     0.0350     72.80      72.00      0          0
740              705              765              330.00     0.0350     72.00      56.00      0          0
996              745              755              310.00     0.0130     70.30      61.80      0          0
998              755              765              350.00     0.0130     61.80      56.00      0          0
760              765              775              250.00     0.0350     56.00      54.50      0          0

[ORIFICES]
;;Name           From             To               Type       Offset     Qcoeff     Gated    CloseTime
;;-------------- ---------------- ---------------- ---------- ---------- ---------- -------- ----------
MULTI            859              857              SIDE       0          0.650      NO       0
MULTI            595              601              SIDE       0          0.650      NO       0

[XSECTIONS]
;;Link           Shape        Geom1      Geom2      Geom3      Geom4      Barrels
;;-------------- ------------ ---------- ---------- ---------- ---------- ----------
200              CIRCULAR     1.50       0          0          0          1
210              CIRCULAR     1.50       0          0          0          1
220              CIRCULAR     1.50       0          0          0          1
230              CIRCULAR     3.00       0          0          0          1
240              CIRCULAR     3.00       0          0          0          1
250              CIRCULAR     3.00       0          0          0          1
260              TRAPEZOIDAL  3.50       5.00       0          0          1
270              CIRCULAR     2.00       0          0          0          1
280              CIRCULAR     3.00       0          0          0          1
290              CIRCULAR     2.50       0          0          0          1
300              CIRCULAR     2.50       0          0          0          1
310              TRAPEZOIDAL  3.00       8.00       0          0          1
320              CIRCULAR     2.50       0          0          0          1
330              TRAPEZOIDAL  3.50       8.00       0          0          1
350.1            CIRCULAR     2.50       0          0          0          1
360              TRAPEZOIDAL  3.00       4.00       0          0          1
362              RECT_CLOSED  2.50       10.70      0          0          1
370              TRAPEZOIDAL  2.50       4.00       0          0          1
380              CIRCULAR     3.00       0          0          0          1
390              CIRCULAR     3.00       0          0          0          1
400              CIRCULAR     3.00       0          0          0          1
402              CIRCULAR     3.00       0          0          0          1
410              CIRCULAR     3.00       0          0          0          1
470              TRAPEZOIDAL  3.00       8.50       0          0          1
480              CIRCULAR     2.00       0          0          0          1
4802             CIRCULAR     2.00       0          0          0          1
482              CIRCULAR     1.00       0          0          0          1
484              CIRCULAR     1.00       0          0          0          1
490              CIRCULAR     2.00       0          0          0          1
4902             CIRCULAR     2.50       0          0          0          1
500              TRAPEZOIDAL  4.00       8.50       0          0          1
510              CIRCULAR     4.00       0          0          0          1
512              CIRCULAR     4.50       0          0          0          1
532              CIRCULAR     5.00       0          0          0          1
802              CIRCULAR     1.00       0          0          0          1
886              CIRCULAR     1.00       0          0          0          1
882              CIRCULAR     1.25       0          0          0          1
872              CIRCULAR     1.50       0          0          0          1
850              CIRCULAR     1.50       0          0          0          1
854              CIRCULAR     1.50       0          0          0          1
858              CIRCULAR     1.25       0          0          0          1
862              CIRCULAR     1.25       0          0          0          1
866              RECT_CLOSED  2.00       2.90       0          0          1
864              CIRCULAR     1.50       0          0          0          1
846              CIRCULAR     1.50       0          0          0          1
842              CIRCULAR     1.50       0          0          0          1
830              CIRCULAR     1.00       0          0          0          1
834              CIRCULAR     1.00       0          0          0          1
838              CIRCULAR     1.00       0          0          0          1
826              CIRCULAR     1.50       0          0          0          1
822              CIRCULAR     1.25       0          0          0          1
818              CIRCULAR     1.25       0          0          0          1
814              CIRCULAR     1.00       0          0          0          1
810              CIRCULAR     5.00       0          0          0          1
808              CIRCULAR     5.00       0          0          0          1
600              CIRCULAR     2.00       0          0          0          1
620              TRAPEZOIDAL  4.00       9.50       0          0          1
630              CIRCULAR     2.50       0          0          0          1
640              TRAPEZOIDAL  3.50       6.50       0          0          1
902              CIRCULAR     1.00       0          0          0          1
906              CIRCULAR     1.00       0          0          0          1
910              CIRCULAR     1.00       0          0          0          1
914              CIRCULAR     1.25       0          0          0          1
918              CIRCULAR     1.25       0          0          0          1
922              CIRCULAR     1.00       0          0          0          1
926              CIRCULAR     1.00       0          0          0          1
930              CIRCULAR     1.25       0          0          0          1
934              CIRCULAR     1.50       0          0          0          1
938              CIRCULAR     1.50       0          0          0          1
950              CIRCULAR     2.00       0          0          0          1
954              CIRCULAR     2.00       0          0          0          1
958              CIRCULAR     2.00       0          0          0          1
960              CIRCULAR     9.00       0          0          0          1
650              CIRCULAR     2.50       0          0          0          1
660              TRAPEZOIDAL  5.00       8.50       0          0          1
6602             TRAPEZOIDAL  5.00       8.50       0          0          1
670              CIRCULAR     2.50       0          0          0          1
964              CIRCULAR     1.00       0          0          0          1
978              CIRCULAR     1.50       0          0          0          1
968              CIRCULAR     1.50       0          0          0          1
680              TRAPEZOIDAL  5.00       7.00       0          0          1
986              CIRCULAR     1.00       0          0          0          1
990              CIRCULAR     1.00       0          0          0          1
994              CIRCULAR     1.00       0          0          0          1
6802             TRAPEZOIDAL  6.50       8.50       0          0          1
6804             TRAPEZOIDAL  6.50       8.50       0          0          1
690              CIRCULAR     3.00       0          0          0          1
730.1            CIRCULAR     1.00       0          0          0          1
720              TRAPEZOIDAL  5.00       4.00       0          0          1
710              TRAPEZOIDAL  3.00       8.00       0          0          1
740              TRAPEZOIDAL  8.50       8.00       0          0          1
996              CIRCULAR     1.00       0          0          0          1
998              CIRCULAR     1.00       0          0          0          1
760              TRAPEZOIDAL  8.50       8.00       0          0          1
MULTI            RECT_CLOSED  0          0          0          0          
MULTI            RECT_CLOSED  0          0          0          0          

[LOSSES]
;;Link           Inlet      Outlet     Average    Flap Gate
;;-------------- ---------- ---------- ---------- ----------
200              0          0          0          NO
210              0          0          0          NO
220              0          0          0          NO
230              0          0          0          NO
240              0          0          0          NO
250              0          0          0          NO
260              0          0          0          NO
270              0          0          0          NO
280              0          0          0          NO
290              0          0          0          NO
300              0          0          0          NO
310              0          0          0          NO
320              0          0          0          NO
330              0          0          0          NO
350.1            0          0          0          NO
360              0          0          0          NO
362              0          0          0          NO
370              0          0          0          NO
380              0          0          0          NO
390              0          0          0          NO
400              0          0          0          NO
402              0          0          0          NO
410              0          0          0          NO
470              0          0          0          NO
480              0          0          0          NO
4802             0          0          0          NO
482              0          0          0          NO
484              0          0          0          NO
490              0          0          0          NO
4902             0          0          0          NO
500              0          0          0          NO
510              0          0          0          NO
512              0          0          0          NO
532              0          0          0          NO
802              0          0          0          NO
886              0          0          0          NO
882              0          0          0          NO
872              0          0          0          NO
850              0          0          0          NO
854              0          0          0          NO
858              0          0          0          NO
862              0          0          0          NO
866              0          0          0          NO
864              0          0          0          NO
846              0          0          0          NO
842              0          0          0          NO
830              0          0          0          NO
834              0          0          0          NO
838              0          0          0          NO
826              0          0          0          NO
822              0          0          0          NO
818              0          0          0          NO
814              0          0          0          NO
810              0          0          0          NO
808              0          0          0          NO
600              0          0          0          NO
620              0          0          0          NO
630              0          0          0          NO
640              0          0          0          NO
902              0          0          0          NO
906              0          0          0          NO
910              0          0          0          NO
914              0          0          0          NO
918              0          0          0          NO
922              0          0          0          NO
926              0          0          0          NO
930              0          0          0          NO
934              0          0          0          NO
938              0          0          0          NO
950              0          0          0          NO
954              0          0          0          NO
958              0          0          0          NO
960              0          0          0          NO
650              0          0          0          NO
660              0          0          0          NO
6602             0          0          0          NO
670              0          0          0          NO
964              0          0          0          NO
978              0          0          0          NO
968              0          0          0          NO
680              0          0          0          NO
986              0          0          0          NO
990              0          0          0          NO
994              0          0          0          NO
6802             0          0          0          NO
6804             0          0          0          NO
690              0          0          0          NO
730.1            0          0          0          NO
720              0          0          0          NO
710              0          0          0          NO
740              0          0          0          NO
996              0          0          0          NO
998              0          0          0          NO
760              0          0          0          NO

[COORDINATES]
;;Node           X-Coord            Y-Coord
;;-------------- ------------------ ------------------
205              -23756.16          -18792.31         
215              -23190.05          -18298.15         
225              -22734.45          -17881.76         
235              -22299.09          -17549.92         
245              -21689.46          -17237.94         
255              -21139.85          -17448.93         
265              -20859.89          -17029.44         
275              -20047.46          -16982.14         
285              -19494.47          -16796.04         
295              -18786.12          -16642.73         
305              -18061.24          -16190.83         
315              -17397.71          -15740.69         
325              -16816.76          -15251.61         
335              -16345.71          -14849.42         
345              -15998.24          -14579.62         
355              -15535.99          -14082.39         
365              -15059.35          -13462.55         
367              -14112.35          -13091.93         
375              -13596.89          -12633.65         
385              -12951.16          -11823.69         
395              -12204.80          -11043.02         
405              -11739.82          -10418.29         
407              -11154.70          -9704.59          
425              -10597.02          -9112.34          
465              -9946.01           -8689.66          
467              -9364.31           -8226.54          
475              -8800.21           -7670.91          
469              -6873.55           -13269.56         
471              -7580.60           -11202.03         
477              -8033.24           -7354.22          
485              -7046.04           -6236.94          
495              -5810.13           -5065.22          
505              -4649.06           -4075.34          
575              -3582.78           -3335.78          
813              -2644.16           -2981.65          
801              -8232.58           -1424.01          
809              -3170.73           -2083.13          
877              -572.41            -11013.60         
873              17.63              -4856.42          
865              1194.67            -3930.88          
867              3234.75            -7893.34          
845              2632.16            -2662.43          
849              4936.09            -3244.34          
853              4384.05            -687.42           
857              1344.62            550.84            
861              307.85             1925.92           
863              -69.68             -517.14           
841              1713.08            -2761.57          
825              -62.16             -2831.67          
829              -3843.38           -10732.79         
833              -3085.45           -6995.67          
837              -2008.46           -4989.07          
821              -957.52            -2848.53          
817              -1694.72           -2997.10          
811              -3609.47           -4959.70          
595              -3666.25           -1271.19          
601              -4021.18           -70.90            
605              -3958.66           1009.74           
625              -2884.41           1987.31           
635              -1289.05           2278.23           
645              93.16              2896.40           
903              -11427.76          6873.14           
905              -10697.39          6957.15           
907              -9818.41           6988.04           
915              -8953.23           6963.83           
917              -7765.26           6818.05           
925              -6261.22           6682.25           
927              -4823.91           6584.02           
935              -4227.64           6364.26           
937              -3295.70           6012.64           
945              -2447.46           5935.15           
955              -1876.25           7122.34           
965              -1097.46           5196.60           
967              -565.41            4668.10           
975              250.05             3936.75           
655              873.03             3256.24           
657              2175.32            3320.04           
665              3405.87            3202.03           
675              2371.24            4134.46           
985              5298.83            4583.57           
987              4383.78            3157.26           
995              5275.76            1599.58           
677              2330.31            5297.32           
1003             6134.44            7810.41           
1015             4763.64            7841.96           
1017             3846.86            7003.31           
679              2369.43            6636.70           
685              718.52             8202.69           
695              -387.78            8171.68           
735              -1008.61           8286.52           
725              -1848.43           8310.94           
705              -1077.95           9097.17           
765              -1297.22           9794.13           
745              925.24             11982.66          
755              218.28             10640.59          
775              -1340.45           11771.76          
859              2030.73            1691.71           

[MAP]
DIMENSIONS -23756.16 -18792.31 6134.44 11982.66
Units      None

[REPORT]
INPUT            YES
SUBCATCHMENTS    ALL
NODES            ALL
LINKS            ALL



