;; SWMM5 .inp converted from XPSWMM .xp file
;; Generated by XPSWMM Card Reader
;; Source format: XP_CARD | Original title: West Shunga Basin, Topeka, Kansas

[TITLE]
;;Project Title/Notes
West Shunga Basin, Topeka, Kansas

[OPTIONS]
FLOW_UNITS           CFS
INFILTRATION         HORTON
FLOW_ROUTING         DYNWAVE
LINK_OFFSETS         DEPTH
MIN_SLOPE            0.0
ALLOW_PONDING        NO
SKIP_STEADY_STATE    NO
ROUTING_STEP         00:00:15
VARIABLE_STEP        0.75
INERTIAL_DAMPING     PARTIAL
NORMAL_FLOW_LIMITED  BOTH
MAX_TRIALS           50
HEAD_TOLERANCE       0.

[JUNCTIONS]
;;Name           Elev       MaxDepth   InitDepth  SurDepth   Aponded
;;-------------- ---------- ---------- ---------- ---------- ----------
34410070         1003.36    0          0          0          0
34410072         997.92     0          0          0          0
34410073         991.17     0          0          0          0
34410074         989.86     0          0          0          0
34410075         988.69     0          0          0          0
34410076         987.15     0          0          0          0
34410084         979.22     0          0          0          0
34410085         979.14     0          0          0          0
34410090         973.37     0          0          0          0
34410095         973.16     0          0          0          0
34410098         968.06     0          0          0          0
34410101         967.67     0          0          0          0
34410104         963.69     0          0          0          0
34410106         963.68     0          0          0          0
34520059         963.16     0          0          0          0
34520057         966.22     0          0          0          0
34520054         973.08     0          0          0          0
34520052         977.90     0          0          0          0
34520048         981.20     0          0          0          0
34520046         988.11     0          0          0          0
34410107         960.52     0          0          0          0
34410109         960.42     0          0          0          0
34410114         955.40     0          0          0          0
34440056         954.47     0          0          0          0
34440067         951.14     0          0          0          0
34440066         949.40     0          0          0          0
34440065         948.44     0          0          0          0
34440064         947.78     0          0          0          0
34440063         946.96     0          0          0          0
34530257         953.89     0          0          0          0
34530256         950.77     0          0          0          0
34530255         946.16     0          0          0          0
34530254         945.90     0          0          0          0
34520068         959.50     0          0          0          0
34520071         955.51     0          0          0          0
34530114         952.43     0          0          0          0
34530113         952.31     0          0          0          0
34530110         946.53     0          0          0          0
34530109         938.77     0          0          0          0
34530108         939.54     0          0          0          0
34530107         939.15     0          0          0          0
34530125         929.81     0          0          0          0
34530250         941.37     0          0          0          0
34530251         939.78     0          0          0          0
34530252         939.80     0          0          0          0
34530253         942.44     0          0          0          0
34530032         942.94     0          0          0          0
34530202         951.95     0          0          0          0
34530126         926.50     0          0          0          0
34530010         940.62     0          0          0          0
34530005         944.53     0          0          0          0
34530002         946.89     0          0          0          0
34530082         937.21     0          0          0          0
34530081         936.87     0          0          0          0
34530079         935.89     0          0          0          0
34530078         936.04     0          0          0          0
34530077         935.85     0          0          0          0
34530037         931.47     0          0          0          0
34530030         927.51     0          0          0          0
34530200         952.95     0          0          0          0
34530201         950.38     0          0          0          0
34520073         951.11     0          0          0          0
34520006         951.05     0          0          0          0
34520004         952.42     0          0          0          0
34520030         958.52     0          0          0          0
34520029         956.75     0          0          0          0
34520026         956.68     0          0          0          0
34520101         961.09     0          0          0          0
34520003         956.24     0          0          0          0
34520002         954.47     0          0          0          0
34520102         971.21     0          0          0          0
34510112         960.28     0          0          0          0
34510052         960.57     0          0          0          0
34510114         960.78     0          0          0          0
34510115         959.82     0          0          0          0
34510061         952.72     0          0          0          0
34510064         956.02     0          0          0          0
34510071         945.00     0          0          0          0
34510106         927.90     0          0          0          0
34510500         927.06     0          0          0          0
34510501         932.23     0          0          0          0
34510105         929.79     0          0          0          0
35540001         968.91     0          0          0          0
35540016         965.74     0          0          0          0
35540015         966.69     0          0          0          0
35540023         973.89     0          0          0          0
35540025         974.04     0          0          0          0
35540031         977.76     0          0          0          0
35540034         978.36     0          0          0          0
35540041         978.71     0          0          0          0
35540035         981.69     0          0          0          0
35540039         982.35     0          0          0          0
35540046         981.49     0          0          0          0
35530001         991.22     0          0          0          0
35530002         992.58     0          0          0          0
35530003         995.72     0          0          0          0
35530004         996.74     0          0          0          0
35530005         999.13     0          0          0          0
35530006         1004.28    0          0          0          0
35530007         1009.01    0          0          0          0
35530008         1015.04    0          0          0          0
35530009         1014.30    0          0          0          0
35530010         1016.44    0          0          0          0
35530012         1021.66    0          0          0          0
35530014         1021.07    0          0          0          0
35530011         1021.01    0          0          0          0
35530013         1021.14    0          0          0          0
34430033         987.61     0          0          0          0
34940049         988.03     0          0          0          0
34940102         988.92     0          0          0          0
34940048         988.27     0          0          0          0
34940047         991.03     0          0          0          0
34940103         992.17     0          0          0          0
34940046         994.26     0          0          0          0
34940104         995.73     0          0          0          0
34940105         998.46     0          0          0          0
34430038         987.43     0          0          0          0
34430040         980.38     0          0          0          0
34430088         980.56     0          0          0          0
34430089         977.85     0          0          0          0
34430043         973.17     0          0          0          0
34430046         973.17     0          0          0          0
34430059         967.46     0          0          0          0
34430061         965.64     0          0          0          0
35520010         964.81     0          0          0          0
34430058         969.44     0          0          0          0
34430053         969.93     0          0          0          0
34430022         983.83     0          0          0          0
34430023         981.80     0          0          0          0
34430016         983.00     0          0          0          0
34430015         984.70     0          0          0          0
34430017         989.90     0          0          0          0
34430013         986.89     0          0          0          0
34430009         989.72     0          0          0          0
34430008         991.30     0          0          0          0
34430007         989.70     0          0          0          0
34940028         995.48     0          0          0          0
34940033         991.94     0          0          0          0
34940034         988.16     0          0          0          0
34940036         982.88     0          0          0          0
34940037         982.91     0          0          0          0
34940075         983.27     0          0          0          0
34940038         981.41     0          0          0          0
34940040         980.38     0          0          0          0
34940041         980.41     0          0          0          0
34940085         980.85     0          0          0          0
34940084         976.16     0          0          0          0
34940100         972.15     0          0          0          0
34940101         970.94     0          0          0          0
34940064         988.04     0          0          0          0
34940065         991.61     0          0          0          0
34830029         1041.22    0          0          0          0
34830025         1036.54    0          0          0          0
34830024         1021.24    0          0          0          0
34830023         1022.60    0          0          0          0
34830021         1028.62    0          0          0          0
34830020         1030.47    0          0          0          0
34830017         1032.58    0          0          0          0
34830015         1037.70    0          0          0          0
34830014         1037.65    0          0          0          0
34830013         1039.27    0          0          0          0
34830016         1038.38    0          0          0          0
34830011         1039.40    0          0          0          0
34830010         1039.73    0          0          0          0
34830009         1044.43    0          0          0          0
34830008         1048.67    0          0          0          0
34830007         1048.60    0          0          0          0
34830034         1045.82    0          0          0          0
34830033         1043.48    0          0          0          0
34830032         1041.80    0          0          0          0
34830031         1039.63    0          0          0          0
34830030         1037.71    0          0          0          0
34830026         1034.81    0          0          0          0
0631             962.22     0          0          0          0
0718             980.00     0          0          0          0
0819             988.19     0          0          0          0
0813             985.67     0          0          0          0
0804             980.16     0          0          0          0
0798             977.59     0          0          0          0
0679             973.41     0          0          0          0
0315             967.43     0          0          0          0
0327             963.34     0          0          0          0
0305             930.25     0          0          0          0
0289             972.44     0          0          0          0
0298             951.44     0          0          0          0
35540013         966.00     0          0          0          0
0761             970.66     0          0          0          0
34530034         939.70     0          0          0          0
34530111         952.06     0          0          0          0
34530115         955.71     0          0          0          0
34530031         942.68     0          0          0          0
34530033         942.33     0          0          0          0

[CONDUITS]
;;Name           From             To               Length     Roughness  InOffset   OutOffset  InitFlow   MaxFlow
;;-------------- ---------------- ---------------- ---------- ---------- ---------- ---------- ---------- ----------
34411070         34410070         34410072         316.00     0.0270     992.26     987.02     0          0
34411072         34410072         34410073         253.00     0.0270     986.92     983.42     0          0
34411073         34410073         34410075         348.00     0.0270     983.41     977.89     0          0
34411074         34410074         34410076         114.00     0.0270     980.86     978.15     0          0
34411075         34410075         34520046         62.00      0.0270     977.79     976.96     0          0
34411076         34410076         34410084         263.00     0.0270     978.05     970.57     0          0
34411084         34410084         34410085         38.00      0.0270     969.97     969.14     0          0
34411085         34410085         34410090         284.00     0.0270     968.24     964.97     0          0
34411090         34410090         34410095         33.00      0.0270     964.70     964.21     0          0
34411095         34410095         34410098         266.00     0.0270     963.96     958.41     0          0
34411098         34410098         34410101         36.00      0.0270     958.26     958.26     0          0
34411101         34410101         34410104         265.00     0.0270     958.32     954.26     0          0
34411104         34410104         34410106         36.00      0.0270     954.14     953.58     0          0
34411106         34410106         34410107         278.00     0.0270     953.38     951.17     0          0
34521059         34520059         34520068         307.00     0.0270     954.60     950.63     0          0
34521057         34520057         34520059         229.00     0.0270     957.46     954.61     0          0
34521054         34520054         34520057         365.00     0.0270     964.40     957.86     0          0
34521052         34520052         34520054         266.00     0.0270     969.04     964.41     0          0
34521048         34520048         34520052         138.00     0.0270     971.26     969.02     0          0
34521046         34520046         34520048         283.00     0.0270     976.96     971.40     0          0
34411107         34410107         34410109         32.00      0.0270     950.77     950.77     0          0
34411109         34410109         34410114         249.00     0.0270     950.67     946.15     0          0
34411114         34410114         34530257         654.00     0.0270     946.10     943.49     0          0
34441056         34440056         34440067         372.00     0.0270     948.85     946.99     0          0
34441067         34440067         34440066         106.00     0.0270     944.74     943.60     0          0
34441066         34440066         34440065         63.00      0.0270     943.60     943.39     0          0
34441065         34440065         34440064         31.00      0.0270     943.01     941.93     0          0
34441064         34440064         34440063         51.00      0.0270     941.83     940.66     0          0
34531257         34530257         34530256         196.00     0.0270     943.44     942.57     0          0
34531256         34530256         34530255         132.00     0.0270     942.55     936.26     0          0
34531255         34530255         34530254         32.00      0.0270     936.36     935.60     0          0
34531254         34530254         34530253         154.00     0.0270     935.50     933.77     0          0
34521068         34520068         34520071         254.00     0.0270     950.30     946.53     0          0
34531114         34530114         34530113         39.00      0.0270     948.90     948.20     0          0
34531113         34530113         34530200         144.00     0.0270     941.41     940.05     0          0
34531110         34530110         34530109         272.00     0.0150     936.43     932.07     0          0
34531109         34530109         34530108         210.00     0.0150     931.97     925.69     0          0
34531108         34530108         34530107         222.00     0.0270     925.84     922.95     0          0
34531107         34530107         34530125         79.00      0.0270     922.80     921.78     0          0
34531250         34530250         34530108         138.00     0.0270     930.52     928.69     0          0
34531251         34530251         34530250         75.00      0.0270     930.92     930.82     0          0
34531252         34530252         34530251         35.00      0.0270     931.25     930.95     0          0
34531253         34530253         34530252         142.00     0.0270     933.79     931.30     0          0
34531010         34530010         34530126         58.00      0.0150     923.73     921.70     0          0
34531005         34530005         34530010         542.00     0.0150     937.13     926.27     0          0
34531002         34530002         34530005         238.00     0.0150     941.53     937.43     0          0
34531082         34530082         34530081         61.00      0.0270     930.42     930.14     0          0
34531081         34530081         34530079         132.00     0.0270     930.07     929.32     0          0
34531079         34530079         34530078         44.00      0.0270     929.22     928.84     0          0
34531078         34530078         34530077         30.00      0.0270     928.74     927.95     0          0
34531077         34530077         34530037         361.00     0.0270     927.75     923.77     0          0
34531037         34530037         34530030         357.00     0.0270     922.47     919.43     0          0
34531200         34530200         34530201         87.00      0.0270     941.10     940.23     0          0
34531201         34530201         34530202         216.00     0.0270     939.83     936.95     0          0
34521006         34520006         34520073         11.00      0.0270     946.80     946.40     0          0
34521004         34520004         34520073         54.00      0.0270     946.34     946.29     0          0
34521030         34520030         34520003         126.00     0.0270     948.97     948.29     0          0
34521026         34520026         34520029         35.00      0.0150     950.13     949.65     0          0
34521101         34520101         34520026         424.00     0.0150     953.42     950.41     0          0
34521102         34520102         34520101         546.00     0.0150     962.21     953.42     0          0
34511112         34510112         34510052         86.00      0.0150     953.31     952.26     0          0
34511052         34510052         34510061         546.00     0.0270     951.58     945.87     0          0
34511114         34510114         34510052         162.00     0.0150     951.90     951.72     0          0
34511115         34510115         34510114         109.00     0.0150     952.52     952.25     0          0
34511061         34510061         34510064         139.00     0.0270     945.72     944.66     0          0
34511064         34510064         34510071         876.00     0.0270     944.45     936.31     0          0
34511071         ?                ?                1311.00    0.0270     936.31     923.94     0          0
34511105         34510105         34510106         156.00     0.0270     923.37     921.87     0          0
35541023         35540023         35540015         299.00     0          967.51     960.31     0          0
35541025         35540025         35540023         85.00      0.0150     968.24     967.51     0          0
35541031         35540031         35540025         248.00     0          972.26     968.24     0          0
35541034         35540034         35540031         73.00      0.0150     972.46     972.26     0          0
35541041         35540041         35540035         91.00      0.0150     974.21     973.69     0          0
35541035         35540035         35540034         140.00     0          973.69     972.46     0          0
35541039         35540039         35540035         89.00      0          974.35     973.69     0          0
35541046         35540046         35540039         81.00      0.0150     974.79     974.35     0          0
35531001         35530001         35540046         243.00     0          984.52     974.79     0          0
35531002         35530002         35530001         76.00      0.0150     984.74     984.52     0          0
35531003         35530003         35530002         165.00     0          987.88     984.74     0          0
35531006         35530006         35530005         363.00     0.0150     996.88     990.88     0          0
35531007         35530007         35530006         207.00     0.0150     1001.77    997.01     0          0
35531008         35530008         35530007         250.00     0.0150     1005.75    1001.99    0          0
35531009         35530009         35530008         76.00      0.0150     1006.53    1005.77    0          0
35531010         35530010         35530009         184.00     0.0150     1008.28    1006.56    0          0
35531012         35530012         35530011         77.00      0.0150     1013.71    1012.84    0          0
35531014         35530014         35530012         93.00      0.0150     1015.19    1013.81    0          0
35531011         35530011         35530010         130.00     0.0150     1009.52    1008.39    0          0
35531013         35530013         35530012         88.00      0.0150     1015.28    1013.96    0          0
34431033         34430033         34430088         295.00     0.0150     979.01     975.69     0          0
34941049         34940049         34430033         133.00     0.0150     983.03     981.91     0          0
34941102         34940102         34940049         5.00       0.0150     983.12     983.03     0          0
34941048         34940048         34940049         160.00     0.0150     983.72     983.33     0          0
34941047         34940047         34940048         98.00      0.0150     985.63     983.72     0          0
34941103         34940103         34940047         67.00      0.0150     986.77     985.83     0          0
34941046         34940046         34940103         113.00     0.0150     988.21     986.77     0          0
34941104         34940104         34940046         53.00      0.0150     988.88     988.56     0          0
34431038         34430038         34430040         252.00     0.0150     982.48     975.43     0          0
34431040         34430040         34430046         249.00     0.0150     975.43     969.12     0          0
34431061         34430061         35520010         103.00     0.0150     958.00     957.31     0          0
34431058         34430058         34430061         144.00     0.0150     961.80     958.00     0          0
34431053         34430053         34430058         75.00      0.0270     962.93     961.80     0          0
34431017         34430017         34430016         161.00     0.0270     984.60     979.67     0          0
34431013         34430013         34430015         170.00     0.0150     980.79     979.34     0          0
34431009         34430009         34430013         147.00     0.0150     983.47     980.79     0          0
34431008         34430008         34430009         152.00     0.0150     985.40     983.57     0          0
34431007         34430007         34430008         39.00      0.0150     986.70     985.40     0          0
34941028         34940028         34940033         188.00     0.0270     987.68     985.94     0          0
34941033         34940033         34940034         202.00     0.0270     985.94     982.81     0          0
34941034         34940034         34940036         248.00     0.0270     982.76     977.43     0          0
34941036         34940036         34940038         273.00     0.0270     976.13     974.81     0          0
34941037         34940037         34940036         38.00      0.0270     977.75     977.23     0          0
34941075         34940075         34940037         24.00      0.0270     978.27     977.81     0          0
34941038         34940038         34940040         211.00     0.0270     974.66     973.28     0          0
34941040         34940040         34940084         298.00     0.0270     972.38     969.42     0          0
34941041         34940041         34940040         38.00      0.0270     974.56     974.08     0          0
34941085         34940085         34940041         25.00      0.0270     975.20     974.96     0          0
34941100         34940100         34940101         61.00      0.0150     963.25     962.04     0          0
34831029         34830029         34830025         239.00     0.0270     1035.22    1029.04    0          0
34831025         34830025         34830024         372.00     0.0150     1021.34    1017.24    0          0
34831021         34830021         34830023         131.00     0.0270     1019.12    1018.60    0          0
34831020         34830020         34830021         295.00     0.0150     1022.47    1021.17    0          0
34831017         34830017         34830020         176.00     0.0270     1024.73    1023.27    0          0
34831015         34830015         34830017         268.00     0.0270     1026.70    1024.78    0          0
34831014         34830014         34830015         30.00      0.0270     1032.45    1031.85    0          0
34831013         34830013         34830014         69.00      0.0270     1033.22    1032.60    0          0
34831016         34830016         34830015         45.00      0.0270     1031.08    1028.00    0          0
34831011         34830011         34830016         84.00      0.0270     1033.10    1031.48    0          0
34831010         34830010         34830011         27.00      0.0270     1033.98    1033.20    0          0
34831009         34830009         34830010         272.00     0.0270     1039.51    1036.23    0          0
34831008         34830008         34830009         189.00     0.0270     1042.37    1039.51    0          0
34831007         34830007         34830008         30.00      0.0270     1042.57    1042.47    0          0
34831034         34830034         34830033         165.00     0.0270     1038.02    1036.78    0          0
34831033         34830033         34830032         91.00      0.0270     1036.03    1035.05    0          0
34831032         34830032         34830031         174.00     0.0270     1034.95    1033.13    0          0
34831031         34830031         34830030         160.00     0.0270     1031.81    1030.21    0          0
34831030         34830030         34830026         382.00     0.0150     1030.06    1028.21    0          0
34831026         34830026         34830025         187.00     0.0150     1027.61    1026.19    0          0
34521029         34520029         34520002         255.00     0.0270     949.22     947.73     0          0
34941105         34940105         34940104         192.00     0.0150     990.76     988.90     0          0
34431089         34430089         34430043         295.00     0.0150     974.15     972.17     0          0
34431059         34430059         34430061         346.00     0.0150     962.79     958.00     0          0
35521010         35520010         0631             139.00     0          957.31     954.72     0          0
34431022         34430022         0718             280.00     0.0150     976.41     970.60     0          0
34431023         34430023         34430022         55.00      0.0150     976.44     976.41     0          0
34431016         34430016         34430015         20.00      0.0270     979.67     979.34     0          0
34431015         34430015         34430023         265.00     0.0150     979.34     976.44     0          0
34941064         34940064         34940065         94.00      0.0150     982.64     981.81     0          0
34941065         34940065         0819             377.00     0          981.81     978.16     0          0
34941819         0819             0813             264.00     0          978.16     975.64     0          0
34941813         0813             0804             399.00     0          975.64     971.90     0          0
34941804         0804             0798             360.00     0          971.90     970.54     0          0
34941084         34940084         34940100         404.00     0          969.42     963.25     0          0
34431718         0718             0679             239.00     0.0150     970.60     967.14     0          0
34431679         0679             34430053         387.00     0.0150     967.14     962.93     0          0
35541001         35540001         0315             28.00      0          948.35     946.87     0          0
35541315         0315             0327             100.00     0          946.87     945.89     0          0
35531004         35530004         35530003         93.00      0.0150     989.74     987.88     0          0
35531005         35530005         35530004         88.00      0.0150     990.75     989.76     0          0
34511500         34510500         34510501         60.00      0.0150     920.64     919.23     0          0
34511501         34510501         0305             93.00      0          919.23     917.25     0          0
34521289         0289             34520102         34.00      0          963.44     962.21     0          0
34521073         34520073         0298             63.00      0          943.81     943.14     0          0
34441063         34440063         34530254         53.00      0.0270     940.61     939.35     0          0
34539254         34530254         34530110         99.00      0.0270     937.85     936.63     0          0
34531202         34530202         34530032         159.00     0.0270     936.85     933.44     0          0
34529004         34520004         34520006         44.00      0.0270     947.52     946.80     0          0
34521002         34520002         34520073         250.00     0.0270     946.34     943.81     0          0
34521003         34520003         34520004         227.00     0.0270     948.24     946.57     0          0
34529026         34520026         34520030         129.00     0.0270     950.03     949.12     0          0
35541016         35540016         35540013         124.00     0.0150     958.18     958.00     0          0
35541013         35540013         35540001         290.00     0.0150     958.00     948.35     0          0
35541015         35540015         35540013         75.00      0.0150     960.31     958.00     0          0
34431046         34430046         34430059         278.00     0.0150     969.02     962.79     0          0
34431043         34430043         34430046         30.00      0.0150     969.24     969.02     0          0
34941101         34940101         0761             26.00      0          962.04     962.04     0          0
34531032         34530032         34530034         293.00     0.0270     933.09     929.83     0          0
34531034         34530034         34530037         642.99     0.0270     929.83     922.67     0          0
34521071         34520071         34530111         284.00     0.0270     946.46     942.10     0          0
34531111         34530111         34530113         20.00      0.0270     941.70     941.51     0          0
34531115         34530115         34520071         19.00      0.0270     952.09     948.69     0          0
34511106         34510106         34510500         130.00     0.0270     921.37     920.64     0          0
34941798         0798             34940084         288.00     0          970.54     969.42     0          0
34531031         34530031         34530033         33.00      0.0270     937.90     937.62     0          0
34531033         34530033         34530032         14.00      0.0270     937.58     935.39     0          0
34431088         34430088         34430089         187.00     0.0270     975.69     974.15     0          0
LINK             34830023         34830024         33.00      0          1018.60    1017.24    0          0
LINK             34830024         0761             33.00      0          0          0          0          0
LINK             0761             0631             33.00      0          0          0          0          0
LINK             0631             34530125         33.00      0          0          0          0          0
LINK             34530125         34530126         33.00      0          0          0          0          0
LINK             34530126         34530030         33.00      0          0          0          0          0
LINK             0298             0305             33.00      0          0          0          0          0
651              ?                ?                33.00      0          0          0          0          0
657              ?                ?                33.00      0          0          0          0          0

[XSECTIONS]
;;Link           Shape        Geom1      Geom2      Geom3      Geom4      Barrels
;;-------------- ------------ ---------- ---------- ---------- ---------- ----------
34411070         CIRCULAR     2.50       0          0          0          1
34411072         CIRCULAR     2.50       0          0          0          1
34411073         CIRCULAR     2.50       0          0          0          1
34411074         CIRCULAR     3.50       0          0          0          1
34411075         CIRCULAR     3.00       0          0          0          1
34411076         CIRCULAR     3.50       0          0          0          1
34411084         CIRCULAR     4.00       0          0          0          1
34411085         CIRCULAR     5.00       0          0          0          1
34411090         CIRCULAR     5.00       0          0          0          1
34411095         CIRCULAR     5.00       0          0          0          1
34411098         CIRCULAR     5.00       0          0          0          1
34411101         CIRCULAR     5.50       0          0          0          1
34411104         CIRCULAR     5.50       0          0          0          1
34411106         CIRCULAR     6.00       0          0          0          1
34521059         CIRCULAR     4.00       0          0          0          1
34521057         CIRCULAR     4.00       0          0          0          1
34521054         CIRCULAR     3.50       0          0          0          1
34521052         CIRCULAR     3.50       0          0          0          1
34521048         CIRCULAR     3.00       0          0          0          1
34521046         CIRCULAR     3.00       0          0          0          1
34411107         CIRCULAR     6.00       0          0          0          1
34411109         CIRCULAR     6.00       0          0          0          1
34411114         CIRCULAR     6.50       0          0          0          1
34441056         CIRCULAR     2.50       0          0          0          1
34441067         CIRCULAR     2.50       0          0          0          1
34441066         CIRCULAR     3.00       0          0          0          1
34441065         CIRCULAR     3.50       0          0          0          1
34441064         CIRCULAR     4.00       0          0          0          1
34531257         CIRCULAR     6.50       0          0          0          1
34531256         CIRCULAR     6.50       0          0          0          1
34531255         CIRCULAR     6.50       0          0          0          1
34531254         CIRCULAR     6.50       0          0          0          1
34521068         CIRCULAR     4.50       0          0          0          1
34531114         CIRCULAR     1.50       0          0          0          1
34531113         CIRCULAR     5.00       0          0          0          1
34531110         CIRCULAR     3.00       0          0          0          1
34531109         CIRCULAR     3.50       0          0          0          1
34531108         CIRCULAR     6.50       0          0          0          1
34531107         CIRCULAR     6.50       0          0          0          1
34531250         CIRCULAR     6.50       0          0          0          1
34531251         CIRCULAR     6.50       0          0          0          1
34531252         CIRCULAR     6.50       0          0          0          1
34531253         CIRCULAR     6.50       0          0          0          1
34531010         CIRCULAR     3.50       0          0          0          1
34531005         CIRCULAR     3.50       0          0          0          1
34531002         HORSESHOE    2.50       4.25       0          0          1
34531082         CIRCULAR     2.50       0          0          0          1
34531081         CIRCULAR     2.50       0          0          0          1
34531079         CIRCULAR     2.50       0          0          0          1
34531078         CIRCULAR     2.50       0          0          0          1
34531077         CIRCULAR     2.50       0          0          0          1
34531037         CIRCULAR     6.00       0          0          0          1
34531200         CIRCULAR     5.00       0          0          0          1
34531201         CIRCULAR     5.00       0          0          0          1
34521006         HORSESHOE    2.25       3.50       0          0          1
34521004         HORSESHOE    3.00       5.00       0          0          1
34521030         CIRCULAR     4.50       5.00       0          0          1
34521026         HORSESHOE    3.58       5.58       0          0          1
34521101         RECT_CLOSED  4.00       8.00       0          0          1
34521102         RECT_CLOSED  4.00       6.00       0          0          1
34511112         CIRCULAR     2.50       0          0          0          1
34511052         CIRCULAR     3.50       0          0          0          1
34511114         CIRCULAR     3.50       0          0          0          1
34511115         CIRCULAR     3.50       0          0          0          1
34511061         CIRCULAR     3.50       0          0          0          1
34511064         CIRCULAR     3.50       0          0          0          1
34511071         CIRCULAR     4.00       0          0          0          1
34511105         CIRCULAR     4.00       0          0          0          1
35541023         IRREGULAR    0          0          0          0          1
35541025         RECT_CLOSED  4.00       10.00      0          0          1
35541031         IRREGULAR    0          0          0          0          1
35541034         RECT_CLOSED  4.00       10.00      0          0          1
35541041         RECT_CLOSED  3.00       9.00       0          0          1
35541035         IRREGULAR    0          0          0          0          1
35541039         IRREGULAR    0          0          0          0          1
35541046         RECT_CLOSED  3.00       8.00       0          0          1
35531001         IRREGULAR    0          0          0          0          1
35531002         RECT_CLOSED  3.00       8.00       0          0          1
35531003         IRREGULAR    0          0          0          0          1
35531006         CIRCULAR     4.00       0          0          0          1
35531007         CIRCULAR     4.00       0          0          0          1
35531008         CIRCULAR     4.00       0          0          0          1
35531009         CIRCULAR     4.00       0          0          0          1
35531010         CIRCULAR     4.00       0          0          0          1
35531012         CIRCULAR     4.00       0          0          0          1
35531014         CIRCULAR     3.00       0          0          0          1
35531011         CIRCULAR     4.00       0          0          0          1
35531013         CIRCULAR     4.00       0          0          0          1
34431033         CIRCULAR     4.00       0          0          0          1
34941049         RECT_CLOSED  3.00       5.00       0          0          1
34941102         HORSESHOE    2.83       4.33       0          0          1
34941048         HORSESHOE    2.42       3.75       0          0          1
34941047         HORSESHOE    2.42       3.75       0          0          1
34941103         CIRCULAR     2.50       0          0          0          1
34941046         CIRCULAR     2.50       0          0          0          1
34941104         CIRCULAR     2.25       0          0          0          1
34431038         CIRCULAR     2.50       0          0          0          1
34431040         CIRCULAR     2.50       0          0          0          1
34431061         RECT_CLOSED  5.00       10.00      0          0          1
34431058         IRREGULAR    0          0          0          0          1
34431053         HORSESHOE    6.00       8.83       0          0          1
34431017         CIRCULAR     2.50       0          0          0          1
34431013         CIRCULAR     3.00       0          0          0          1
34431009         CIRCULAR     3.00       0          0          0          1
34431008         CIRCULAR     3.00       0          0          0          1
34431007         CIRCULAR     3.00       0          0          0          1
34941028         CIRCULAR     3.00       0          0          0          1
34941033         CIRCULAR     3.00       0          0          0          1
34941034         CIRCULAR     3.00       0          0          0          1
34941036         CIRCULAR     4.00       0          0          0          1
34941037         CIRCULAR     3.00       0          0          0          1
34941075         CIRCULAR     3.00       0          0          0          1
34941038         CIRCULAR     4.00       0          0          0          1
34941040         CIRCULAR     5.50       0          0          0          1
34941041         CIRCULAR     3.50       0          0          0          1
34941085         CIRCULAR     3.00       0          0          0          1
34941100         RECT_CLOSED  7.00       7.00       0          0          1
34831029         CIRCULAR     2.50       0          0          0          1
34831025         CIRCULAR     4.00       0          0          0          1
34831021         CIRCULAR     4.00       0          0          0          1
34831020         CIRCULAR     4.00       0          0          0          1
34831017         CIRCULAR     4.00       0          0          0          1
34831015         CIRCULAR     4.00       0          0          0          1
34831014         CIRCULAR     2.50       0          0          0          1
34831013         CIRCULAR     2.50       0          0          0          1
34831016         CIRCULAR     3.50       0          0          0          1
34831011         CIRCULAR     3.00       0          0          0          1
34831010         CIRCULAR     3.00       0          0          0          1
34831009         CIRCULAR     2.50       0          0          0          1
34831008         CIRCULAR     2.50       0          0          0          1
34831007         CIRCULAR     2.50       0          0          0          1
34831034         CIRCULAR     3.50       0          0          0          1
34831033         CIRCULAR     3.50       0          0          0          1
34831032         CIRCULAR     3.50       0          0          0          1
34831031         CIRCULAR     3.50       0          0          0          1
34831030         CIRCULAR     3.50       0          0          0          1
34831026         CIRCULAR     4.00       0          0          0          1
34521029         CIRCULAR     4.50       0          0          0          1
34941105         CIRCULAR     2.25       0          0          0          1
34431089         TRAPEZOIDAL  1.00       9.00       0          0          1
34431059         RECT_CLOSED  4.00       5.00       0          0          1
35521010         IRREGULAR    0          0          0          0          1
34431022         IRREGULAR    0          0          0          0          1
34431023         IRREGULAR    0          0          0          0          1
34431016         CIRCULAR     2.50       0          0          0          1
34431015         IRREGULAR    0          0          0          0          1
34941064         RECT_CLOSED  4.00       8.00       0          0          2
34941065         IRREGULAR    0          0          0          0          1
34941819         IRREGULAR    0          0          0          0          1
34941813         IRREGULAR    0          0          0          0          1
34941804         IRREGULAR    0          0          0          0          1
34941084         IRREGULAR    0          0          0          0          1
34431718         IRREGULAR    0          0          0          0          1
34431679         IRREGULAR    0          0          0          0          1
35541001         IRREGULAR    0          0          0          0          1
35541315         IRREGULAR    0          0          0          0          1
35531004         CIRCULAR     4.00       0          0          0          1
35531005         CIRCULAR     4.00       0          0          0          1
34511500         RECT_CLOSED  5.00       5.00       0          0          2
34511501         IRREGULAR    0          0          0          0          1
34521289         IRREGULAR    0          0          0          0          1
34521073         IRREGULAR    0          0          0          0          1
34441063         CIRCULAR     4.00       0          0          0          1
34539254         CIRCULAR     3.00       0          0          0          1
34531202         CIRCULAR     5.00       0          0          0          1
34529004         HORSESHOE    2.25       3.50       0          0          1
34521002         CIRCULAR     4.50       0          0          0          1
34521003         CIRCULAR     4.50       0          0          0          1
34529026         CIRCULAR     4.50       0          0          0          1
35541016         RECT_CLOSED  6.00       10.00      0          0          1
35541013         RECT_CLOSED  6.00       10.00      0          0          1
35541015         RECT_CLOSED  4.00       10.00      0          0          1
34431046         RECT_CLOSED  4.00       5.00       0          0          1
34431043         RECT_CLOSED  3.10       7.00       0          0          1
34941101         IRREGULAR    0          0          0          0          1
34531032         CIRCULAR     5.00       0          0          0          1
34531034         CIRCULAR     5.50       0          0          0          1
34521071         CIRCULAR     4.50       0          0          0          1
34531111         CIRCULAR     5.00       0          0          0          1
34531115         CIRCULAR     1.25       0          0          0          1
34511106         CIRCULAR     4.50       0          0          0          1
34941798         IRREGULAR    0          0          0          0          1
34531031         CIRCULAR     1.25       0          0          0          1
34531033         CIRCULAR     1.25       0          0          0          1
34431088         CIRCULAR     3.00       0          0          0          3
LINK             CIRCULAR     0          0          0          0          1
LINK             CIRCULAR     0          0          0          0          1
LINK             CIRCULAR     0          0          0          0          1
LINK             CIRCULAR     0          0          0          0          1
LINK             CIRCULAR     0          0          0          0          1
LINK             CIRCULAR     0          0          0          0          1
LINK             CIRCULAR     0          0          0          0          1
651              CIRCULAR     0          0          0          0          1
657              CIRCULAR     0          0          0          0          1

[LOSSES]
;;Link           Inlet      Outlet     Average    Flap Gate
;;-------------- ---------- ---------- ---------- ----------
34411070         0          0          0          NO
34411072         0          0          0          NO
34411073         0          0          0          NO
34411074         0          0          0          NO
34411075         0          0          0          NO
34411076         0          0          0          NO
34411084         0          0          0          NO
34411085         0          0          0          NO
34411090         0          0          0          NO
34411095         0          0          0          NO
34411098         0          0          0          NO
34411101         0          0          0          NO
34411104         0          0          0          NO
34411106         0          0          0          NO
34521059         0          0          0          NO
34521057         0          0          0          NO
34521054         0          0          0          NO
34521052         0          0          0          NO
34521048         0          0          0          NO
34521046         0          0          0          NO
34411107         0          0          0          NO
34411109         0          0          0          NO
34411114         0          0          0          NO
34441056         0          0          0          NO
34441067         0          0          0          NO
34441066         0          0          0          NO
34441065         0          0          0          NO
34441064         0          0          0          NO
34531257         0          0          0          NO
34531256         0          0          0          NO
34531255         0          0          0          NO
34531254         0          0          0          NO
34521068         0          0          0          NO
34531114         0          0          0          NO
34531113         0          0          0          NO
34531110         0          0          0          NO
34531109         0          0          0          NO
34531108         0          0          0          NO
34531107         0          0          0          NO
34531250         0          0          0          NO
34531251         0          0          0          NO
34531252         0          0          0          NO
34531253         0          0          0          NO
34531010         0          0          0          NO
34531005         0          0          0          NO
34531002         0          0          0          NO
34531082         0          0          0          NO
34531081         0          0          0          NO
34531079         0          0          0          NO
34531078         0          0          0          NO
34531077         0          0          0          NO
34531037         0          0          0          NO
34531200         0          0          0          NO
34531201         0          0          0          NO
34521006         0          0          0          NO
34521004         0          0          0          NO
34521030         0          0          0          NO
34521026         0          0          0          NO
34521101         0          0          0          NO
34521102         0          0          0          NO
34511112         0          0          0          NO
34511052         0          0          0          NO
34511114         0          0          0          NO
34511115         0          0          0          NO
34511061         0          0          0          NO
34511064         0          0          0          NO
34511071         0          0          0          NO
34511105         0          0          0          NO
35541023         0          0          0          NO
35541025         0          0          0          NO
35541031         0          0          0          NO
35541034         0          0          0          NO
35541041         0          0          0          NO
35541035         0          0          0          NO
35541039         0          0          0          NO
35541046         0          0          0          NO
35531001         0          0          0          NO
35531002         0          0          0          NO
35531003         0          0          0          NO
35531006         0          0          0          NO
35531007         0          0          0          NO
35531008         0          0          0          NO
35531009         0          0          0          NO
35531010         0          0          0          NO
35531012         0          0          0          NO
35531014         0          0          0          NO
35531011         0          0          0          NO
35531013         0          0          0          NO
34431033         0          0          0          NO
34941049         0          0          0          NO
34941102         0          0          0          NO
34941048         0          0          0          NO
34941047         0          0          0          NO
34941103         0          0          0          NO
34941046         0          0          0          NO
34941104         0          0          0          NO
34431038         0          0          0          NO
34431040         0          0          0          NO
34431061         0          0          0          NO
34431058         0          0          0          NO
34431053         0          0          0          NO
34431017         0          0          0          NO
34431013         0          0          0          NO
34431009         0          0          0          NO
34431008         0          0          0          NO
34431007         0          0          0          NO
34941028         0          0          0          NO
34941033         0          0          0          NO
34941034         0          0          0          NO
34941036         0          0          0          NO
34941037         0          0          0          NO
34941075         0          0          0          NO
34941038         0          0          0          NO
34941040         0          0          0          NO
34941041         0          0          0          NO
34941085         0          0          0          NO
34941100         0          0          0          NO
34831029         0          0          0          NO
34831025         0          0          0          NO
34831021         0          0          0          NO
34831020         0          0          0          NO
34831017         0          0          0          NO
34831015         0          0          0          NO
34831014         0          0          0          NO
34831013         0          0          0          NO
34831016         0          0          0          NO
34831011         0          0          0          NO
34831010         0          0          0          NO
34831009         0          0          0          NO
34831008         0          0          0          NO
34831007         0          0          0          NO
34831034         0          0          0          NO
34831033         0          0          0          NO
34831032         0          0          0          NO
34831031         0          0          0          NO
34831030         0          0          0          NO
34831026         0          0          0          NO
34521029         0          0          0          NO
34941105         0          0          0          NO
34431089         0          0          0          NO
34431059         0          0          0          NO
35521010         0          0          0          NO
34431022         0          0          0          NO
34431023         0          0          0          NO
34431016         0          0          0          NO
34431015         0          0          0          NO
34941064         0          0          0          NO
34941065         0          0          0          NO
34941819         0          0          0          NO
34941813         0          0          0          NO
34941804         0          0          0          NO
34941084         0          0          0          NO
34431718         0          0          0          NO
34431679         0          0          0          NO
35541001         0          0          0          NO
35541315         0          0          0          NO
35531004         0          0          0          NO
35531005         0          0          0          NO
34511500         0          0          0          NO
34511501         0          0          0          NO
34521289         0          0          0          NO
34521073         0          0          0          NO
34441063         0          0          0          NO
34539254         0          0          0          NO
34531202         0          0          0          NO
34529004         0          0          0          NO
34521002         0          0          0          NO
34521003         0          0          0          NO
34529026         0          0          0          NO
35541016         0          0          0          NO
35541013         0          0          0          NO
35541015         0          0          0          NO
34431046         0          0          0          NO
34431043         0          0          0          NO
34941101         0          0          0          NO
34531032         0          0          0          NO
34531034         0          0          0          NO
34521071         0          0          0          NO
34531111         0          0          0          NO
34531115         0          0          0          NO
34511106         0          0          0          NO
34941798         0          0          0          NO
34531031         0          0          0          NO
34531033         0          0          0          NO
34431088         0          0          0          NO
LINK             0          0          0          NO
LINK             0          0          0          NO
LINK             0          0          0          NO
LINK             0          0          0          NO
LINK             0          0          0          NO
LINK             0          0          0          NO
LINK             0          0          0          NO
651              0          0          0          NO
657              0          0          0          NO

[COORDINATES]
;;Node           X-Coord            Y-Coord
;;-------------- ------------------ ------------------
34410070         -260892.48         1952642.00        
34410072         -260642.84         1952831.56        
34410073         -260460.75         1953007.65        
34410074         -260208.57         1953219.70        
34410075         -260210.61         1953249.16        
34410076         -260097.16         1953240.54        
34410084         -259834.32         1953245.69        
34410085         -259801.73         1953243.81        
34410090         -259513.61         1953245.70        
34410095         -259481.34         1953248.77        
34410098         -259215.66         1953257.51        
34410101         -259179.84         1953257.70        
34410104         -258915.40         1953261.01        
34410106         -258880.42         1953260.28        
34520059         -258883.57         1953307.56        
34520057         -259115.22         1953304.80        
34520054         -259482.63         1953299.50        
34520052         -259747.67         1953296.32        
34520048         -259885.07         1953294.34        
34520046         -260168.32         1953291.30        
34410107         -258601.79         1953254.30        
34410109         -258569.45         1953257.33        
34410114         -258319.54         1953255.40        
34440056         -257463.73         1952658.21        
34440067         -257307.52         1952970.74        
34440066         -257305.19         1953075.92        
34440065         -257305.96         1953139.84        
34440064         -257306.34         1953171.48        
34440063         -257306.92         1953221.54        
34530257         -257665.90         1953278.87        
34530256         -257471.13         1953280.75        
34530255         -257339.70         1953273.61        
34530254         -257307.30         1953274.21        
34520068         -258575.54         1953311.77        
34520071         -258321.43         1953315.08        
34530114         -258077.15         1953336.33        
34530113         -258037.21         1953336.98        
34530110         -257289.43         1953371.46        
34530109         -257018.73         1953376.00        
34530108         -256811.32         1953382.01        
34530107         -256589.24         1953384.63        
34530125         -256510.26         1953382.66        
34530250         -256903.03         1953278.97        
34530251         -256976.84         1953283.27        
34530252         -257011.65         1953284.53        
34530253         -257154.93         1953283.40        
34530032         -257629.03         1953618.61        
34530202         -257786.71         1953616.12        
34530126         -256448.15         1953389.69        
34530010         -256391.42         1953383.88        
34530005         -255848.98         1953390.06        
34530002         -255616.37         1953443.87        
34530082         -257607.45         1954405.96        
34530081         -257547.25         1954412.46        
34530079         -257415.35         1954409.55        
34530078         -257373.94         1954396.83        
34530077         -257345.46         1954391.87        
34530037         -257040.29         1954199.70        
34530030         -256710.89         1954335.62        
34530200         -258039.08         1953480.60        
34530201         -257952.77         1953484.04        
34520073         -259835.49         1954729.29        
34520006         -259843.62         1954724.88        
34520004         -259875.30         1954694.40        
34520030         -260012.74         1954397.22        
34520029         -260129.78         1954411.35        
34520026         -260136.39         1954378.77        
34520101         -260561.33         1954375.35        
34520003         -260021.45         1954523.21        
34520002         -259987.15         1954556.00        
34520102         -261063.64         1954215.68        
34510112         -261049.79         1956099.85        
34510052         -261053.21         1956184.67        
34510114         -261058.72         1956345.35        
34510115         -261065.67         1956453.66        
34510061         -260635.75         1956063.15        
34510064         -260631.62         1955925.05        
34510071         -259760.68         1955943.54        
34510106         -258453.42         1956111.41        
34510500         -258325.65         1956084.71        
34510501         -258295.36         1956137.03        
34510105         -258449.52         1955955.90        
35540001         -252737.84         1950926.76        
35540016         -252512.87         1951255.88        
35540015         -252502.85         1951130.13        
35540023         -252221.36         1951030.30        
35540025         -252141.92         1951001.18        
35540031         -251909.10         1950919.37        
35540034         -251841.37         1950896.46        
35540041         -251639.75         1950917.72        
35540035         -251707.70         1950860.47        
35540039         -251647.88         1950816.00        
35540046         -251554.08         1950792.86        
35530001         -251329.07         1950706.01        
35530002         -251257.90         1950683.07        
35530003         -251094.64         1950659.86        
35530004         -251058.30         1950599.50        
35530005         -251027.29         1950540.27        
35530006         -250772.26         1950425.11        
35530007         -250736.83         1950249.48        
35530008         -250486.02         1950258.20        
35530009         -250455.02         1950196.63        
35530010         -250448.44         1950012.35        
35530012         -250242.60         1950021.68        
35530014         -250246.06         1950114.29        
35530011         -250318.47         1950021.15        
35530013         -250159.99         1949989.94        
34430033         -255904.26         1948116.02        
34940049         -255944.73         1947989.45        
34940102         -255941.81         1947986.05        
34940048         -256102.95         1948021.19        
34940047         -256198.84         1948005.19        
34940103         -256265.83         1948006.95        
34940046         -256378.43         1948004.20        
34940104         -256430.96         1948003.14        
34940105         -256622.01         1948001.09        
34430038         -255522.37         1948164.74        
34430040         -255524.55         1948416.19        
34430088         -255724.38         1948347.83        
34430089         -255730.75         1948533.31        
34430043         -255550.31         1948651.90        
34430046         -255523.73         1948664.16        
34430059         -255544.47         1948940.82        
34430061         -255568.04         1949286.48        
35520010         -255471.81         1949321.35        
34430058         -255711.83         1949274.86        
34430053         -255784.24         1949262.46        
34430022         -256662.00         1949063.80        
34430023         -256704.58         1949097.21        
34430016         -256971.01         1949088.31        
34430015         -256968.36         1949069.31        
34430017         -256981.56         1949249.33        
34430013         -256971.70         1948898.92        
34430009         -257117.80         1948903.53        
34430008         -257129.27         1948752.94        
34430007         -257160.53         1948731.29        
34940028         -256968.54         1946657.31        
34940033         -256780.18         1946659.14        
34940034         -256579.18         1946663.54        
34940036         -256330.24         1946667.72        
34940037         -256330.56         1946705.00        
34940075         -256331.08         1946728.52        
34940038         -256059.01         1946666.25        
34940040         -255858.27         1946606.34        
34940041         -255846.48         1946641.63        
34940085         -255838.83         1946664.55        
34940084         -255849.29         1946310.03        
34940100         -255448.26         1946358.53        
34940101         -255387.90         1946360.49        
34940064         -257509.81         1945880.09        
34940065         -257429.57         1945923.86        
34830029         -257175.48         1939981.22        
34830025         -257414.10         1939972.90        
34830024         -257782.16         1939966.01        
34830023         -257782.14         1939927.31        
34830021         -257655.57         1939905.61        
34830020         -257608.98         1939615.92        
34830017         -257596.14         1939441.67        
34830015         -257578.04         1939172.69        
34830014         -257607.16         1939173.11        
34830013         -257639.34         1939112.69        
34830016         -257547.27         1939140.02        
34830011         -257468.89         1939109.96        
34830010         -257451.87         1939089.58        
34830009         -257451.28         1938817.19        
34830008         -257390.53         1938639.18        
34830007         -257388.71         1938609.86        
34830034         -256730.61         1939255.92        
34830033         -256891.87         1939229.38        
34830032         -256965.28         1939282.21        
34830031         -257134.62         1939320.44        
34830030         -257250.95         1939429.76        
34830026         -257352.91         1939795.66        
0631             -255355.85         1949398.08        
0718             -256382.99         1949096.14        
0819             -257080.41         1946063.43        
0813             -256817.09         1946091.71        
0804             -256416.77         1946091.11        
0798             -256058.43         1946115.38        
0679             -256155.83         1949162.52        
0315             -252764.02         1950922.16        
0327             -252861.92         1950904.65        
0305             -258245.52         1956215.89        
0289             -261089.93         1954193.98        
0298             -259784.39         1954765.28        
35540013         -252576.78         1951147.89        
0761             -255362.81         1946359.70        
34530034         -257334.63         1953619.55        
34530111         -258037.18         1953318.25        
34530115         -258319.38         1953333.27        
34530031         -257652.34         1953628.38        
34530033         -257620.25         1953628.68        

[MAP]
DIMENSIONS -261089.93 1938609.86 -250159.99 1956453.66
Units      None

[REPORT]
INPUT            YES
SUBCATCHMENTS    ALL
NODES            ALL
LINKS            ALL



