;; SWMM5 .inp converted from XPSWMM .xp file
;; Generated by XPSWMM Card Reader
;; Source format: XP_CARD | Original title: DERM SWMMP  FLW35154.A0.F2   7/2/94

[TITLE]
;;Project Title/Notes
DERM SWMMP  FLW35154.A0.F2   7/2/94

[OPTIONS]
FLOW_UNITS           CFS
INFILTRATION         HORTON
FLOW_ROUTING         DYNWAVE
LINK_OFFSETS         DEPTH
MIN_SLOPE            0.0
ALLOW_PONDING        NO
SKIP_STEADY_STATE    NO
ROUTING_STEP         00:00:30
VARIABLE_STEP        0.75
INERTIAL_DAMPING     PARTIAL
NORMAL_FLOW_LIMITED  BOTH
MAX_TRIALS           30
HEAD_TOLERANCE       0.0033

[JUNCTIONS]
;;Name           Elev       MaxDepth   InitDepth  SurDepth   Aponded
;;-------------- ---------- ---------- ---------- ---------- ----------
S-29             6.60       0          15.40      0          0
C9E-01           12.19      0          15.80      0          0
C9E-02c          0          0          0          0          0
N-C9-050         12.50      0          21.00      0          0
N-C9-060         8.60       0          14.70      0          0
C9E-05           8.00       0          6.10       0          0
C9E-03           8.60       0          14.50      0          0
N-C9-070         24.50      0          16.30      0          0
N-CCA-010        8.50       0          7.70       0          0
N-E23-EA         7.10       0          9.40       0          0
N-W32-NO         7.60       0          18.70      0          0
C9W-04o          7.95       0          10.00      0          0
C9W-03o          10.76      0          15.40      0          0
SBD-05           8.00       0          8.50       0          0
SBD-04           7.50       0          7.00       0          0
SBD-12           10.00      0          14.70      0          0
SBD-13           6.70       0          7.80       0          0
SBD-07           6.70       0          7.80       0          0
MIR-01           50.00      0          5.00       0          0
SBD-01           6.50       0          12.00      0          0
SBD-02           6.70       0          9.80       0          0
SBD-03           7.30       0          7.20       0          0
N-W24-EA         7.92       0          15.00      0          0
N-W22-SO         10.00      0          10.00      0          0
C9E-07c          0          0          0          0          0
C9E-04c          0          0          0          0          0
C9E-05c          0          0          0          0          0
C9E-03c          0          0          0          0          0
C9E-06c          0          0          0          0          0
C9E-01c          0          0          0          0          0
N-W38-WE         7.50       0          12.00      0          0
N-PPC-020        8.80       0          14.80      0          0
N-W32-SO         8.80       0          14.80      0          0
N-W39-WE         8.80       0          14.80      0          0
N-W31-WE         8.00       0          12.50      0          0
N-W06-WE         9.00       0          15.00      0          0
N-W06-EA         9.00       0          10.40      0          0
N-W04-SO         8.08       0          11.00      0          0
N-W04-NO         7.80       0          11.00      0          0
N-W03-NO         7.80       0          11.00      0          0
N-W03-SO         7.80       0          11.00      0          0
N-W02-NO         7.80       0          11.00      0          0
N-W02-SO         7.80       0          11.00      0          0
N-W44-SO         7.90       0          11.00      0          0
N-W44-NO         7.90       0          11.00      0          0
N-W43-SO         7.80       0          11.00      0          0
N-W43-NO         7.80       0          11.00      0          0
N-W01-SO         7.80       0          11.00      0          0
N-W01-NO         7.80       0          11.00      0          0
N-W42-NO         7.80       0          11.00      0          0
N-W42-SO         7.25       0          11.00      0          0
N-E23-WE         7.25       0          11.00      0          0
N-W41-SO         7.50       0          12.00      0          0
N-W41-NO         7.00       0          10.50      0          0
N-W40-EA         7.50       0          12.00      0          0
N-W36-WE         7.50       0          12.00      0          0
N-W36-EA         7.50       0          12.00      0          0
N-W37-WE         7.50       0          12.00      0          0
N-W37-EA         7.50       0          12.00      0          0
N-W05-NO         11.50      0          11.90      0          0
N-W47-WE         7.92       0          15.00      0          0
N-C9-090         8.00       0          14.70      0          0
N-W08-SO         8.00       0          13.00      0          0
N-W08-NO         7.50       0          7.00       0          0
C9W-03           8.00       0          15.40      0          0
N-W21-WE         7.00       0          10.00      0          0
C9W-04           10.00      0          10.00      0          0
N-W24-WE         7.92       0          15.00      0          0
N-W25-SO         7.00       0          11.50      0          0
N-W25-NO         7.00       0          12.00      0          0
N-W09-SO         7.00       0          12.00      0          0
N-W09-NO         8.00       0          13.00      0          0
N-W23-SO         10.00      0          10.00      0          0
N-W28-WE         11.00      0          12.50      0          0
N-W28-EA         11.00      0          12.50      0          0
N-W31-EA         7.70       0          12.00      0          0
N-W39-EA         7.50       0          12.00      0          0
N-C9-080         24.50      0          14.70      0          0
388              0          0          0          0          0
389              0          0          0          0          0
394              0          0          0          0          0
396              0          0          0          0          0
398              0          0          0          0          0
399              0          0          0          0          0
N-W22-NO         7.92       0          15.00      0          0
C9E-04           13.40      0          16.30      0          0
N-E14-NO         6.70       0          9.80       0          0
N-E14-SO         7.00       0          12.00      0          0
N-E15-NO         7.00       0          12.00      0          0
N-E15-SO         7.00       0          11.20      0          0
N-E09-NO         8.00       0          8.17       0          0
N-E09-SO         8.00       0          9.00       0          0
N-E10-NO         8.00       0          9.00       0          0
N-E10-SO         8.00       0          7.73       0          0
N-E11-NO         8.00       0          7.10       0          0
N-E11-SO         8.00       0          8.90       0          0
N-E12-NO         8.00       0          8.90       0          0
N-E12-SO         8.00       0          11.40      0          0
N-E30-NO         5.00       0          7.90       0          0
N-MIR-010        6.90       0          4.90       0          0
N-E08-NO         6.50       0          12.00      0          0
N-E08-SO         8.00       0          8.00       0          0
N-E18-SO         8.50       0          7.20       0          0
N-E18-NO         7.90       0          5.40       0          0
N-E16-SO         8.49       0          8.60       0          0
N-E16-NO         8.30       0          7.70       0          0
N-E13-SO         10.80      0          6.84       0          0
N-E13-NO         10.80      0          7.40       0          0
N-CCA-020        7.60       0          7.30       0          0
N-CCA-030        7.20       0          7.30       0          0
N-CCC-A5         7.60       0          7.30       0          0
N-CCC-A6         7.00       0          6.50       0          0
N-CCC-A8         6.80       0          6.10       0          0
N-CCC-A4         7.60       0          7.70       0          0
N-RS             7.40       0          6.50       0          0
C9E-06           8.00       0          8.20       0          0
N-CCA-005        8.00       0          8.60       0          0
N-CCC-A2-1       7.00       0          8.30       0          0
N-C9-010         10.61      0          16.20      0          0
N-C9-030         13.17      0          16.00      0          0
N-C9-040         13.17      0          16.00      0          0
C9E-02           10.70      0          15.70      0          0
N-170-010        50.00      0          12.50      0          0
N-170-020        10.00      0          10.00      0          0
N-CCB-010        8.50       0          6.50       0          0
N-CCC-B1         8.50       0          6.50       0          0
C9W-01           7.50       0          18.70      0          0
N-W23-NO         8.00       0          16.50      0          0
N-W27-SW         8.00       0          16.50      0          0
N-W46-WE         8.00       0          3.70       0          0
N-W46-EA         8.00       0          3.70       0          0
N-W47-EA         8.00       0          16.50      0          0
N-W27-NE         8.00       0          16.50      0          0
N-W26-SW         7.92       0          15.00      0          0
N-W26-NE         7.92       0          15.00      0          0
N-W45-WE         8.80       0          4.50       0          0
N-W45-EA         8.80       0          4.50       0          0
N-CLC-010        7.50       0          15.00      0          0
N-207-020        6.50       0          26.50      0          0
N-207-010        8.80       0          21.00      0          0
N-207-030        5.30       0          26.50      0          0
N-E22-SO         6.80       0          6.10       0          0
N-E22-NO         6.80       0          6.50       0          0
N-CCC-A2-2       7.00       0          8.30       0          0
N-AWC-010        6.30       0          19.00      0          0
N-E04-NO         6.30       0          19.00      0          0
N-E04-SO         6.00       0          17.90      0          0
N-E05-NO         6.00       0          17.90      0          0
N-E01-NO         6.40       0          13.40      0          0
N-E01-SO         5.70       0          16.50      0          0
N-E03-NO         6.00       0          17.00      0          0
N-TE-030         11.00      0          5.00       0          0
N-E34-EA         11.00      0          5.80       0          0
N-TE-020         22.40      0          7.50       0          0
N-E33-SO         48.80      0          7.50       0          0
N-E33-NO         48.80      0          7.50       0          0
N-TE-010         48.80      0          7.50       0          0
N-TW-010         13.80      0          5.00       0          0
N-E34-WE         13.80      0          5.00       0          0
N-E32-SO         17.20      0          7.50       0          0
N-E30-SO         5.00       0          7.20       0          0
N-E31-EA         12.00      0          12.90      0          0
N-E35-NO         7.00       0          5.00       0          0
N-TXE-020        8.00       0          16.50      0          0
N-TXW-020        8.00       0          15.00      0          0
N-TXW-010        9.50       0          15.00      0          0
N-TXE-010        8.00       0          16.50      0          0
N-AEC-010        6.00       0          17.00      0          0
N-E37-NO         7.00       0          7.90       0          0
N-E38-SO         9.30       0          12.90      0          0
N-E36-SO         17.20      0          8.75       0          0

[STORAGE]
;;Name           Elev       MaxDepth   InitDepth  Shape      Curve/Params
;;-------------- ---------- ---------- ---------- ---------- ----------
C9W-02           7.50       0          7.00       FUNCTIONAL 2249612.00 0          0
PSL-EAST         7.80       0          6.90       FUNCTIONAL 1866938.00 0          0
PSL-NORTH        8.30       0          6.70       FUNCTIONAL 1395444.00 0          0
N-W40-WE         7.50       -0.70      12.00      FUNCTIONAL 358977.00 0          0
C9E-07           7.20       -0.40      9.40       FUNCTIONAL 1489839.00 0          0
N-C9-020         11.40      -3.38      16.20      FUNCTIONAL 7067392.00 0          0
ANDOVERLK        6.40       -1.00      13.40      FUNCTIONAL 457554.00 0          0
N-E02-NO         5.50       0          16.50      FUNCTIONAL 414090.00 0          0
N-E02-SO         5.70       -0.20      15.30      FUNCTIONAL 277480.00 0          0
N-E31-WE         7.40       0          3.51       FUNCTIONAL 315243.00 0          0
N-E29-NO         9.90       -1.89      4.50       FUNCTIONAL 41861.10 0          0
N-E29-SO         4.00       0          8.75       FUNCTIONAL 13520.00 0          0

[CONDUITS]
;;Name           From             To               Length     Roughness  InOffset   OutOffset  InitFlow   MaxFlow
;;-------------- ---------------- ---------------- ---------- ---------- ---------- ---------- ---------- ----------
C9-47520         N-C9-060         N-C9-050         5640.00    0          -12.20     -12.20     0          0
C9-47828         C9E-03           N-C9-060         6220.00    0          -11.10     -11.10     0          0
CCA10600         N-CCA-010        N-E18-SO         2540.00    0          -4.70      -4.70      0          0
C9-58260         C9E-04           C9E-03           4660.00    0          -12.00     -12.00     0          0
244              ?                ?                0          0          0          0          0          0
249              ?                ?                0          0          0          0          0          0
250              ?                ?                0          0          0          0          0          0
251              ?                ?                0          0          0          0          0          0
252              ?                ?                0          0          0          0          0          0
253              ?                ?                0          0          0          0          0          0
255              ?                ?                0          0          0          0          0          0
C9103215         C9W-03o          C9W-03           2440.00    0          -12.90     -12.90     0          0
C9-87378         N-W08-SO         N-C9-090         5200.00    0          -10.50     -10.50     0          0
C9-69094         SBD-12           N-C9-080         10700.00   0          -12.20     -12.20     0          0
10706900         N-W25-NO         N-W09-SO         5000.00    0          -9.50      -9.50      0          0
17006100         C9W-04o          N-W21-WE         7600.00    0          -7.50      -7.50      0          0
W22              N-W22-SO         N-W22-NO         24.00      0.0240     -1.57      -1.67      0          0
TXW257203        N-W24-EA         N-W26-SW         6000.00    0          -12.50     -12.50     0          0
170R-TYP1        N-W28-EA         N-W31-WE         2630.00    0          -10.00     -10.00     0          0
W40              N-W40-WE         N-W40-EA         167.00     0.0240     -4.70      -4.20      0          0
W33              PSL-EAST         N-PPC-020        44.00      0.0240     -4.40      -5.20      0          0
W34              PSL-NORTH        PSL-EAST         47.00      0.0240     -3.70      -4.20      0          0
W35              C9W-02           PSL-NORTH        47.00      0.0240     -4.50      -4.20      0          0
W32              N-W32-SO         N-W32-NO         128.00     0.0240     -8.80      -8.80      0          0
W38              N-W38-WE         N-W39-WE         105.00     0.0240     -2.80      -1.90      0          0
W37              N-W37-WE         N-W37-EA         52.50      0.0240     -1.20      -1.20      0          0
W36              N-W36-WE         N-W36-EA         127.00     0.0240     -1.20      -1.40      0          0
W43              N-W43-SO         N-W43-NO         195.00     0.0120     -4.36      -3.38      0          0
W01              N-W01-SO         N-W01-NO         103.00     0.0240     -4.36      -4.36      0          0
W02              N-W02-SO         N-W02-NO         100.00     0.0240     -3.51      -4.01      0          0
W03              N-W03-SO         N-W03-NO         97.00      0.0240     -4.58      -4.58      0          0
W04              N-W04-SO         N-W04-NO         111.00     0.0120     -2.20      -1.40      0          0
W06              N-W06-WE         N-W06-EA         334.00     0.0240     -0.88      -0.39      0          0
W05              N-W06-WE         N-W05-NO         135.00     0.0240     -10.00     -9.40      0          0
W07              N-W47-WE         N-C9-090         52.00      0.0240     -3.42      -3.92      0          0
W08              N-W08-NO         N-W08-SO         60.00      0.0240     -1.01      -1.01      0          0
SBDC5            SBD-04           N-W08-NO         10500.00   0          -4.50      -4.50      0          0
W09              N-W09-SO         N-W09-NO         30.00      0.0240     -8.31      -8.31      0          0
C9-96261         C9W-03           N-W09-NO         15790.00   0          -9.20      -9.20      0          0
SBDC7            SBD-05           C9W-03           18000.00   0          -6.00      -6.00      0          0
W21              N-W21-WE         C9W-04           72.00      0.0240     -0.25      -0.25      0          0
W25              N-W25-SO         N-W25-NO         141.00     0.0240     -1.85      -3.55      0          0
W28              N-W28-WE         N-W28-EA         297.00     0.0120     -3.20      -3.22      0          0
W31              N-W31-WE         N-W31-EA         120.00     0.0240     -0.50      -0.70      0          0
W30              N-W31-WE         C9W-02           123.00     0.0240     -3.70      -1.50      0          0
W39              N-W39-WE         N-W39-EA         106.00     0.0240     -4.90      -3.90      0          0
W41              N-W41-SO         N-W41-NO         800.00     0.0240     -6.59      -6.59      0          0
GGC01804         N-W31-EA         N-W36-WE         2550.00    0          -9.50      -9.50      0          0
17006101         C9W-04           N-W22-SO         7280.00    0          -7.50      -7.50      0          0
10701800         N-W24-WE         N-W25-SO         4070.00    0          -9.00      -9.00      0          0
RRC38000         N-W41-NO         N-E23-WE         400.00     0          -8.00      -8.00      0          0
E23              N-E23-WE         N-E23-EA         130.00     0.0120     -2.09      -2.30      0          0
RRC38400         N-E23-WE         N-W42-SO         1150.00    0          -8.50      -8.50      0          0
RRC40100         N-W42-NO         N-W43-SO         1410.00    0          -8.50      -8.50      0          0
RRC40101         N-W43-NO         N-W44-SO         1020.00    0          -8.50      -8.50      0          0
RRC40102         N-W44-NO         N-W01-SO         600.00     0          -8.50      -8.50      0          0
RRC40103         N-W01-NO         N-W02-SO         690.00     0          -8.50      -8.50      0          0
RRC40104         N-W02-NO         N-W03-SO         2440.00    0          -8.50      -8.50      0          0
RRC40105         N-W03-NO         N-W04-SO         1150.00    0          -8.50      -8.50      0          0
RRC40106         N-W04-NO         N-C9-070         2600.00    0          -8.50      -8.50      0          0
HHC02500         N-W06-EA         N-W04-SO         5050.00    0          -7.90      -7.90      0          0
C9-68000         N-C9-080         N-C9-070         5000.00    0          -11.50     -11.50     0          0
67-00600         N-W05-NO         N-C9-080         2000.00    0          -8.20      -8.20      0          0
PPC06050         N-W32-NO         C9W-01           5060.00    0          -16.20     -16.20     0          0
PPC00851         N-PPC-020        N-W32-SO         1340.00    0          -12.30     -12.30     0          0
GGC01800         N-W40-EA         N-W41-SO         5410.00    0          -9.50      -9.50      0          0
GGC01801         N-W39-EA         N-W40-WE         3100.00    0          -9.50      -9.50      0          0
GGC01802         N-W37-EA         N-W38-WE         830.00     0          -9.50      -9.50      0          0
GGC01803         N-W36-EA         N-W37-WE         1680.00    0          -9.50      -9.50      0          0
3000ft           388              389              0          0          0          0          0          0
395              ?                ?                0          0          0          0          0          0
397              ?                ?                0          0          0          0          0          0
400              ?                ?                0          0          0          0          0          0
3000-ft          388              398              0          0          0          0          0          0
TXW257202        N-W22-NO         N-W24-WE         1350.00    0          -12.50     -12.50     0          0
W24              N-W24-WE         N-W24-EA         33.00      0.0240     0.03       0.53       0          0
17006102         N-W22-SO         N-W23-SO         750.00     0          -7.50      -7.50      0          0
170R-TYP         N-170-010        N-W28-WE         2200.00    0          -10.00     -10.00     0          0
SBDC4            SBD-03           SBD-12           400.00     0          -4.70      -4.70      0          0
C9-79418         N-C9-090         SBD-12           2800.00    0          -12.20     -12.20     0          0
SBDC3            SBD-13           N-C9-080         3200.00    0.0140     -5.30      -5.30      0          0
C9-58382         N-C9-070         C9E-04           5370.00    0          -13.80     -13.80     0          0
SBDC2            SBD-02           N-E14-NO         800.00     0          -7.30      -7.30      0          0
E14              N-E14-NO         N-E14-SO         140.00     0.0240     -6.30      -6.30      0          0
PAC00600         N-E14-SO         N-E15-NO         820.00     0          -9.50      -9.50      0          0
E15              N-E15-NO         N-E15-SO         132.00     0.0240     -6.30      -6.30      0          0
PAC01400         N-E15-SO         C9E-04           1060.00    0          -8.70      -8.70      0          0
SBDC1            SBD-01           N-E08-NO         800.00     0          -9.50      -9.50      0          0
E09              N-E09-NO         N-E09-SO         70.00      0.0240     -5.67      -4.49      0          0
27-01500         N-E09-SO         N-E10-NO         740.00     0          -6.50      -6.50      0          0
E10              N-E10-NO         N-E10-SO         130.00     0.0240     -5.27      -5.23      0          0
27-02100         N-E10-SO         N-E11-NO         430.00     0          -4.60      -4.60      0          0
27-02400         N-E11-SO         N-E12-NO         380.00     0          -6.40      -6.40      0          0
E12              N-E12-NO         N-E12-SO         170.00     0.0240     -5.06      -5.09      0          0
27-03400         N-E12-SO         N-C9-060         960.00     0          -8.90      -8.90      0          0
TW-BC            MIR-01           N-E37-NO         200.00     0          -2.50      -2.50      0          0
TE-BC            MIR-01           N-E35-NO         200.00     0          -2.50      -2.50      0          0
E08              N-E08-NO         N-E08-SO         138.00     0.0120     -3.30      -2.85      0          0
27-00500         N-E08-SO         N-E09-NO         780.00     0          -5.50      -5.50      0          0
E18              N-E18-SO         N-E18-NO         210.00     0.0240     -2.00      -2.50      0          0
E16              N-E16-SO         N-E16-NO         175.00     0.0240     -1.51      -1.84      0          0
CCA18200         N-E16-NO         C9E-03           2770.00    0          -5.20      -5.20      0          0
E13              N-E13-SO         N-E13-NO         143.00     0.0240     -4.34      -4.38      0          0
CCB06800         N-E13-NO         N-C9-060         2230.00    0          -4.90      -4.90      0          0
CCA00600         N-E23-EA         C9E-07           1630.00    0          -6.90      -6.90      0          0
CCC-A6           N-CCC-A6         N-CCA-030        1110.00    0          -4.00      -4.00      0          0
CCA04800         N-CCA-030        N-CCA-020        760.00     0          -3.20      -3.20      0          0
CCC-A5           N-CCC-A5         N-CCA-020        2350.00    0          -4.80      -4.80      0          0
CCC-A8-2         N-CCC-A8         N-E22-SO         1640.00    0          -3.60      -3.60      0          0
CCA03800         C9E-07           N-CCA-030        1850.00    0          -4.80      -4.80      0          0
CCA07600         N-CCA-020        N-CCA-010        2910.00    0          -4.70      -4.70      0          0
CCC-A4           N-CCC-A4         N-CCA-010        2720.00    0          -5.20      -5.20      0          0
REALSITE         N-RS             C9E-06           1300.00    0          -4.00      -4.00      0          0
CCA11800         N-E18-NO         C9E-06           1070.00    0          -2.90      -2.90      0          0
CCA13400         C9E-06           N-CCA-005        3200.00    0          -5.70      -5.70      0          0
CCC-A2-1         N-CCC-A2-1       N-CCA-005        1300.00    0          -5.40      -5.40      0          0
CCA15400         N-CCA-005        N-E16-SO         940.00     0          -6.10      -6.10      0          0
C9-15358         N-C9-010         S-29             7690.00    0          -12.90     -12.90     0          0
C9-24073         N-C9-020         N-C9-010         4435.00    0          -13.70     -13.70     0          0
C9-25966         C9E-01           N-C9-020         2195.00    0          -11.90     -11.90     0          0
C9-26212         N-C9-030         C9E-01           3960.00    0          -13.30     -13.30     0          0
C9-31929         N-C9-040         N-C9-030         1635.00    0          -13.50     -13.50     0          0
C9-34240         C9E-02           N-C9-040         2600.00    0          -12.20     -12.20     0          0
C9-42000         N-C9-050         C9E-02           6715.00    0          -13.20     -13.20     0          0
C9-87379         N-W09-NO         N-W08-SO         5320.00    0          -10.50     -10.50     0          0
PPC00850         N-W39-WE         N-PPC-020        3820.00    0          -12.30     -12.30     0          0
17006103         N-170-020        N-W23-SO         5150.00    0          -7.50      -7.50      0          0
CCB02100         C9E-05           N-CCB-010        2280.00    0          -3.60      -3.60      0          0
CCB04600         N-CCB-010        N-E13-SO         2820.00    0          -3.60      -3.60      0          0
CCC-B1           N-CCC-B1         N-CCB-010        1670.00    0          -4.00      -4.00      0          0
CLC01300         C9W-01           N-CLC-010        3500.00    0          -12.00     -12.00     0          0
W23              N-W23-SO         N-W23-NO         44.00      0.0240     -2.47      -2.47      0          0
TXE254904        N-W23-NO         N-W27-SW         7250.00    0          -14.00     -14.00     0          0
W27              N-W27-SW         N-W27-NE         61.60      0.0240     -0.87      -0.87      0          0
W46              N-W46-WE         N-W46-EA         503.00     0.0120     -1.20      -1.20      0          0
TXE254906        N-TXE-010        N-W47-EA         4350.00    0          -14.00     -14.00     0          0
W47              N-W47-EA         N-W47-WE         320.00     0.0120     -2.00      -2.30      0          0
TXE254905        N-W27-NE         N-TXE-020        950.00     0          -14.00     -14.00     0          0
W26              N-W26-SW         N-W26-NE         60.00      0.0240     -1.07      -0.57      0          0
TXW257204        N-W26-NE         N-TXW-020        2850.00    0          -12.50     -12.50     0          0
W45              N-W45-WE         N-W45-EA         514.00     0.0120     -2.00      -2.00      0          0
TXW257205        N-TXW-010        N-W47-WE         2850.00    0          -12.50     -12.50     0          0
CLC04500         N-CLC-010        N-W06-WE         1670.00    0          -12.50     -12.50     0          0
12-00001         N-MIR-010        N-207-020        2530.00    0          -2.40      -2.40      0          0
20701174         N-207-020        N-207-010        2350.00    0          -16.50     -16.50     0          0
15-00800         N-207-010        N-C9-050         1600.00    0          -18.50     -18.50     0          0
20703454         N-207-030        N-207-020        2400.00    0          -24.00     -24.00     0          0
E22              N-E22-SO         N-E22-NO         70.00      0.0240     -2.00      -2.01      0          0
CCC-A8-1         N-E22-NO         C9E-07           680.00     0          -4.00      -4.00      0          0
CCC-A2-2         N-CCC-A2-2       N-CCC-A2-1       2500.00    0          -5.80      -5.80      0          0
AWC00500         N-AWC-010        N-E04-NO         710.00     0          -16.50     -16.50     0          0
AWC01362         N-E04-SO         N-E05-NO         1530.00    0          -15.40     -15.40     0          0
E05              N-E05-NO         C9E-02           29.00      0.0240     -2.32      -2.38      0          0
AEC00635         ANDOVERLK        N-E01-NO         1010.00    0          -10.90     -10.90     0          0
E01              N-E01-NO         N-E01-SO         72.00      0.0240     -4.00      -4.00      0          0
AEC00380         N-E01-SO         N-E02-NO         860.00     0          -14.00     -14.00     0          0
E02              N-E02-NO         N-E02-SO         68.00      0.0240     -3.00      -3.00      0          0
AEC01300         N-E02-SO         N-AEC-010        420.00     0          -12.80     -12.80     0          0
E03              N-E03-NO         N-C9-040         68.00      0.0240     -5.59      -5.87      0          0
TE107200         N-TE-030         N-E34-EA         1490.00    0          -2.50      -2.50      0          0
TE108600         N-E34-EA         N-TE-020         2000.00    0          -3.30      -3.30      0          0
TE111100         N-TE-020         N-E33-SO         1741.00    0          -5.00      -5.00      0          0
E33              N-E33-SO         N-E33-NO         160.00     0.0120     -5.00      -5.00      0          0
TE112200         N-E33-NO         N-TE-010         772.00     0          -5.00      -5.00      0          0
TE112700         N-TE-010         N-E32-SO         600.00     0          -5.00      -5.00      0          0
TW107200         N-TW-010         N-E34-WE         1490.00    0          -2.50      -2.50      0          0
E34              N-E34-WE         N-E34-EA         170.00     0.0120     -2.50      -2.50      0          0
E32              N-E32-SO         N-C9-050         130.00     0.0120     -2.00      -2.00      0          0
E30              N-E30-NO         N-E30-SO         561.00     0.0120     -3.20      -2.70      0          0
TW116400         N-E38-SO         N-E31-EA         1346.00    0          -10.40     -10.40     0          0
TW115000         N-E31-EA         N-C9-050         3972.00    0          -8.00      -8.00      0          0
E31              N-E31-WE         N-E31-EA         125.00     0.0240     2.50       2.50       0          0
E35              N-E35-NO         N-E29-NO         500.00     0.0120     -2.00      -2.00      0          0
E29              N-E29-NO         N-E29-SO         150.00     0.0120     -2.00      -2.00      0          0
TE115900         N-E36-SO         N-207-010        2000.00    0          -1.30      -1.30      0          0
TXW-I75-2        N-TXW-020        N-W45-WE         950.00     0          -2.00      -2.00      0          0
TXW-I75-1        N-W45-EA         N-TXW-010        440.00     0          -2.00      -2.00      0          0
TXE-I75-1        N-W46-EA         N-TXE-010        780.00     0          -1.20      -1.20      0          0
TXE-I75-2        N-TXE-020        N-W46-WE         1590.00    0          -1.20      -1.20      0          0
E04              N-E04-NO         N-E04-SO         68.00      0.0240     -3.17      -2.92      0          0
E11-1            E11-2            N-E11-SO         58.00      0.0240     -3.10      -3.10      0          0
W42-1            W42-2            W42-3            30.00      0.0240     -0.62      -1.42      0          0
W44-1            W44-2            W44-3            56.00      0.0240     0.14       0.18       0          0
AEC01500         N-AEC-010        N-E03-NO         1130.00    0          -14.50     -14.50     0          0
E36              N-E29-SO         N-E36-SO         558.00     0.0120     -6.25      -6.25      0          0
E37              N-E37-NO         N-E30-NO         119.00     0.0120     -5.40      -5.40      0          0
E38              N-E30-SO         N-E38-SO         738.00     0.0120     -4.70      -6.25      0          0
SBD-02-13        SBD-07           SBD-13           50.00      0          -5.30      -5.30      0          0

[XSECTIONS]
;;Link           Shape        Geom1      Geom2      Geom3      Geom4      Barrels
;;-------------- ------------ ---------- ---------- ---------- ---------- ----------
C9-47520         IRREGULAR    0          0          0          0          1
C9-47828         IRREGULAR    0          0          0          0          1
CCA10600         IRREGULAR    0          0          0          0          1
C9-58260         IRREGULAR    0          0          0          0          1
244              CIRCULAR     0          0          0          0          1
249              CIRCULAR     0          0          0          0          1
250              CIRCULAR     0          0          0          0          1
251              CIRCULAR     0          0          0          0          1
252              CIRCULAR     0          0          0          0          1
253              CIRCULAR     0          0          0          0          1
255              CIRCULAR     0          0          0          0          1
C9103215         IRREGULAR    0          0          0          0          1
C9-87378         IRREGULAR    0          0          0          0          1
C9-69094         IRREGULAR    0          0          0          0          1
10706900         IRREGULAR    0          0          0          0          1
17006100         IRREGULAR    0          0          0          0          1
W22              CIRCULAR     7.00       0          0          0          1
TXW257203        IRREGULAR    0          0          0          0          1
170R-TYP1        IRREGULAR    0          0          0          0          1
W40              CIRCULAR     7.00       0          0          0          1
W33              CIRCULAR     10.00      0          0          0          1
W34              CIRCULAR     12.00      0          0          0          1
W35              CIRCULAR     12.00      0          0          0          1
W32              CIRCULAR     13.00      0          0          0          1
W38              CIRCULAR     5.30       0          0          0          1
W37              CIRCULAR     5.00       0          0          0          1
W36              CIRCULAR     5.00       0          0          0          1
W43              CIRCULAR     7.00       0          0          0          1
W01              CIRCULAR     8.00       0          0          0          1
W02              CIRCULAR     7.00       0          0          0          1
W03              CIRCULAR     8.50       0          0          0          1
W04              CIRCULAR     4.00       0          0          0          3
W06              CIRCULAR     4.50       0          0          0          1
W05              CIRCULAR     14.50      0          0          0          1
W07              CIRCULAR     7.00       0          0          0          1
W08              CIRCULAR     5.00       0          0          0          2
SBDC5            IRREGULAR    0          0          0          0          1
W09              CIRCULAR     12.00      0          0          0          1
C9-96261         IRREGULAR    0          0          0          0          1
SBDC7            IRREGULAR    0          0          0          0          1
W21              CIRCULAR     4.00       0          0          0          1
W25              CIRCULAR     7.50       0          0          0          1
W28              RECT_CLOSED  7.00       7.00       0          0          1
W31              CIRCULAR     5.00       0          0          0          1
W30              CIRCULAR     5.00       0          0          0          1
W39              CIRCULAR     9.00       0          0          0          1
W41              CIRCULAR     10.00      0          0          0          2
GGC01804         IRREGULAR    0          0          0          0          1
17006101         IRREGULAR    0          0          0          0          1
10701800         IRREGULAR    0          0          0          0          1
RRC38000         IRREGULAR    0          0          0          0          1
E23              CIRCULAR     5.00       0          0          0          1
RRC38400         IRREGULAR    0          0          0          0          1
RRC40100         IRREGULAR    0          0          0          0          1
RRC40101         IRREGULAR    0          0          0          0          1
RRC40102         IRREGULAR    0          0          0          0          1
RRC40103         IRREGULAR    0          0          0          0          1
RRC40104         IRREGULAR    0          0          0          0          1
RRC40105         IRREGULAR    0          0          0          0          1
RRC40106         IRREGULAR    0          0          0          0          1
HHC02500         IRREGULAR    0          0          0          0          1
C9-68000         IRREGULAR    0          0          0          0          1
67-00600         IRREGULAR    0          0          0          0          1
PPC06050         IRREGULAR    0          0          0          0          1
PPC00851         IRREGULAR    0          0          0          0          1
GGC01800         IRREGULAR    0          0          0          0          1
GGC01801         IRREGULAR    0          0          0          0          1
GGC01802         IRREGULAR    0          0          0          0          1
GGC01803         IRREGULAR    0          0          0          0          1
3000ft           CIRCULAR     0          0          0          0          1
395              CIRCULAR     0          0          0          0          1
397              CIRCULAR     0          0          0          0          1
400              CIRCULAR     0          0          0          0          1
3000-ft          CIRCULAR     0          0          0          0          1
TXW257202        IRREGULAR    0          0          0          0          1
W24              CIRCULAR     4.30       0          0          0          1
17006102         IRREGULAR    0          0          0          0          1
170R-TYP         IRREGULAR    0          0          0          0          1
SBDC4            IRREGULAR    0          0          0          0          1
C9-79418         IRREGULAR    0          0          0          0          1
SBDC3            IRREGULAR    0          0          0          0          1
C9-58382         IRREGULAR    0          0          0          0          1
SBDC2            IRREGULAR    0          0          0          0          1
E14              CIRCULAR     10.00      0          0          0          1
PAC00600         IRREGULAR    0          0          0          0          1
E15              CIRCULAR     10.00      0          0          0          1
PAC01400         IRREGULAR    0          0          0          0          1
SBDC1            IRREGULAR    0          0          0          0          1
E09              CIRCULAR     10.00      0          0          0          1
27-01500         IRREGULAR    0          0          0          0          1
E10              CIRCULAR     10.00      0          0          0          1
27-02100         IRREGULAR    0          0          0          0          1
27-02400         IRREGULAR    0          0          0          0          1
E12              CIRCULAR     8.00       0          0          0          3
27-03400         IRREGULAR    0          0          0          0          1
TW-BC            IRREGULAR    0          0          0          0          1
TE-BC            IRREGULAR    0          0          0          0          1
E08              CIRCULAR     5.00       0          0          0          2
27-00500         IRREGULAR    0          0          0          0          1
E18              CIRCULAR     9.50       0          0          0          1
E16              CIRCULAR     10.00      0          0          0          1
CCA18200         IRREGULAR    0          0          0          0          1
E13              CIRCULAR     13.00      0          0          0          1
CCB06800         IRREGULAR    0          0          0          0          1
CCA00600         IRREGULAR    0          0          0          0          1
CCC-A6           IRREGULAR    0          0          0          0          1
CCA04800         IRREGULAR    0          0          0          0          1
CCC-A5           IRREGULAR    0          0          0          0          1
CCC-A8-2         IRREGULAR    0          0          0          0          1
CCA03800         IRREGULAR    0          0          0          0          1
CCA07600         IRREGULAR    0          0          0          0          1
CCC-A4           IRREGULAR    0          0          0          0          1
REALSITE         IRREGULAR    0          0          0          0          1
CCA11800         IRREGULAR    0          0          0          0          1
CCA13400         IRREGULAR    0          0          0          0          1
CCC-A2-1         IRREGULAR    0          0          0          0          1
CCA15400         IRREGULAR    0          0          0          0          1
C9-15358         IRREGULAR    0          0          0          0          1
C9-24073         IRREGULAR    0          0          0          0          1
C9-25966         IRREGULAR    0          0          0          0          1
C9-26212         IRREGULAR    0          0          0          0          1
C9-31929         IRREGULAR    0          0          0          0          1
C9-34240         IRREGULAR    0          0          0          0          1
C9-42000         IRREGULAR    0          0          0          0          1
C9-87379         IRREGULAR    0          0          0          0          1
PPC00850         IRREGULAR    0          0          0          0          1
17006103         IRREGULAR    0          0          0          0          1
CCB02100         IRREGULAR    0          0          0          0          1
CCB04600         IRREGULAR    0          0          0          0          1
CCC-B1           IRREGULAR    0          0          0          0          1
CLC01300         IRREGULAR    0          0          0          0          1
W23              CIRCULAR     7.00       0          0          0          1
TXE254904        IRREGULAR    0          0          0          0          1
W27              CIRCULAR     3.00       0          0          0          1
W46              RECT_CLOSED  7.00       7.00       0          0          1
TXE254906        IRREGULAR    0          0          0          0          1
W47              CIRCULAR     6.00       0          0          0          1
TXE254905        IRREGULAR    0          0          0          0          1
W26              CIRCULAR     3.00       0          0          0          1
TXW257204        IRREGULAR    0          0          0          0          1
W45              RECT_CLOSED  7.00       7.00       0          0          1
TXW257205        IRREGULAR    0          0          0          0          1
CLC04500         IRREGULAR    0          0          0          0          1
12-00001         IRREGULAR    0          0          0          0          1
20701174         IRREGULAR    0          0          0          0          1
15-00800         IRREGULAR    0          0          0          0          1
20703454         IRREGULAR    0          0          0          0          1
E22              CIRCULAR     5.00       0          0          0          1
CCC-A8-1         IRREGULAR    0          0          0          0          1
CCC-A2-2         IRREGULAR    0          0          0          0          1
AWC00500         IRREGULAR    0          0          0          0          1
AWC01362         IRREGULAR    0          0          0          0          1
E05              CIRCULAR     5.00       0          0          0          1
AEC00635         IRREGULAR    0          0          0          0          1
E01              CIRCULAR     7.00       0          0          0          1
AEC00380         IRREGULAR    0          0          0          0          1
E02              RECT_CLOSED  5.75       8.17       0          0          1
AEC01300         IRREGULAR    0          0          0          0          1
E03              CIRCULAR     9.00       0          0          0          1
TE107200         IRREGULAR    0          0          0          0          1
TE108600         IRREGULAR    0          0          0          0          1
TE111100         IRREGULAR    0          0          0          0          1
E33              CIRCULAR     8.00       0          0          0          1
TE112200         IRREGULAR    0          0          0          0          1
TE112700         IRREGULAR    0          0          0          0          1
TW107200         IRREGULAR    0          0          0          0          1
E34              CIRCULAR     4.00       0          0          0          2
E32              CIRCULAR     4.00       0          0          0          4
E30              CIRCULAR     6.00       0          0          0          2
TW116400         IRREGULAR    0          0          0          0          1
TW115000         IRREGULAR    0          0          0          0          1
E31              CIRCULAR     2.00       0          0          0          9
E35              CIRCULAR     6.00       0          0          0          2
E29              CIRCULAR     6.00       0          0          0          2
TE115900         IRREGULAR    0          0          0          0          1
TXW-I75-2        IRREGULAR    0          0          0          0          1
TXW-I75-1        IRREGULAR    0          0          0          0          1
TXE-I75-1        IRREGULAR    0          0          0          0          1
TXE-I75-2        IRREGULAR    0          0          0          0          1
E04              CIRCULAR     5.00       0          0          0          2
E11-1            CIRCULAR     7.00       0          0          0          1
W42-1            CIRCULAR     2.00       0          0          0          1
W44-1            CIRCULAR     4.50       0          0          0          1
AEC01500         IRREGULAR    0          0          0          0          1
E36              CIRCULAR     8.00       0          0          0          1
E37              CIRCULAR     8.00       0          0          0          2
E38              CIRCULAR     8.00       0          0          0          2
SBD-02-13        IRREGULAR    0          0          0          0          1

[LOSSES]
;;Link           Inlet      Outlet     Average    Flap Gate
;;-------------- ---------- ---------- ---------- ----------
C9-47520         0          0          0          NO
C9-47828         0          0          0          NO
CCA10600         0          0          0          NO
C9-58260         0          0          0          NO
244              0          0          0          NO
249              0          0          0          NO
250              0          0          0          NO
251              0          0          0          NO
252              0          0          0          NO
253              0          0          0          NO
255              0          0          0          NO
C9103215         0          0          0          NO
C9-87378         0          0          0          NO
C9-69094         0          0          0          NO
10706900         0          0          0          NO
17006100         0          0          0          NO
W22              0          0          0          NO
TXW257203        0          0          0          NO
170R-TYP1        0          0          0          NO
W40              0          0          0          NO
W33              0          0          0          NO
W34              0          0          0          NO
W35              0          0          0          NO
W32              0          0          0          NO
W38              0          0          0          NO
W37              0          0          0          NO
W36              0          0          0          NO
W43              0          0          0          NO
W01              0          0          0          NO
W02              0          0          0          NO
W03              0          0          0          NO
W04              0          0          0          NO
W06              0          0          0          NO
W05              0          0          0          NO
W07              0          0          0          NO
W08              0          0          0          NO
SBDC5            0          0          0          NO
W09              0          0          0          NO
C9-96261         0          0          0          NO
SBDC7            0          0          0          NO
W21              0          0          0          NO
W25              0          0          0          NO
W28              0          0          0          NO
W31              0          0          0          NO
W30              0          0          0          NO
W39              0          0          0          NO
W41              0          0          0          NO
GGC01804         0          0          0          NO
17006101         0          0          0          NO
10701800         0          0          0          NO
RRC38000         0          0          0          NO
E23              0          0          0          NO
RRC38400         0          0          0          NO
RRC40100         0          0          0          NO
RRC40101         0          0          0          NO
RRC40102         0          0          0          NO
RRC40103         0          0          0          NO
RRC40104         0          0          0          NO
RRC40105         0          0          0          NO
RRC40106         0          0          0          NO
HHC02500         0          0          0          NO
C9-68000         0          0          0          NO
67-00600         0          0          0          NO
PPC06050         0          0          0          NO
PPC00851         0          0          0          NO
GGC01800         0          0          0          NO
GGC01801         0          0          0          NO
GGC01802         0          0          0          NO
GGC01803         0          0          0          NO
3000ft           0          0          0          NO
395              0          0          0          NO
397              0          0          0          NO
400              0          0          0          NO
3000-ft          0          0          0          NO
TXW257202        0          0          0          NO
W24              0          0          0          NO
17006102         0          0          0          NO
170R-TYP         0          0          0          NO
SBDC4            0          0          0          NO
C9-79418         0          0          0          NO
SBDC3            0          0          0          NO
C9-58382         0          0          0          NO
SBDC2            0          0          0          NO
E14              0          0          0          NO
PAC00600         0          0          0          NO
E15              0          0          0          NO
PAC01400         0          0          0          NO
SBDC1            0          0          0          NO
E09              0          0          0          NO
27-01500         0          0          0          NO
E10              0          0          0          NO
27-02100         0          0          0          NO
27-02400         0          0          0          NO
E12              0          0          0          NO
27-03400         0          0          0          NO
TW-BC            0          0          0          NO
TE-BC            0          0          0          NO
E08              0          0          0          NO
27-00500         0          0          0          NO
E18              0          0          0          NO
E16              0          0          0          NO
CCA18200         0          0          0          NO
E13              0          0          0          NO
CCB06800         0          0          0          NO
CCA00600         0          0          0          NO
CCC-A6           0          0          0          NO
CCA04800         0          0          0          NO
CCC-A5           0          0          0          NO
CCC-A8-2         0          0          0          NO
CCA03800         0          0          0          NO
CCA07600         0          0          0          NO
CCC-A4           0          0          0          NO
REALSITE         0          0          0          NO
CCA11800         0          0          0          NO
CCA13400         0          0          0          NO
CCC-A2-1         0          0          0          NO
CCA15400         0          0          0          NO
C9-15358         0          0          0          NO
C9-24073         0          0          0          NO
C9-25966         0          0          0          NO
C9-26212         0          0          0          NO
C9-31929         0          0          0          NO
C9-34240         0          0          0          NO
C9-42000         0          0          0          NO
C9-87379         0          0          0          NO
PPC00850         0          0          0          NO
17006103         0          0          0          NO
CCB02100         0          0          0          NO
CCB04600         0          0          0          NO
CCC-B1           0          0          0          NO
CLC01300         0          0          0          NO
W23              0          0          0          NO
TXE254904        0          0          0          NO
W27              0          0          0          NO
W46              0          0          0          NO
TXE254906        0          0          0          NO
W47              0          0          0          NO
TXE254905        0          0          0          NO
W26              0          0          0          NO
TXW257204        0          0          0          NO
W45              0          0          0          NO
TXW257205        0          0          0          NO
CLC04500         0          0          0          NO
12-00001         0          0          0          NO
20701174         0          0          0          NO
15-00800         0          0          0          NO
20703454         0          0          0          NO
E22              0          0          0          NO
CCC-A8-1         0          0          0          NO
CCC-A2-2         0          0          0          NO
AWC00500         0          0          0          NO
AWC01362         0          0          0          NO
E05              0          0          0          NO
AEC00635         0          0          0          NO
E01              0          0          0          NO
AEC00380         0          0          0          NO
E02              0          0          0          NO
AEC01300         0          0          0          NO
E03              0          0          0          NO
TE107200         0          0          0          NO
TE108600         0          0          0          NO
TE111100         0          0          0          NO
E33              0          0          0          NO
TE112200         0          0          0          NO
TE112700         0          0          0          NO
TW107200         0          0          0          NO
E34              0          0          0          NO
E32              0          0          0          NO
E30              0          0          0          NO
TW116400         0          0          0          NO
TW115000         0          0          0          NO
E31              0          0          0          NO
E35              0          0          0          NO
E29              0          0          0          NO
TE115900         0          0          0          NO
TXW-I75-2        0          0          0          NO
TXW-I75-1        0          0          0          NO
TXE-I75-1        0          0          0          NO
TXE-I75-2        0          0          0          NO
E04              0          0          0          NO
E11-1            0          0          0          NO
W42-1            0          0          0          NO
W44-1            0          0          0          NO
AEC01500         0          0          0          NO
E36              0          0          0          NO
E37              0          0          0          NO
E38              0          0          0          NO
SBD-02-13        0          0          0          NO

[COORDINATES]
;;Node           X-Coord            Y-Coord
;;-------------- ------------------ ------------------
S-29             -580060.39         778730.69         
C9E-01           -586810.34         767650.76         
C9E-02c          -587817.93         758729.70         
N-C9-050         -591546.83         753259.61         
N-C9-060         -591737.56         747182.31         
C9E-05           -584685.20         747151.75         
C9E-03           -591882.31         741305.28         
N-C9-070         -592745.55         731966.51         
N-CCA-010        -582719.93         740044.30         
N-E23-EA         -580911.93         732502.54         
N-W32-NO         -585072.21         721369.55         
C9W-02           -580716.01         717231.96         
C9W-04o          -579311.53         689858.48         
C9W-03o          -589652.30         687092.68         
SBD-05           -599097.86         694650.96         
SBD-04           -599270.77         710294.74         
SBD-12           -592681.80         715869.88         
SBD-13           -609211.49         725715.67         
SBD-07           -610958.66         731467.23         
MIR-01           -597258.96         753072.77         
SBD-01           -596355.32         747312.24         
SBD-02           -601392.35         736538.53         
SBD-03           -601837.54         715277.53         
N-W24-EA         -581155.37         706254.19         
N-W22-SO         -579231.49         704778.73         
C9E-07c          -585479.71         732722.85         
C9E-04c          -590701.06         733085.47         
C9E-05c          -585381.72         743880.15         
C9E-03c          -594081.60         742793.86         
C9E-06c          -586421.07         736389.98         
C9E-01c          -581472.63         768057.67         
PSL-EAST         -583393.14         719847.56         
N-W38-WE         -579322.82         721509.20         
N-PPC-020        -583288.51         721431.24         
N-W32-SO         -584247.02         721384.88         
N-W39-WE         -579331.16         721643.73         
PSL-NORTH        -583566.91         717055.54         
N-W31-WE         -579305.57         716165.04         
N-W06-WE         -589867.00         726040.90         
N-W06-EA         -589971.50         727402.22         
N-W04-SO         -589966.13         731656.00         
N-W04-NO         -590434.72         731670.16         
N-W03-NO         -589037.31         731640.44         
N-W03-SO         -588535.68         731699.88         
N-W02-NO         -586529.14         731818.77         
N-W02-SO         -585991.68         731789.05         
N-W44-SO         -584415.12         731848.50         
N-W44-NO         -584916.75         731848.50         
N-W43-SO         -583304.36         731997.11         
N-W43-NO         -583805.99         731907.94         
N-W01-SO         -585239.23         731818.77         
N-W01-NO         -585633.37         731818.77         
N-W42-NO         -581691.96         732056.55         
N-W42-SO         -581226.16         732026.83         
N-E23-WE         -580796.19         732086.28         
N-W41-SO         -579470.45         732145.72         
N-W41-NO         -580366.22         732086.28         
N-W40-EA         -579470.45         727243.63         
N-W40-WE         -579473.45         726260.77         
N-W36-WE         -579319.69         717187.39         
N-W36-EA         -579327.12         717878.86         
N-W37-WE         -579327.12         719216.38         
N-W37-EA         -579327.12         719840.55         
N-W05-NO         -590699.81         726120.74         
N-W47-WE         -589490.77         715617.01         
N-C9-090         -589942.88         715947.13         
N-W08-SO         -589836.12         710473.08         
N-W08-NO         -590342.96         710397.06         
C9W-03           -589836.85         694771.32         
N-W21-WE         -579248.27         696034.97         
C9W-04           -579248.27         697026.48         
N-W24-WE         -580434.09         705478.51         
N-W25-SO         -584192.36         705319.11         
N-W25-NO         -585224.65         705319.11         
N-W09-SO         -589027.80         705319.11         
N-W09-NO         -589842.76         705319.11         
N-W23-SO         -579263.51         705565.19         
N-W28-WE         -579111.42         712958.21         
N-W28-EA         -579127.88         713788.17         
N-W31-EA         -579295.31         716508.58         
N-W39-EA         -579331.09         721784.86         
N-C9-080         -592761.66         726260.85         
388              -579300.96         754673.07         
389              -579300.96         757673.07         
394              -578481.73         754673.07         
396              -578481.73         757673.07         
398              -579300.96         751673.07         
399              -578481.73         751673.07         
N-W22-NO         -579562.94         704983.57         
C9E-04           -592971.86         737047.30         
N-E14-NO         -595507.71         736823.49         
N-E14-SO         -595040.78         736861.00         
N-E15-NO         -593973.22         736896.70         
N-E15-SO         -593484.64         736910.38         
N-E09-NO         -594919.73         747351.62         
N-E09-SO         -594591.90         747364.13         
N-E10-NO         -594029.99         747391.89         
N-E10-SO         -593650.29         747419.65         
N-E11-NO         -593293.62         747441.89         
N-E11-SO         -592980.86         747451.63         
N-E12-NO         -592775.61         747464.13         
N-E12-SO         -592476.16         747464.13         
N-E30-NO         -595884.82         752755.10         
N-MIR-010        -595927.95         756364.11         
N-E08-NO         -595649.99         747294.25         
N-E08-SO         -595285.32         747319.25         
N-E18-SO         -583623.42         741418.81         
N-E18-NO         -584187.73         741400.36         
N-E16-SO         -589008.29         741001.78         
N-E16-NO         -589412.45         741021.53         
N-E13-SO         -589236.84         746949.49         
N-E13-NO         -589871.40         746925.19         
C9E-07           -581733.92         734691.93         
N-CCA-020        -581955.72         737304.21         
N-CCA-030        -581955.72         736633.67         
N-CCC-A5         -579782.47         737381.16         
N-CCC-A6         -582976.08         736600.69         
N-CCC-A8         -579132.80         734809.29         
N-CCC-A4         -580060.76         740140.25         
N-RS             -585082.71         740162.59         
C9E-06           -585122.46         741316.80         
N-CCA-005        -588157.05         741195.88         
N-CCC-A2-1       -588084.01         739235.50         
N-C9-010         -582161.90         771929.40         
N-C9-020         -585876.25         768761.87         
N-C9-030         -589729.82         763866.24         
N-C9-040         -590979.15         762110.06         
C9E-02           -591291.57         759720.01         
N-170-010        -579267.63         711080.69         
N-170-020        -579328.61         710878.36         
N-CCB-010        -586681.99         746990.35         
N-CCC-B1         -586615.27         745495.91         
C9W-01           -589968.47         721208.28         
N-W23-NO         -579832.18         705856.89         
N-W27-SW         -584294.86         710749.82         
N-W46-WE         -586157.54         712488.11         
N-W46-EA         -586351.57         713486.01         
N-W47-EA         -589300.81         716190.00         
N-W27-NE         -584993.36         711490.20         
N-W26-SW         -584566.50         709848.49         
N-W26-NE         -585318.74         710700.89         
N-W45-WE         -587244.10         712327.15         
N-W45-EA         -588214.25         713646.96         
N-CLC-010        -589891.55         723759.26         
N-207-020        -593313.77         755720.27         
N-207-010        -593196.71         753329.74         
N-207-030        -593376.14         758053.17         
N-E22-SO         -580101.55         734988.88         
N-E22-NO         -580746.36         735024.54         
N-CCC-A2-2       -587925.17         737306.69         
N-AWC-010        -593348.49         760311.72         
N-E04-NO         -592788.30         760311.72         
N-E04-SO         -592387.93         760272.16         
N-E05-NO         -591748.58         759756.17         
ANDOVERLK        -594350.02         761753.03         
N-E01-NO         -593466.70         762188.60         
N-E01-SO         -593190.98         762200.04         
N-E02-NO         -592584.39         762200.04         
N-E02-SO         -592377.59         762211.47         
N-E03-NO         -591205.76         762383.01         
N-TE-030         -584682.80         755660.18         
N-E34-EA         -586225.08         754487.43         
N-TE-020         -587895.89         753581.22         
N-E33-SO         -589502.44         753314.68         
N-E33-NO         -590273.58         753261.38         
N-TE-010         -590980.47         753261.38         
N-TW-010         -584579.83         755096.86         
N-E34-WE         -586175.71         753990.38         
N-E32-SO         -591381.33         753271.91         
N-E30-SO         -595505.62         752829.92         
N-E31-EA         -593961.20         752862.35         
N-E31-WE         -593902.55         752148.81         
N-E35-NO         -595916.17         753381.29         
N-E29-NO         -595525.17         753429.94         
N-E29-SO         -595055.98         753283.99         
N-TXE-020        -585799.87         712230.53         
N-TXW-020        -586813.73         711820.35         
N-TXW-010        -588699.33         714014.44         
N-TXE-010        -587096.02         714089.93         
N-AEC-010        -592147.11         762586.18         
N-E37-NO         -596089.67         752773.85         
N-E38-SO         -595209.65         752839.61         
N-E36-SO         -594519.91         753398.62         

[MAP]
DIMENSIONS -610958.66 687092.68 -578481.73 778730.69
Units      None

[REPORT]
INPUT            YES
SUBCATCHMENTS    ALL
NODES            ALL
LINKS            ALL



