;; SWMM5 .inp converted from XPSWMM .xp file
;; Generated by XPSWMM Card Reader
;; Source format: XP_CARD | Original title: 10yr 6hr: Existing

[TITLE]
;;Project Title/Notes
10yr 6hr: Existing

[OPTIONS]
FLOW_UNITS           CMS
INFILTRATION         HORTON
FLOW_ROUTING         DYNWAVE
LINK_OFFSETS         DEPTH
MIN_SLOPE            0.0
ALLOW_PONDING        NO
SKIP_STEADY_STATE    NO
ROUTING_STEP         00:00:300
VARIABLE_STEP        0.75
INERTIAL_DAMPING     PARTIAL
NORMAL_FLOW_LIMITED  BOTH
MAX_TRIALS           50
HEAD_TOLERANCE       .00001

[JUNCTIONS]
;;Name           Elev       MaxDepth   InitDepth  SurDepth   Aponded
;;-------------- ---------- ---------- ---------- ---------- ----------
A1               10.00      0          0.47       0          0
A2               10.00      0          0.35       0          0
A3               4.94       0          0.46       0          0
A4               25.09      0          0.61       0          0
A5               38.92      0          0.53       0          0
A6               16.69      0          0.57       0          0
A7               38.23      0          0.56       0          0
F6               9.72       0          0          0          0
F8               8.66       0          0          0          0
F9               8.64       0          0          0          0
F11              9.02       0          0          0          0
D2               8.75       0          0          0          0
D4               8.80       0          0          0          0
D5               8.95       0          0          0          0
D6               9.17       0          0          0          0
D7               9.00       0          0          0          0
D8               9.06       0          0          0          0
D9               9.18       0          0          0          0
E2               8.80       0          0          0          0
E3               9.06       0          0          0          0
E4               9.54       0          0          0          0
E5               9.53       0          0          0          0
E6               11.65      0          0          0          0
E7               13.72      0          0          0          0
E8               14.20      0          0          0          0
E9               14.73      0          0          0          0
E10              17.12      0          0          0          0
G25              9.85       0          0.21       0          0
G33              12.91      0          0          0          0
G34              11.80      0          0          0          0
G44              13.71      0          0          0          0
G45              13.73      0          0          0          0
G46              14.06      0          0          0          0
I3               10.34      0          0.48       0          0
I5               11.31      0          0.47       0          0
I6               9.91       0          0.44       0          0
I7               10.03      0          0.41       0          0
H11cLA1          12.00      0          0.14       0          0
K28              14.30      0          0          0          0
K29              15.00      0          0          0          0
B5               14.10      0          0          0          0
B6               14.80      0          0          0          0
C1               15.65      0          0          0          0
C13              28.19      0          0          0          0
A2a              10.00      0          0.68       0          0
A1a              10.00      0          0          0          0
A3c              14.98      0          0.51       0          0
A3b              12.96      0          0.52       0          0
A3a              10.87      0          0.48       0          0
F7LA2            10.21      0          0          0          0
G40LA1           12.51      0          0          0          0
G42LA5           15.30      0          0          0          0
G42LA3           14.30      0          0          0          0
G32LA4           13.00      0          0          0          0
H11bLA1          11.30      0          0          0          0
K19LA4           14.20      0          0          0          0
K19LA3           13.80      0          0          0          0
K19LA5           14.20      0          0          0          0
C3LA5            26.30      0          0          0          0
C3LA4            25.00      0          0          0          0
C3LA3            21.50      0          0          0          0
C3LA1            19.00      0          0          0          0
B4LA3            16.30      0          0          0          0
B4LA7            22.50      0          0          0          0
B4LA6            21.00      0          0          0          0
B4LA5            20.00      0          0          0          0
B4LA15           40.80      0          0          0          0
B4LA13           39.30      0          0          0          0
B4LA18           46.80      0          0          0          0
B4LA16           45.00      0          0          0          0
B1bLA3           15.50      0          0          0          0
B1bLA4           20.30      0          0          0          0
H11eLA4          11.00      0          0.08       0          0
H11eLA2          11.00      0          0.14       0          0
K13LA1           12.30      0          0          0          0
SYCBout          11.00      0          0          0          0
LSCBout          13.00      0          0          0          0
JKLKout          10.00      0          0          0          0
SACB1out         10.05      0          0          0          0
SACB2out         11.03      0          0          0          0
SDCBout          14.00      0          0          0          0
CRCBout          23.00      0          0          0          0
SSCBout          58.00      0          0          0          0
ASCBout          24.00      0          0          0          0
PRCBout          30.30      0          0          0          0
ARCBout          45.00      0          0          0          0

[STORAGE]
;;Name           Elev       MaxDepth   InitDepth  Shape      Curve/Params
;;-------------- ---------- ---------- ---------- ---------- ----------
A8               8.00       0          0.53       FUNCTIONAL 0 0          0
A9               8.10       0          0.46       FUNCTIONAL 10.00 0          0
A10              8.00       0          0.63       FUNCTIONAL 0 0          0
A11              9.00       0          0.58       FUNCTIONAL 10.00 0          0
A12              9.00       0          0.68       FUNCTIONAL 10.00 0          0
A13              11.90      0          0.56       FUNCTIONAL 10.00 0          0
A14              11.90      0          0.66       FUNCTIONAL 10.00 0          0
A19              8.09       0          0.56       FUNCTIONAL 10.00 0          0
F1               8.59       0          0          FUNCTIONAL 10.00 0          0
F2               8.64       0          0          FUNCTIONAL 10.00 0          0
F4               8.72       0          0          FUNCTIONAL 10.00 0          0
F5               8.79       0          0          FUNCTIONAL 10.00 0          0
F7               9.73       0          0          FUNCTIONAL 0 0          0
F10              8.85       0          0          FUNCTIONAL 10.00 0          0
F12              8.80       0          0          FUNCTIONAL 10.00 0          0
F3               8.72       0          0          FUNCTIONAL 10.00 0          0
D1               8.75       0          0          FUNCTIONAL 10.00 0          0
D3               8.55       0          0          FUNCTIONAL 0 0          0
E1               8.65       0          0          FUNCTIONAL 0 0          0
SYCB             11.00      0          0.24       FUNCTIONAL 0 0          0
H1               8.18       0          0.54       FUNCTIONAL 10.00 0          0
G23              9.15       0          0.44       FUNCTIONAL 10.00 0          0
G24              9.25       0          0.38       FUNCTIONAL 0 0          0
G26              10.47      0          0          FUNCTIONAL 10.00 0          0
G31              11.59      0          0          FUNCTIONAL 10.00 0          0
GX1              12.50      0          0          FUNCTIONAL 10.00 0          0
GX2              12.60      0          0          FUNCTIONAL 10.00 0          0
G32              13.30      0          0          FUNCTIONAL 0 0          0
G35              12.05      0          0          FUNCTIONAL 0 0          0
G36              12.00      0          0          FUNCTIONAL 0 0          0
G39              12.44      0          0          FUNCTIONAL 10.00 0          0
G40              12.42      0          0          FUNCTIONAL 10.00 0          0
G41              12.60      0          0          FUNCTIONAL 10.00 0          0
G42              13.17      0          0          FUNCTIONAL 10.00 0          0
G43              13.49      0          0          FUNCTIONAL 10.00 0          0
G47              14.40      0          0          FUNCTIONAL 0 0          0
G50              14.61      0          0          FUNCTIONAL 10.00 0          0
G51              14.69      0          0          FUNCTIONAL 0 0          0
G52              14.80      0          0          FUNCTIONAL 0 0          0
H2               8.24       0          0.50       FUNCTIONAL 10.00 0          0
H4               8.67       0          0.27       FUNCTIONAL 10.00 0          0
H5               8.80       0          0.48       FUNCTIONAL 10.00 0          0
H7               9.93       0          0.21       FUNCTIONAL 10.00 0          0
H8               10.00      0          0.35       FUNCTIONAL 0 0          0
H9               10.16      0          0.53       FUNCTIONAL 0 0          0
I2               10.16      0          0.51       FUNCTIONAL 0 0          0
I4               10.22      0          0.48       FUNCTIONAL 10.00 0          0
H10              10.60      0          0.14       FUNCTIONAL 10.00 0          0
H11              10.88      0          0.20       FUNCTIONAL 10.00 0          0
H11c             10.98      0          0.19       FUNCTIONAL 0 0          0
H11d             11.05      0          0.19       FUNCTIONAL 10.00 0          0
H11dLA1          11.05      0          0.14       FUNCTIONAL 0 0          0
H14              11.16      0          0.17       FUNCTIONAL 10.00 0          0
H15              10.67      0          0.15       FUNCTIONAL 0 0          0
H16              10.86      0          0.10       FUNCTIONAL 10.00 0          0
H17              10.96      0          0.17       FUNCTIONAL 10.00 0          0
H18              11.00      0          0.19       FUNCTIONAL 10.00 0          0
H19              11.73      0          0.21       FUNCTIONAL 0 0          0
H20              11.78      0          0.17       FUNCTIONAL 0 0          0
B1               11.79      0          0.16       FUNCTIONAL 0 0          0
J3               12.35      0          0          FUNCTIONAL 10.00 0          0
J4               13.00      0          0          FUNCTIONAL 0 0          0
J5               12.50      0          0          FUNCTIONAL 10.00 0          0
J6               12.56      0          0          FUNCTIONAL 10.00 0          0
J7               13.24      0          0          FUNCTIONAL 10.00 0          0
K1               11.93      0          0.02       FUNCTIONAL 0 0          0
K6               12.21      0          0          FUNCTIONAL 10.00 0          0
K7               11.76      0          0          FUNCTIONAL 0 0          0
K13              12.04      0          0          FUNCTIONAL 0 0          0
K19              12.34      0          0          FUNCTIONAL 0 0          0
K26              14.00      0          0          FUNCTIONAL 10.00 0          0
K27              14.30      0          0          FUNCTIONAL 0 0          0
B1b              11.89      0          0.06       FUNCTIONAL 0 0          0
B2               12.00      0          0.02       FUNCTIONAL 10.00 0          0
B3               12.00      0          0          FUNCTIONAL 0 0          0
B4               12.34      0          0          FUNCTIONAL 0 0          0
BX2              13.71      0          0          FUNCTIONAL 10.00 0          0
C2               17.20      0          0          FUNCTIONAL 100.00 0          0
C3               17.33      0          0          FUNCTIONAL 0 0          0
C4               17.32      0          0          FUNCTIONAL 0 0          0
C5               18.04      0          0          FUNCTIONAL 0 0          0
C6               19.90      0          0          FUNCTIONAL 0 0          0
C7               20.29      0          0          FUNCTIONAL 0 0          0
C8               22.81      0          0          FUNCTIONAL 0 0          0
C9               25.35      0          0          FUNCTIONAL 0 0          0
C10              26.11      0          0          FUNCTIONAL 0 0          0
C11              26.34      0          0          FUNCTIONAL 0 0          0
C12              27.57      0          0          FUNCTIONAL 0 0          0
SDCB             14.00      0          0          FUNCTIONAL 0 0          0
B4LA12           37.30      0          0          FUNCTIONAL 0 0          0
LSCB             13.00      0          0.13       FUNCTIONAL 0 0          0
PRCB             30.30      0          0          FUNCTIONAL 0 0          0
A8LA1            8.00       0          0          FUNCTIONAL 0 0          0
A17              8.00       0          0.59       FUNCTIONAL 10.00 0          0
HLK1             8.24       0          2.10       FUNCTIONAL 0 0          0
HLK2             8.27       0          2.00       FUNCTIONAL 0 0          0
BGCS             8.27       0          0.46       FUNCTIONAL 10.00 0          0
HLK3             8.27       0          2.00       FUNCTIONAL 0 0          0
F7LA1            10.21      0          0          FUNCTIONAL 10.00 0          0
F12LA1           10.21      0          0          FUNCTIONAL 10.00 0          0
G36a             12.08      0          0          FUNCTIONAL 0 0          0
G42LA1           13.45      0          0          FUNCTIONAL 10.00 0          0
G52LA1           15.80      0          0          FUNCTIONAL 0 0          0
G52LA2           25.30      0          0          FUNCTIONAL 10.00 0          0
G42LA2           14.90      0          0          FUNCTIONAL 10.00 0          0
G42LA6           18.30      0          0          FUNCTIONAL 0 0          0
G42LA4           14.30      0          0          FUNCTIONAL 0 0          0
G32LA2           13.61      0          0          FUNCTIONAL 0 0          0
G32LA1           13.30      0          0          FUNCTIONAL 10.00 0          0
G32LA3           13.00      0          0          FUNCTIONAL 10.00 0          0
H8a              10.05      0          0.20       FUNCTIONAL 0 0          0
SACB1            10.05      0          0.75       FUNCTIONAL 0 0          0
JKLK             10.00      0          1.34       FUNCTIONAL 0 0          0
H9a              10.98      0          0.14       FUNCTIONAL 10.00 0          0
SACB2            11.03      0          1.60       FUNCTIONAL 0 0          0
H11b             10.96      0          0.19       FUNCTIONAL 0 0          0
H11a             10.92      0          0.20       FUNCTIONAL 0 0          0
H11bLA2          11.80      0          0          FUNCTIONAL 10.00 0          0
H11cLA2          12.00      0          0.02       FUNCTIONAL 0 0          0
H11e             11.14      0          0.18       FUNCTIONAL 0 0          0
J2               12.09      0          0          FUNCTIONAL 0 0          0
J2LA1            13.00      0          0          FUNCTIONAL 0 0          0
B1a              11.85      0          0.10       FUNCTIONAL 0 0          0
B1aLA1           14.00      0          0.06       FUNCTIONAL 10.00 0          0
K19LA2           14.11      0          0          FUNCTIONAL 10.00 0          0
K19LA7           14.30      0          0          FUNCTIONAL 10.00 0          0
K19LA8           14.10      0          0          FUNCTIONAL 0 0          0
B4a              12.82      0          0          FUNCTIONAL 10.00 0          0
C3LA9            34.80      0          0          FUNCTIONAL 0 0          0
C3LA8            31.30      0          0          FUNCTIONAL 10.00 0          0
C3LA7            28.30      0          0          FUNCTIONAL 10.00 0          0
C3LA6            28.30      0          0          FUNCTIONAL 0 0          0
C3LA2            21.00      0          0          FUNCTIONAL 10.00 0          0
C13LA1           27.80      0          0          FUNCTIONAL 0 0          0
C13LA2           32.30      0          0          FUNCTIONAL 10.00 0          0
C13LA8           32.00      0          0          FUNCTIONAL 10.00 0          0
C13LA4           29.30      0          0          FUNCTIONAL 10.00 0          0
ASCB             24.00      0          0          FUNCTIONAL 0 0          0
C13LA6           25.10      0          0          FUNCTIONAL 0 0          0
C13LA5           25.30      0          0          FUNCTIONAL 10.00 0          0
C13LA16          54.30      0          0          FUNCTIONAL 0 0          0
C13LA15          47.30      0          0          FUNCTIONAL 0 0          0
C13LA13          45.10      0          0          FUNCTIONAL 10.00 0          0
C13LA12          44.30      0          0          FUNCTIONAL 0 0          0
C13LA11          38.80      0          0          FUNCTIONAL 10.00 0          0
C13LA10          33.30      0          0          FUNCTIONAL 0 0          0
ARCB             45.00      0          0          FUNCTIONAL 0 0          0
C13LA3           28.80      0          0          FUNCTIONAL 10.00 0          0
K19LA1           12.38      0          0          FUNCTIONAL 10.00 0          0
C13LA17          56.30      0          0          FUNCTIONAL 0 0          0
HLK3LA1          8.00       0          2.00       FUNCTIONAL 0 0          0
B5LA1            15.80      0          0          FUNCTIONAL 0 0          0
B4b              13.26      0          0          FUNCTIONAL 10.00 0          0
B4LA1            13.38      0          0          FUNCTIONAL 10.00 0          0
B4LA2            14.50      0          0          FUNCTIONAL 0 0          0
B4LA4            17.30      0          0          FUNCTIONAL 10.00 0          0
B4LA8            23.30      0          0          FUNCTIONAL 0 0          0
B4LA9            22.80      0          0          FUNCTIONAL 0 0          0
CRCB             23.00      0          0          FUNCTIONAL 0 0          0
B4LA11           25.30      0          0          FUNCTIONAL 0 0          0
B4LA14           40.30      0          0          FUNCTIONAL 0 0          0
B4LA17           45.30      0          0          FUNCTIONAL 0 0          0
SSCB             58.00      0          0          FUNCTIONAL 0 0          0
B4LA19           53.30      0          0          FUNCTIONAL 10.00 0          0
B1bLA2           15.20      0          0          FUNCTIONAL 10.00 0          0
B1bLA1           12.00      0          0          FUNCTIONAL 10.00 0          0
B1bLA5           20.30      0          0          FUNCTIONAL 10.00 0          0
B1bLA6           26.30      0          0          FUNCTIONAL 10.00 0          0
B1bLA7           20.80      0          0          FUNCTIONAL 10.00 0          0
H11eLA6          11.00      0          0          FUNCTIONAL 0 0          0
H11eLA5          11.00      0          0.05       FUNCTIONAL 10.00 0          0
H11eLA3          11.00      0          0.12       FUNCTIONAL 10.00 0          0
H11eLA1          11.16      0          0.16       FUNCTIONAL 10.00 0          0
K13LA2           13.30      0          0          FUNCTIONAL 10.00 0          0

[CONDUITS]
;;Name           From             To               Length     Roughness  InOffset   OutOffset  InitFlow   MaxFlow
;;-------------- ---------------- ---------------- ---------- ---------- ---------- ---------- ---------- ----------
HM17_1           A14              A13              54.86      0.0120     5.98       5.95       0          0
HM16_1           A13              A12              379.00     0.0250     5.95       5.81       0          0
HM14_1           A11              A10              127.76     0.0250     5.80       5.75       0          0
HM13_1           A10              A9               12.20      0.0120     5.75       5.74       0          0
HM12_1           A9               A8               270.00     0.0250     5.74       5.64       0          0
HP5_1            F12              F3               119.00     0.0250     7.26       7.18       0          0
HP13_1           F11              F10              21.00      0.0120     7.88       7.70       0          0
HP12_1           F10              F9               45.00      0.0120     7.70       7.62       0          0
HP11_1           HP11_2           F8               55.10      0.1000     0          0          0          0
HP10_1           F8               F3               51.20      0.0120     7.60       7.51       0          0
HP9_1            F7               F6               114.00     0.0120     8.12       7.87       0          0
HP8_1            F6               F5               54.00      0.0120     7.87       7.75       0          0
HP7_1            F5               F4               55.50      0.0250     7.75       7.72       0          0
HP6_1            F4               F3               3.50       0.0120     7.72       7.70       0          0
HP4_1            F3               F2               117.50     0.0250     7.18       7.10       0          0
HP3_1            HP3L_1           HP3L_3           19.40      0.1000     0          0          0          0
HP2_1            F1               HLK3             200.00     0.0250     7.05       6.73       0          0
FL10_1           FL10_2           D8               45.50      0.1000     0          0          0          0
FL9_1            FL9_2            D7               45.50      0.1000     0          0          0          0
FL8_1            FL8_2            D6               45.50      0.1000     0          0          0          0
FL7_1            FL7_2            D5               45.50      0.1000     0          0          0          0
FL6_1            FL6_2            D4               82.90      0.1000     0          0          0          0
FL5_1            FL5_2            D3               82.90      0.1000     0          0          0          0
FL4_1            D3               D2               89.00      0.0120     6.94       6.85       0          0
FL3_1            D2               D1               20.00      0.0120     6.75       6.73       0          0
SY10_1           E10              E9               61.00      0.0120     15.00      13.60      0          0
SY9_1            E9               E8               14.00      0.0120     13.60      13.10      0          0
SY8_1            E8               E7               11.00      0.0120     12.40      12.20      0          0
SY7_1            E7               E6               69.00      0.0120     12.20      10.20      0          0
SY6_1            E6               E5               70.00      0.0120     10.20      8.20       0          0
SY5_1            E5               E4               11.00      0.0120     7.24       7.23       0          0
SY4_1            SY4_2            E3               9.50       0.1000     0          0          0          0
SY3_1            SY3_2            E2               9.50       0.1000     0          0          0          0
SY2_1            SY2_2            E1               9.50       0.1000     0          0          0          0
SY1_1            E1               D2               18.00      0.0120     6.82       6.75       0          0
HM21_1           H1               A19              429.50     0.0250     6.25       6.16       0          0
BG4_1            G24              G23              49.40      0.0120     6.42       6.36       0          0
BG2_1            BGCS             H1               970.00     0.0250     6.34       6.25       0          0
BG6_1            G26              G25              148.10     0.0120     6.83       6.60       0          0
BG5_1            G25              G24              129.10     0.0120     6.59       6.46       0          0
BG13_1           G31              GX2              42.00      0.0250     9.40       9.35       0          0
BG12_1           GX2              GX1              61.00      0.0120     9.35       9.27       0          0
BG14_1           G32              G31              107.90     0.0120     9.76       9.40       0          0
BG15_1           G33              G32              39.30      0.0120     9.80       9.76       0          0
BG18_1           G36              G35              166.10     0.0120     9.85       9.87       0          0
BG17_1           G35              G34              106.30     0.0120     9.87       9.50       0          0
BG16_1           G34              G33              63.90      0.0120     9.50       9.80       0          0
BG23_1           G42              G41              100.90     0.0120     10.60      10.44      0          0
BG22_1           G41              G40              5.00       0.0250     10.44      10.27      0          0
BG21_1           G40              G39              7.60       0.0120     10.27      10.31      0          0
BG24_1           G43              G42              171.30     0.0250     10.92      10.60      0          0
BG25_1           G44              G43              115.70     0.0120     11.10      10.92      0          0
BG28_1           G47              G46              40.90      0.0120     11.64      11.38      0          0
BG27_1           G46              G45              39.90      0.0120     11.38      11.20      0          0
BG26_1           G45              G44              42.80      0.0120     11.20      11.11      0          0
BG30_1           BG30_2           G50              116.30     0.1000     0          0          0          0
BG31_1           BG31_2           G51              116.30     0.1000     0          0          0          0
OS1_1            H2               H1               253.23     0.0250     6.31       6.25       0          0
OS3_1            OS3_2            H4               19.70      0.1000     0          0          0          0
OS5_1            H8               H7               38.27      0.0120     7.24       7.15       0          0
OS4_1            H7               H5               47.00      0.0250     7.15       6.87       0          0
JK5_1            I5               I4               35.36      0.0120     7.68       7.64       0          0
JK4_1            I4               I3               42.98      0.0120     7.64       7.60       0          0
JK3_1            I3               I2               91.13      0.0120     7.60       7.52       0          0
JK2_1            I2               H9               36.58      0.0120     7.52       7.47       0          0
JK6_1            I6               I5               91.13      0.0120     7.76       7.68       0          0
JK8_1            JKLK             I7               114.30     0.0120     7.95       7.85       0          0
JK7_1            I7               I6               91.13      0.0120     7.85       7.76       0          0
OS11_1           H11              H10              49.90      0.0120     8.22       8.07       0          0
H11cL1_1         H11cLA1          H11c             68.91      0.0250     8.37       8.32       0          0
H11dL1_1         H11dLA1          H11d             27.20      0.0120     8.44       8.39       0          0
OS15_1           H11d             H11c             273.00     0.0250     8.39       8.32       0          0
OS18_1           H15              H14              142.61     0.0120     8.65       8.50       0          0
OS16_1           H11e             H11d             300.00     0.0250     8.48       8.39       0          0
OS20_1           H17              H16              97.70      0.0120     9.00       8.84       0          0
OS19_1           H16              H15              350.00     0.0250     8.84       8.65       0          0
OS24_1           H20              H19              48.00      0.0140     9.42       9.37       0          0
OS22_1           H19              H18              41.90      0.0120     9.37       9.36       0          0
AS1_1            B1               H20              87.00      0.0250     9.43       9.42       0          0
HT5_1            J4               J3               106.00     0.0120     10.35      9.99       0          0
HT6_1            J7               J4               231.00     0.0250     11.14      10.90      0          0
HT4_1            J6               J5               62.00      0.0250     10.20      10.14      0          0
HT3_1            J5               J3               150.00     0.0250     10.14      9.99       0          0
JN3_1            K7               K6               53.00      0.0120     10.03      9.85       0          0
JN8_1            K28              K27              66.60      0.0120     12.28      11.79      0          0
JN7_1            K27              K26              81.30      0.0120     11.79      11.80      0          0
JN9_1            K29              K28              65.00      0.0120     12.37      12.33      0          0
AS5_1            B3               B2               48.50      0.0120     9.59       9.57       0          0
AS4_1            B2               B1b              222.00     0.0250     9.57       9.53       0          0
AS6_1            B4               B3               551.00     0.0250     9.92       9.59       0          0
AS7_1            B4a              B4               200.00     0.0250     10.41      9.92       0          0
AS10_1           AS10_2           BX2              91.60      0.1000     0          0          0          0
AS11_1           AS11_2           B5               91.60      0.1000     0          0          0          0
XJ2_1            XJ2_2            C1               91.60      0.1000     0          0          0          0
XJ1_1            XJ1_2            B6               91.60      0.1000     0          0          0          0
XJ4_1            C4               C3               33.40      0.0120     15.09      14.80      0          0
XJ3_1            C3               C2               20.00      0.0120     14.41      14.28      0          0
XJ8_1            C8               C7               67.00      0.0120     19.46      17.76      0          0
XJ6_1            C6               C5               81.90      0.0120     17.25      15.84      0          0
XJ5_1            XJ5_2            C4               91.60      0.1000     0          0          0          0
XJ7_1            C7               C6               14.00      0.0120     17.66      17.26      0          0
XJ12_1           XJ12_2           C11              91.60      0.1000     0          0          0          0
XJ11_1           XJ11_2           C10              91.60      0.1000     0          0          0          0
XJ10_1           C10              C9               40.30      0.0120     23.25      22.75      0          0
XJ9_1            C9               C8               67.20      0.0120     21.29      19.51      0          0
XJ13_1           XJ13_2           C12              91.60      0.1000     0          0          0          0
BG20_1           G39              G36a             198.00     0.0250     10.63      10.28      0          0
HM1a_1           A2               A1               27.30      0.0120     0.95       0.61       0          0
HM1b_1           A2               A1a              20.00      0.0120     1.85       1.60       0          0
HM2_1            A2a              A2               38.08      0.0120     1.15       1.10       0          0
HM11_1           A8               A7               906.78     0.0120     5.64       4.27       0          0
HM10_1           A7               A6               455.68     0.0120     4.27       3.60       0          0
HM9_1            A6               A5               496.82     0.0120     3.60       2.85       0          0
HM8_1            A5               A4               609.60     0.0120     2.85       1.94       0          0
HM7_1            A4               A3c              282.24     0.0120     1.94       1.52       0          0
HM6_1            A3c              A3b              10.97      0.0120     1.52       1.50       0          0
HM5_1            A3b              A3a              10.67      0.0120     1.50       1.48       0          0
HM3_1            A3               A2a              223.11     0.0120     1.39       1.06       0          0
HM4_1            A3a              A3               61.87      0.0120     1.48       1.39       0          0
A8L1_1           A8LA1            A8               282.20     0.0120     6.14       5.78       0          0
HM15_1           A12              A11              36.60      0.0120     5.81       5.80       0          0
HM19_1           A17              A14              186.30     0.0250     6.07       6.03       0          0
HM20_1           A19              A17              424.82     0.0250     6.16       6.07       0          0
OS2_1            H4               H2               544.80     0.0250     6.74       6.31       0          0
BG3_1            G23              BGCS             200.00     0.0250     6.36       6.34       0          0
F7L1_1           F7L1_2           F7               55.10      0.1000     0          0          0          0
F12L1_1          F12L1_2          F12              55.10      0.1000     0          0          0          0
F12L2_1          F7LA2            F12              115.80     0.0120     8.21       7.82       0          0
F7L2_1           F7L2_2           F7LA1            55.10      0.1000     0          0          0          0
FL2_1            D1               HLK3             220.00     0.0250     6.73       6.25       0          0
BG8_1            GX1              G26              227.00     0.0250     9.27       8.76       0          0
BG19_1           G36a             G36              36.00      0.0250     10.28      10.20      0          0
G40L1_1          G40LA1           G40              75.00      0.0250     10.36      10.27      0          0
G42L1_1          G42LA1           G42              223.00     0.0250     10.87      10.60      0          0
BG29_1           G50              G47              62.70      0.0250     11.84      11.64      0          0
G52L1_1          G52L1_2          G52L1_3          200.00     0.0120     13.98      12.44      0          0
G52L2_1          G52L2_2          G52              200.00     0.0120     22.69      12.83      0          0
G42L2_1          G42L2_2          G42LA1           104.60     0.0120     11.70      11.03      0          0
G42L6_1          G42L6_2          G42L6_3          101.10     0.0120     16.89      13.40      0          0
G42L5_1          G42L5_2          G42L5_3          91.90      0.0120     13.40      12.39      0          0
G42L4_1          G42L4_2          G42L4_3          76.00      0.0120     12.39      11.38      0          0
G42L3_1          G42L3_2          G42              39.00      0.0120     11.38      11.37      0          0
G32L2_1          G32L2_2          G32LA1           124.40     0.0120     11.07      10.82      0          0
G32L1_1          G32L1_2          G32              178.08     0.0120     10.73      9.93       0          0
G32L5_1          LSCB             G32LA4           67.50      0.0120     11.13      11.06      0          0
G32L4_1          G32LA4           G32LA3           55.50      0.0120     11.06      10.97      0          0
G32L3_1          G32LA3           G32              296.58     0.0120     10.96      10.53      0          0
OS7_1            H8a              H8               70.00      0.0250     7.68       7.63       0          0
OS8_1            H9               H8a              170.00     0.0250     7.79       7.68       0          0
H8aL1_1          SACB1            H8a              7.32       0.0120     8.85       8.80       0          0
OS10_1           H10              H9a              85.35      0.0250     8.07       8.01       0          0
OS9_1            H9a              H9               340.00     0.0250     8.01       7.79       0          0
H9aL1_1          SACB2            H9a              6.10       0.0120     10.70      10.65      0          0
OS14_1           H11c             H11b             107.00     0.0250     8.32       8.29       0          0
OS13_1           H11b             H11a             120.00     0.0250     8.29       8.26       0          0
OS12_1           H11a             H11              160.00     0.0250     8.26       8.22       0          0
H11bL2_1         H11bL2_2         H11bLA1          43.40      0.0120     9.16       8.89       0          0
H11bL1_1         H11bL1_2         H11b             204.40     0.0120     8.76       8.33       0          0
H11cL2_1         H11cLA2          H11cLA1          52.00      0.0120     8.49       8.37       0          0
OS17_1           H14              H11e             56.00      0.0250     8.50       8.48       0          0
OS21_1           H18              H17              200.00     0.0140     9.19       9.14       0          0
HT2_1            J3               J2               320.00     0.0250     9.99       9.73       0          0
HT1_1            J2               H20              300.00     0.0250     9.73       9.42       0          0
J2L1_1           J2LA1            J2               110.00     0.0120     9.81       9.73       0          0
JN1_1            K1               B1               158.00     0.0250     9.57       9.43       0          0
JN2_1            K6               K1               387.00     0.0250     9.85       9.57       0          0
AS3_1            B1b              B1a              210.00     0.0250     9.53       9.49       0          0
AS2_1            B1a              B1               326.00     0.0250     9.49       9.43       0          0
B1aL1_1          B1aLA1           B1a              250.00     0.0250     9.53       9.49       0          0
JN4_1            K13              K7               358.00     0.0250     10.30      10.03      0          0
JN5_1            K19              K13              301.00     0.0250     10.60      10.30      0          0
AL1_1            K19              B4               353.00     0.0250     10.21      10.21      0          0
JN6_1            K26              K19              399.50     0.0250     11.80      10.60      0          0
K19L6_1          SDCB             K19LA5           182.80     0.0120     11.70      11.26      0          0
K19L4_1          K19LA4           K19LA3           226.00     0.0120     11.13      10.98      0          0
K19L3_1          K19LA3           K19LA2           104.50     0.0120     10.70      10.63      0          0
K19L2_1          K19LA2           K19LA1           192.10     0.0120     10.63      10.45      0          0
K19L7_1          K19L7_2          K19LA2           80.20      0.1000     0          0          0          0
K19L8_1          K19LA8           K19LA3           170.60     0.0120     11.01      10.85      0          0
K19L5_1          K19LA5           K19LA4           40.00      0.0120     11.26      11.13      0          0
AS8_1            B4b              B4a              180.00     0.0250     10.85      10.41      0          0
C3L9_1           C3L9_2           C3LA8            91.60      0.1000     0          0          0          0
C3L8_1           C3L8_2           C3LA7            91.60      0.1000     0          0          0          0
C3L7_1           C3L7_2           C3LA6            91.60      0.1000     0          0          0          0
C3L6_1           C3L6_2           C3LA5            91.60      0.1000     0          0          0          0
C3L5_1           C3LA5            C3LA4            150.30     0.0120     23.92      23.63      0          0
C3L4_1           C3LA4            C3LA3            61.00      0.0120     22.68      19.43      0          0
C3L1_1           C3LA1            C3               73.00      0.0120     15.61      14.96      0          0
C3L3_1           C3LA3            C3LA2            30.50      0.0120     18.53      18.31      0          0
C3L2_1           C3LA2            C3LA1            32.50      0.0120     16.98      15.96      0          0
C13L1_1          C13LA1           C13              180.60     0.0120     26.13      25.35      0          0
C13L2_1          C13L2_2          C13              91.60      0.1000     0          0          0          0
C13L9_1          PRCB             C13LA8           129.80     0.0120     27.82      27.29      0          0
C13L8_1          C13LA8           C13LA4           120.00     0.0120     27.06      26.83      0          0
C13L3_1          C13L3_2          C13              91.60      0.1000     0          0          0          0
C13L5_1          C13L5_2          C13LA5           91.60      0.1000     0          0          0          0
C13L6_1          C13L6_2          C13LA6           91.60      0.1000     0          0          0          0
C13L7_1          C13L7_2          ASCB             91.60      0.1000     0          0          0          0
C13L16_1         C13LA16          C13LA15          222.30     0.0120     50.66      44.44      0          0
C13L15_1         C13LA15          C13LA13          79.20      0.0120     44.30      42.97      0          0
C13L13_1         C13L13_2         C13LA12          91.60      0.1000     0          0          0          0
C13L12_1         C13LA12          C13LA11          393.90     0.0120     40.44      36.54      0          0
C13L11_1         C13LA11          C13LA10          522.20     0.0120     35.09      30.48      0          0
C13L10_1         C13L10_2         PRCB             149.40     0.0120     29.42      29.00      0          0
C13L14_1         C13L14_2         ARCB             91.60      0.1000     0          0          0          0
C13L4_1          C13L4_2          C13LA3           91.60      0.1000     0          0          0          0
K19L1_1          K19LA1           K19              35.00      0.0250     10.45      10.40      0          0
C13L17_1         C13LA17          C13LA16          79.00      0.0120     53.30      50.66      0          0
HLK3L1_1         HLK3LA1          HLK3             25.00      0.0120     6.50       6.45       0          0
B5L1_1           B5LA1            B5               238.70     0.0120     12.29      11.89      0          0
AS9_1            BX2              B4b              183.90     0.0250     11.29      10.85      0          0
B4L1_1           B4LA1            B4               185.00     0.0250     12.15      11.11      0          0
B4L2_1           B4L2_2           B4LA1            91.60      0.1000     0          0          0          0
B4L4_1           B4L4_2           B4LA3            91.60      0.1000     0          0          0          0
B4L3_1           B4L3_2           B4LA2            91.60      0.1000     0          0          0          0
B4L8_1           B4LA8            B4LA7            22.20      0.0120     20.12      20.05      0          0
B4L7_1           B4LA7            B4LA6            98.80      0.0120     20.05      19.06      0          0
B4L6_1           B4LA6            B4LA5            195.00     0.0120     18.85      17.77      0          0
B4L5_1           B4LA5            B4LA4            125.00     0.0120     17.77      14.49      0          0
B4L9_1           B4LA8            B4LA9            40.70      0.0120     21.40      21.03      0          0
B4L10_1          B4LA9            CRCB             32.50      0.0120     21.04      20.93      0          0
B4L12_1          B4LA12           B4LA11           464.10     0.0120     35.46      23.05      0          0
B4L11_1          B4LA11           B4LA8            109.80     0.0120     22.51      21.42      0          0
B4L15_1          B4L15_2          B4LA14           91.60      0.1000     0          0          0          0
B4L14_1          B4L14_2          B4LA13           91.60      0.1000     0          0          0          0
B4L13_1          B4L13_2          B4LA12           91.60      0.1000     0          0          0          0
B4L18_1          B4L18_2          B4LA17           91.60      0.1000     0          0          0          0
B4L17_1          B4LA17           B4LA16           106.90     0.0120     43.58      43.14      0          0
B4L16_1          B4LA16           B4LA15           106.90     0.0120     43.14      38.87      0          0
B4L20_1          SSCB             B4LA19           330.00     0.0120     55.00      50.84      0          0
B4L19_1          B4L19_2          B4LA18           91.60      0.1000     0          0          0          0
B1bL3_1          B1bLA3           B1bLA2           39.30      0.0120     14.05      13.29      0          0
B1bL2_1          B1bLA2           B1bLA1           350.00     0.0250     13.29      10.10      0          0
B1bL1_1          B1bL1_2          B1b              5.00       0.0120     10.10      10.09      0          0
B1bL4_1          B1bLA4           B1bLA3           185.20     0.0120     17.76      14.05      0          0
B1bL5_1          B1bLA5           B1bLA4           211.00     0.0120     18.73      17.76      0          0
B1bL6_1          B1bL6_2          B1bLA4           196.70     0.0120     25.30      19.42      0          0
B1bL7_1          B1bLA7           B1bLA4           240.00     0.0120     19.19      18.08      0          0
H11eL6_1         H11eLA6          H11eLA5          252.00     0.0120     8.76       8.61       0          0
H11eL5_1         H11eLA5          H11eLA4          90.00      0.0250     8.61       8.58       0          0
H11eL4_1         H11eLA4          H11eLA3          74.00      0.0120     8.58       8.54       0          0
H11eL3_1         H11eLA3          H11eLA2          60.00      0.0250     8.54       8.52       0          0
H11eL2_1         H11eLA2          H11eLA1          22.00      0.0120     8.52       8.50       0          0
H11eL1_1         H11eLA1          H11e             55.00      0.0250     8.50       8.48       0          0
K13L2_1          K13L2_2          K13LA1           80.00      0.0120     10.62      10.49      0          0
K13L1_1          K13L1_2          K13              54.10      0.0120     10.49      10.30      0          0
B1bL9_1          B1bLA7           B2               550.00     0.0150     20.50      10.86      0          0
B1bL8_1          B1bLA5           B1bLA2           375.00     0.0150     20.00      14.89      0          0
C13L20_1         C13LA3           ASCB             220.00     0.0150     28.50      23.70      0          0
C13L21_1         PRCB             C13LA5           300.00     0.0150     30.00      25.00      0          0
C3L10_1          C3LA7            B4LA4            700.00     0.0150     28.00      17.00      0          0
RATING1          SYCB             SYCBout          10.00      0.0140     6.25       6.25       0          0
RATING2          LSCB             LSCBout          10.00      0.0140     11.00      11.00      0          0
RATING3          JKLK             JKLKout          10.00      0.0140     7.00       7.00       0          0
RATING4          SACB1            SACB1out         10.00      0.0140     7.25       7.25       0          0
RATING5          SACB2            SACB2out         10.00      0.0140     8.15       8.15       0          0
RATING6          SDCB             SDCBout          10.00      0.0140     11.70      11.70      0          0
RATING7          CRCB             CRCBout          10.00      0.0140     20.90      20.90      0          0
RATING8          SSCB             SSCBout          10.00      0.0140     55.00      55.00      0          0
RATING9          ASCB             ASCBout          10.00      0.0140     22.00      22.00      0          0
RATING10         PRCB             PRCBout          10.00      0.0140     27.00      27.00      0          0
RATING11         ARCB             ARCBout          10.00      0.0140     41.90      41.90      0          0
C13L22_1         ASCB             C7               275.00     0.0150     23.70      19.99      0          0

[WEIRS]
;;Name           From             To               Type       CrestHt    Qcoeff     Gated    EndCon   EndCoeff   Surcharge
;;-------------- ---------------- ---------------- ---------- ---------- ---------- -------- -------- ---------- ----------
HL1W_1           HL1W_2           HLK1             V-NOTCH    7.00       1.840      NO       0        0          YES
HL2W_1           HL2W_2           HLK2             V-NOTCH    7.00       1.840      NO       0        0          YES
HL3W_1           HL3W_2           HLK2             V-NOTCH    7.00       1.840      NO       0        0          YES
HL4W_1           HL4W_2           HLK3             V-NOTCH    7.00       1.840      NO       0        0          YES

[PUMPS]
;;Name           From             To               PumpCurve  Status   Startup    Shutoff
;;-------------- ---------------- ---------------- ---------- -------- ---------- ----------
SYPMP_1          SYCB             E10              *          ON       0          0         

[XSECTIONS]
;;Link           Shape        Geom1      Geom2      Geom3      Geom4      Barrels
;;-------------- ------------ ---------- ---------- ---------- ---------- ----------
HM17_1           CIRCULAR     1.57       0          0          0          1
HM16_1           TRAPEZOIDAL  3.19       5.50       0          0          1
HM14_1           TRAPEZOIDAL  2.25       5.50       0          0          1
HM13_1           CIRCULAR     1.52       0          0          0          1
HM12_1           TRAPEZOIDAL  2.36       5.50       0          0          1
HP5_1            TRAPEZOIDAL  1.54       2.00       0          0          1
HP13_1           CIRCULAR     0.30       0          0          0          1
HP12_1           CIRCULAR     0.23       0          0          0          1
HP11_1           CIRCULAR     0.09       0          0          0          1
HP10_1           CIRCULAR     0.46       0          0          0          1
HP9_1            CIRCULAR     0.68       0          0          0          1
HP8_1            CIRCULAR     0.68       0          0          0          1
HP7_1            TRAPEZOIDAL  1.00       2.00       0          0          1
HP6_1            CIRCULAR     0.68       0          0          0          1
HP4_1            TRAPEZOIDAL  1.54       2.00       0          0          1
HP3_1            CIRCULAR     0.09       0          0          0          2
HP2_1            TRAPEZOIDAL  1.54       2.00       0          0          1
FL10_1           CIRCULAR     0.09       0          0          0          1
FL9_1            CIRCULAR     0.09       0          0          0          1
FL8_1            CIRCULAR     0.09       0          0          0          1
FL7_1            CIRCULAR     0.09       0          0          0          1
FL6_1            CIRCULAR     0.09       0          0          0          1
FL5_1            CIRCULAR     0.09       0          0          0          1
FL4_1            RECT_CLOSED  0.63       1.24       0          0          1
FL3_1            CIRCULAR     0.91       0          0          0          2
SY10_1           CIRCULAR     0.46       0          0          0          1
SY9_1            CIRCULAR     0.46       0          0          0          1
SY8_1            CIRCULAR     0.46       0          0          0          1
SY7_1            CIRCULAR     0.46       0          0          0          1
SY6_1            CIRCULAR     0.46       0          0          0          1
SY5_1            CIRCULAR     0.61       0          0          0          1
SY4_1            CIRCULAR     0.09       0          0          0          1
SY3_1            CIRCULAR     0.09       0          0          0          1
SY2_1            CIRCULAR     0.09       0          0          0          1
SY1_1            CIRCULAR     0.61       0          0          0          1
HM21_1           TRAPEZOIDAL  1.93       3.00       0          0          1
BG4_1            CIRCULAR     1.83       0          0          0          1
BG2_1            TRAPEZOIDAL  1.93       3.00       0          0          1
BG6_1            CIRCULAR     1.83       0          0          0          1
BG5_1            CIRCULAR     1.83       0          0          0          1
BG13_1           TRAPEZOIDAL  2.19       2.00       0          0          1
BG12_1           CIRCULAR     1.83       0          0          0          1
BG14_1           CIRCULAR     1.83       0          0          0          1
BG15_1           CIRCULAR     1.83       0          0          0          1
BG18_1           RECT_CLOSED  1.24       1.83       0          0          1
BG17_1           RECT_CLOSED  1.24       1.83       0          0          1
BG16_1           RECT_CLOSED  1.24       1.83       0          0          1
BG23_1           CIRCULAR     1.22       0          0          0          2
BG22_1           TRAPEZOIDAL  2.15       2.00       0          0          1
BG21_1           CIRCULAR     1.22       0          0          0          2
BG24_1           TRAPEZOIDAL  2.57       2.00       0          0          1
BG25_1           CIRCULAR     1.22       0          0          0          1
BG28_1           CIRCULAR     1.07       0          0          0          1
BG27_1           CIRCULAR     1.07       0          0          0          1
BG26_1           CIRCULAR     1.22       0          0          0          1
BG30_1           CIRCULAR     0.09       0          0          0          1
BG31_1           CIRCULAR     0.09       0          0          0          1
OS1_1            TRAPEZOIDAL  1.93       3.00       0          0          1
OS3_1            CIRCULAR     0.09       0          0          0          1
OS5_1            CIRCULAR     0.91       0          0          0          2
OS4_1            TRAPEZOIDAL  1.93       3.00       0          0          1
JK5_1            CIRCULAR     0.46       0          0          0          1
JK4_1            CIRCULAR     0.46       0          0          0          1
JK3_1            CIRCULAR     0.46       0          0          0          1
JK2_1            CIRCULAR     0.46       0          0          0          1
JK6_1            CIRCULAR     0.46       0          0          0          1
JK8_1            CIRCULAR     0.46       0          0          0          1
JK7_1            CIRCULAR     0.46       0          0          0          1
OS11_1           CIRCULAR     1.22       0          0          0          2
H11cL1_1         TRAPEZOIDAL  2.66       1.00       0          0          1
H11dL1_1         CIRCULAR     1.22       0          0          0          1
OS15_1           TRAPEZOIDAL  2.66       5.00       0          0          1
OS18_1           CIRCULAR     1.52       0          0          0          2
OS16_1           TRAPEZOIDAL  2.66       5.00       0          0          1
OS20_1           CIRCULAR     1.07       0          0          0          2
OS19_1           TRAPEZOIDAL  2.02       5.00       0          0          1
OS24_1           IRREGULAR    2.36       0          0          0          1
OS22_1           CIRCULAR     1.07       0          0          0          2
AS1_1            TRAPEZOIDAL  2.36       6.00       0          0          1
HT5_1            CIRCULAR     1.22       0          0          0          1
HT6_1            TRAPEZOIDAL  2.10       1.00       0          0          1
HT4_1            TRAPEZOIDAL  2.36       1.00       0          0          1
HT3_1            TRAPEZOIDAL  2.36       1.00       0          0          1
JN3_1            CIRCULAR     0.91       0          0          0          1
JN8_1            CIRCULAR     0.82       0          0          0          1
JN7_1            CIRCULAR     0.91       0          0          0          1
JN9_1            CIRCULAR     0.76       0          0          0          1
AS5_1            CIRCULAR     1.07       0          0          0          2
AS4_1            TRAPEZOIDAL  2.36       6.00       0          0          1
AS6_1            TRAPEZOIDAL  2.41       6.00       0          0          1
AS7_1            TRAPEZOIDAL  2.41       4.00       0          0          1
AS10_1           CIRCULAR     0.09       0          0          0          1
AS11_1           CIRCULAR     0.09       0          0          0          1
XJ2_1            CIRCULAR     0.09       0          0          0          1
XJ1_1            CIRCULAR     0.09       0          0          0          1
XJ4_1            CIRCULAR     0.91       0          0          0          1
XJ3_1            CIRCULAR     1.07       0          0          0          1
XJ8_1            CIRCULAR     0.76       0          0          0          1
XJ6_1            CIRCULAR     0.91       0          0          0          1
XJ5_1            CIRCULAR     0.09       0          0          0          1
XJ7_1            CIRCULAR     0.91       0          0          0          1
XJ12_1           CIRCULAR     0.09       0          0          0          1
XJ11_1           CIRCULAR     0.09       0          0          0          1
XJ10_1           CIRCULAR     0.76       0          0          0          1
XJ9_1            CIRCULAR     0.76       0          0          0          1
XJ13_1           CIRCULAR     0.09       0          0          0          1
BG20_1           TRAPEZOIDAL  1.80       2.00       0          0          1
HM1a_1           CIRCULAR     0.88       0          0          0          1
HM1b_1           CIRCULAR     0.60       0          0          0          1
HM2_1            CIRCULAR     1.34       0          0          0          1
HM11_1           CIRCULAR     1.22       0          0          0          1
HM10_1           CIRCULAR     1.22       0          0          0          1
HM9_1            CIRCULAR     1.22       0          0          0          1
HM8_1            CIRCULAR     1.22       0          0          0          1
HM7_1            CIRCULAR     1.22       0          0          0          1
HM6_1            CIRCULAR     1.29       0          0          0          1
HM5_1            CIRCULAR     1.52       0          0          0          1
HM3_1            HORSESHOE    1.83       1.52       0          0          1
HM4_1            HORSESHOE    1.52       1.52       0          0          1
A8L1_1           CIRCULAR     0.61       0          0          0          1
HM15_1           CIRCULAR     1.52       0          0          0          1
HM19_1           TRAPEZOIDAL  1.93       3.00       0          0          1
HM20_1           TRAPEZOIDAL  1.93       3.00       0          0          1
OS2_1            TRAPEZOIDAL  1.93       3.00       0          0          1
BG3_1            TRAPEZOIDAL  1.93       3.00       0          0          1
F7L1_1           CIRCULAR     0.09       0          0          0          1
F12L1_1          CIRCULAR     0.09       0          0          0          1
F12L2_1          CIRCULAR     0.30       0          0          0          1
F7L2_1           CIRCULAR     0.09       0          0          0          1
FL2_1            TRAPEZOIDAL  2.02       2.00       0          0          1
BG8_1            TRAPEZOIDAL  1.71       3.00       0          0          1
BG19_1           TRAPEZOIDAL  1.80       2.00       0          0          1
G40L1_1          TRAPEZOIDAL  2.15       1.00       0          0          1
G42L1_1          TRAPEZOIDAL  2.57       1.00       0          0          1
BG29_1           TRAPEZOIDAL  2.76       2.00       0          0          1
G52L1_1          CIRCULAR     0.61       0          0          0          1
G52L2_1          CIRCULAR     0.46       0          0          0          1
G42L2_1          CIRCULAR     0.76       0          0          0          1
G42L6_1          CIRCULAR     0.46       0          0          0          1
G42L5_1          CIRCULAR     0.76       0          0          0          1
G42L4_1          CIRCULAR     0.61       0          0          0          1
G42L3_1          CIRCULAR     0.91       0          0          0          1
G32L2_1          CIRCULAR     1.07       0          0          0          1
G32L1_1          CIRCULAR     1.22       0          0          0          1
G32L5_1          CIRCULAR     0.61       0          0          0          1
G32L4_1          CIRCULAR     0.68       0          0          0          1
G32L3_1          CIRCULAR     0.76       0          0          0          1
OS7_1            TRAPEZOIDAL  2.37       5.00       0          0          1
OS8_1            TRAPEZOIDAL  2.37       5.00       0          0          1
H8aL1_1          RECT_CLOSED  0.33       1.24       0          0          2
OS10_1           TRAPEZOIDAL  2.53       5.00       0          0          1
OS9_1            TRAPEZOIDAL  2.37       5.00       0          0          1
H9aL1_1          RECT_CLOSED  0.33       1.24       0          0          2
OS14_1           TRAPEZOIDAL  2.66       5.00       0          0          1
OS13_1           TRAPEZOIDAL  2.66       5.00       0          0          1
OS12_1           TRAPEZOIDAL  2.66       5.00       0          0          1
H11bL2_1         CIRCULAR     0.61       0          0          0          1
H11bL1_1         CIRCULAR     0.76       0          0          0          1
H11cL2_1         CIRCULAR     1.22       0          0          0          1
OS17_1           TRAPEZOIDAL  2.66       5.00       0          0          1
OS21_1           IRREGULAR    1.81       0          0          0          1
HT2_1            TRAPEZOIDAL  2.36       3.00       0          0          1
HT1_1            TRAPEZOIDAL  2.36       3.00       0          0          1
J2L1_1           CIRCULAR     1.22       0          0          0          1
JN1_1            TRAPEZOIDAL  2.36       3.00       0          0          1
JN2_1            TRAPEZOIDAL  2.36       3.00       0          0          1
AS3_1            TRAPEZOIDAL  2.36       6.00       0          0          1
AS2_1            TRAPEZOIDAL  2.36       6.00       0          0          1
B1aL1_1          TRAPEZOIDAL  2.36       1.00       0          0          1
JN4_1            TRAPEZOIDAL  1.73       3.00       0          0          1
JN5_1            TRAPEZOIDAL  1.73       3.00       0          0          1
AL1_1            TRAPEZOIDAL  2.12       4.00       0          0          1
JN6_1            TRAPEZOIDAL  1.73       3.00       0          0          1
K19L6_1          CIRCULAR     0.38       0          0          0          1
K19L4_1          CIRCULAR     0.61       0          0          0          1
K19L3_1          CIRCULAR     1.37       0          0          0          1
K19L2_1          CIRCULAR     1.37       0          0          0          1
K19L7_1          CIRCULAR     0.09       0          0          0          1
K19L8_1          CIRCULAR     1.22       0          0          0          1
K19L5_1          CIRCULAR     0.46       0          0          0          1
AS8_1            TRAPEZOIDAL  2.41       2.00       0          0          1
C3L9_1           CIRCULAR     0.09       0          0          0          1
C3L8_1           CIRCULAR     0.09       0          0          0          1
C3L7_1           CIRCULAR     0.09       0          0          0          1
C3L6_1           CIRCULAR     0.09       0          0          0          1
C3L5_1           CIRCULAR     0.91       0          0          0          1
C3L4_1           CIRCULAR     0.53       0          0          0          1
C3L1_1           CIRCULAR     0.76       0          0          0          1
C3L3_1           CIRCULAR     0.91       0          0          0          1
C3L2_1           CIRCULAR     0.91       0          0          0          1
C13L1_1          CIRCULAR     0.46       0          0          0          1
C13L2_1          CIRCULAR     0.09       0          0          0          1
C13L9_1          CIRCULAR     0.53       0          0          0          1
C13L8_1          CIRCULAR     0.76       0          0          0          1
C13L3_1          CIRCULAR     0.09       0          0          0          1
C13L5_1          CIRCULAR     0.09       0          0          0          1
C13L6_1          CIRCULAR     0.09       0          0          0          1
C13L7_1          CIRCULAR     0.09       0          0          0          1
C13L16_1         CIRCULAR     0.61       0          0          0          1
C13L15_1         CIRCULAR     0.76       0          0          0          1
C13L13_1         CIRCULAR     0.09       0          0          0          1
C13L12_1         CIRCULAR     0.61       0          0          0          1
C13L11_1         CIRCULAR     0.76       0          0          0          1
C13L10_1         CIRCULAR     0.91       0          0          0          1
C13L14_1         CIRCULAR     0.09       0          0          0          1
C13L4_1          CIRCULAR     0.09       0          0          0          1
K19L1_1          TRAPEZOIDAL  1.93       2.00       0          0          1
C13L17_1         CIRCULAR     0.61       0          0          0          1
HLK3L1_1         CIRCULAR     1.07       0          0          0          1
B5L1_1           CIRCULAR     0.91       0          0          0          1
AS9_1            TRAPEZOIDAL  2.41       2.00       0          0          1
B4L1_1           TRAPEZOIDAL  1.22       1.00       0          0          1
B4L2_1           CIRCULAR     0.09       0          0          0          1
B4L4_1           CIRCULAR     0.09       0          0          0          1
B4L3_1           CIRCULAR     0.09       0          0          0          1
B4L8_1           CIRCULAR     0.91       0          0          0          1
B4L7_1           CIRCULAR     0.76       0          0          0          1
B4L6_1           CIRCULAR     0.91       0          0          0          1
B4L5_1           CIRCULAR     0.76       0          0          0          1
B4L9_1           CIRCULAR     0.76       0          0          0          1
B4L10_1          CIRCULAR     0.38       0          0          0          1
B4L12_1          CIRCULAR     0.61       0          0          0          1
B4L11_1          CIRCULAR     0.76       0          0          0          1
B4L15_1          CIRCULAR     0.09       0          0          0          1
B4L14_1          CIRCULAR     0.09       0          0          0          1
B4L13_1          CIRCULAR     0.09       0          0          0          1
B4L18_1          CIRCULAR     0.09       0          0          0          1
B4L17_1          CIRCULAR     0.76       0          0          0          1
B4L16_1          CIRCULAR     0.53       0          0          0          1
B4L20_1          CIRCULAR     0.61       0          0          0          1
B4L19_1          CIRCULAR     0.09       0          0          0          1
B1bL3_1          CIRCULAR     1.07       0          0          0          1
B1bL2_1          TRAPEZOIDAL  1.90       1.00       0          0          1
B1bL1_1          CIRCULAR     0.61       0          0          0          2
B1bL4_1          CIRCULAR     0.91       0          0          0          1
B1bL5_1          CIRCULAR     0.76       0          0          0          1
B1bL6_1          CIRCULAR     0.30       0          0          0          1
B1bL7_1          CIRCULAR     0.91       0          0          0          1
H11eL6_1         CIRCULAR     1.52       0          0          0          1
H11eL5_1         TRAPEZOIDAL  2.39       1.00       0          0          1
H11eL4_1         CIRCULAR     1.52       0          0          0          1
H11eL3_1         TRAPEZOIDAL  2.46       1.00       0          0          1
H11eL2_1         CIRCULAR     1.52       0          0          0          1
H11eL1_1         TRAPEZOIDAL  2.66       1.00       0          0          1
K13L2_1          CIRCULAR     0.46       0          0          0          1
K13L1_1          CIRCULAR     0.76       0          0          0          1
B1bL9_1          TRAPEZOIDAL  0.30       0.10       0          0          1
B1bL8_1          TRAPEZOIDAL  0.30       0.10       0          0          1
C13L20_1         TRAPEZOIDAL  0.30       0.10       0          0          1
C13L21_1         TRAPEZOIDAL  0.30       0.10       0          0          1
C3L10_1          TRAPEZOIDAL  0.30       0.10       0          0          1
RATING1          CUSTOM       0          0          0          0          1
RATING2          CUSTOM       0          0          0          0          1
RATING3          CUSTOM       0          0          0          0          1
RATING4          CUSTOM       0          0          0          0          1
RATING5          CUSTOM       0          0          0          0          1
RATING6          CUSTOM       0          0          0          0          1
RATING7          CUSTOM       0          0          0          0          1
RATING8          CUSTOM       0          0          0          0          1
RATING9          CUSTOM       0          0          0          0          1
RATING10         CUSTOM       0          0          0          0          1
RATING11         CUSTOM       0          0          0          0          1
C13L22_1         TRAPEZOIDAL  0.30       0.10       0          0          1
HL1W_1           RECT_OPEN    0          3.00       0          0          
HL2W_1           RECT_OPEN    0          3.00       0          0          
HL3W_1           RECT_OPEN    0          3.00       0          0          
HL4W_1           RECT_OPEN    0          3.00       0          0          

[LOSSES]
;;Link           Inlet      Outlet     Average    Flap Gate
;;-------------- ---------- ---------- ---------- ----------
HM17_1           0          0          0          NO
HM16_1           0          0          0          NO
HM14_1           0          0          0          NO
HM13_1           0          0          0          NO
HM12_1           0          0          0          NO
HP5_1            0          0          0          NO
HP13_1           0          0          0          NO
HP12_1           0          0          0          NO
HP11_1           0          0          0          NO
HP10_1           0          0          0          NO
HP9_1            0          0          0          NO
HP8_1            0          0          0          NO
HP7_1            0          0          0          NO
HP6_1            0          0          0          NO
HP4_1            0          0          0          NO
HP3_1            0          0          0          NO
HP2_1            0          0          0          NO
FL10_1           0          0          0          NO
FL9_1            0          0          0          NO
FL8_1            0          0          0          NO
FL7_1            0          0          0          NO
FL6_1            0          0          0          NO
FL5_1            0          0          0          NO
FL4_1            0          0          0          NO
FL3_1            0          0          0          NO
SY10_1           0          0          0          NO
SY9_1            0          0          0          NO
SY8_1            0          0          0          NO
SY7_1            0          0          0          NO
SY6_1            0          0          0          NO
SY5_1            0          0          0          NO
SY4_1            0          0          0          NO
SY3_1            0          0          0          NO
SY2_1            0          0          0          NO
SY1_1            0          0          0          NO
HM21_1           0          0          0          NO
BG4_1            0          0          0          NO
BG2_1            0          0          0          NO
BG6_1            0          0          0          NO
BG5_1            0          0          0          NO
BG13_1           0          0          0          NO
BG12_1           0          0          0          NO
BG14_1           0          0          0          NO
BG15_1           0          0          0          NO
BG18_1           0          0          0          NO
BG17_1           0          0          0          NO
BG16_1           0          0          0          NO
BG23_1           0          0          0          NO
BG22_1           0          0          0          NO
BG21_1           0          0          0          NO
BG24_1           0          0          0          NO
BG25_1           0          0          0          NO
BG28_1           0          0          0          NO
BG27_1           0          0          0          NO
BG26_1           0          0          0          NO
BG30_1           0          0          0          NO
BG31_1           0          0          0          NO
OS1_1            0          0          0          NO
OS3_1            0          0          0          NO
OS5_1            0          0          0          NO
OS4_1            0          0          0          NO
JK5_1            0          0          0          NO
JK4_1            0          0          0          NO
JK3_1            0          0          0          NO
JK2_1            0          0          0          NO
JK6_1            0          0          0          NO
JK8_1            0          0          0          NO
JK7_1            0          0          0          NO
OS11_1           0          0          0          NO
H11cL1_1         0          0          0          NO
H11dL1_1         0          0          0          NO
OS15_1           0          0          0          NO
OS18_1           0          0          0          NO
OS16_1           0          0          0          NO
OS20_1           0          0          0          NO
OS19_1           0          0          0          NO
OS24_1           0          0          0          NO
OS22_1           0          0          0          NO
AS1_1            0          0          0          NO
HT5_1            0          0          0          NO
HT6_1            0          0          0          NO
HT4_1            0          0          0          NO
HT3_1            0          0          0          NO
JN3_1            0          0          0          NO
JN8_1            0          0          0          NO
JN7_1            0          0          0          NO
JN9_1            0          0          0          NO
AS5_1            0          0          0          NO
AS4_1            0          0          0          NO
AS6_1            0          0          0          NO
AS7_1            0          0          0          NO
AS10_1           0          0          0          NO
AS11_1           0          0          0          NO
XJ2_1            0          0          0          NO
XJ1_1            0          0          0          NO
XJ4_1            0          0          0          NO
XJ3_1            0          0          0          NO
XJ8_1            0          0          0          NO
XJ6_1            0          0          0          NO
XJ5_1            0          0          0          NO
XJ7_1            0          0          0          NO
XJ12_1           0          0          0          NO
XJ11_1           0          0          0          NO
XJ10_1           0          0          0          NO
XJ9_1            0          0          0          NO
XJ13_1           0          0          0          NO
BG20_1           0          0          0          NO
HM1a_1           0          0          0          NO
HM1b_1           0          0          0          NO
HM2_1            0          0          0          NO
HM11_1           0          0          0          NO
HM10_1           0          0          0          NO
HM9_1            0          0          0          NO
HM8_1            0          0          0          NO
HM7_1            0          0          0          NO
HM6_1            0          0          0          NO
HM5_1            0          0          0          NO
HM3_1            0          0          0          NO
HM4_1            0          0          0          NO
A8L1_1           0          0          0          NO
HM15_1           0          0          0          NO
HM19_1           0          0          0          NO
HM20_1           0          0          0          NO
OS2_1            0          0          0          NO
BG3_1            0          0          0          NO
F7L1_1           0          0          0          NO
F12L1_1          0          0          0          NO
F12L2_1          0          0          0          NO
F7L2_1           0          0          0          NO
FL2_1            0          0          0          NO
BG8_1            0          0          0          NO
BG19_1           0          0          0          NO
G40L1_1          0          0          0          NO
G42L1_1          0          0          0          NO
BG29_1           0          0          0          NO
G52L1_1          0          0          0          NO
G52L2_1          0          0          0          NO
G42L2_1          0          0          0          NO
G42L6_1          0          0          0          NO
G42L5_1          0          0          0          NO
G42L4_1          0          0          0          NO
G42L3_1          0          0          0          NO
G32L2_1          0          0          0          NO
G32L1_1          0          0          0          NO
G32L5_1          0          0          0          NO
G32L4_1          0          0          0          NO
G32L3_1          0          0          0          NO
OS7_1            0          0          0          NO
OS8_1            0          0          0          NO
H8aL1_1          0          0          0          NO
OS10_1           0          0          0          NO
OS9_1            0          0          0          NO
H9aL1_1          0          0          0          NO
OS14_1           0          0          0          NO
OS13_1           0          0          0          NO
OS12_1           0          0          0          NO
H11bL2_1         0          0          0          NO
H11bL1_1         0          0          0          NO
H11cL2_1         0          0          0          NO
OS17_1           0          0          0          NO
OS21_1           0          0          0          NO
HT2_1            0          0          0          NO
HT1_1            0          0          0          NO
J2L1_1           0          0          0          NO
JN1_1            0          0          0          NO
JN2_1            0          0          0          NO
AS3_1            0          0          0          NO
AS2_1            0          0          0          NO
B1aL1_1          0          0          0          NO
JN4_1            0          0          0          NO
JN5_1            0          0          0          NO
AL1_1            0          0          0          NO
JN6_1            0          0          0          NO
K19L6_1          0          0          0          NO
K19L4_1          0          0          0          NO
K19L3_1          0          0          0          NO
K19L2_1          0          0          0          NO
K19L7_1          0          0          0          NO
K19L8_1          0          0          0          NO
K19L5_1          0          0          0          NO
AS8_1            0          0          0          NO
C3L9_1           0          0          0          NO
C3L8_1           0          0          0          NO
C3L7_1           0          0          0          NO
C3L6_1           0          0          0          NO
C3L5_1           0          0          0          NO
C3L4_1           0          0          0          NO
C3L1_1           0          0          0          NO
C3L3_1           0          0          0          NO
C3L2_1           0          0          0          NO
C13L1_1          0          0          0          NO
C13L2_1          0          0          0          NO
C13L9_1          0          0          0          NO
C13L8_1          0          0          0          NO
C13L3_1          0          0          0          NO
C13L5_1          0          0          0          NO
C13L6_1          0          0          0          NO
C13L7_1          0          0          0          NO
C13L16_1         0          0          0          NO
C13L15_1         0          0          0          NO
C13L13_1         0          0          0          NO
C13L12_1         0          0          0          NO
C13L11_1         0          0          0          NO
C13L10_1         0          0          0          NO
C13L14_1         0          0          0          NO
C13L4_1          0          0          0          NO
K19L1_1          0          0          0          NO
C13L17_1         0          0          0          NO
HLK3L1_1         0          0          0          NO
B5L1_1           0          0          0          NO
AS9_1            0          0          0          NO
B4L1_1           0          0          0          NO
B4L2_1           0          0          0          NO
B4L4_1           0          0          0          NO
B4L3_1           0          0          0          NO
B4L8_1           0          0          0          NO
B4L7_1           0          0          0          NO
B4L6_1           0          0          0          NO
B4L5_1           0          0          0          NO
B4L9_1           0          0          0          NO
B4L10_1          0          0          0          NO
B4L12_1          0          0          0          NO
B4L11_1          0          0          0          NO
B4L15_1          0          0          0          NO
B4L14_1          0          0          0          NO
B4L13_1          0          0          0          NO
B4L18_1          0          0          0          NO
B4L17_1          0          0          0          NO
B4L16_1          0          0          0          NO
B4L20_1          0          0          0          NO
B4L19_1          0          0          0          NO
B1bL3_1          0          0          0          NO
B1bL2_1          0          0          0          NO
B1bL1_1          0          0          0          NO
B1bL4_1          0          0          0          NO
B1bL5_1          0          0          0          NO
B1bL6_1          0          0          0          NO
B1bL7_1          0          0          0          NO
H11eL6_1         0          0          0          NO
H11eL5_1         0          0          0          NO
H11eL4_1         0          0          0          NO
H11eL3_1         0          0          0          NO
H11eL2_1         0          0          0          NO
H11eL1_1         0          0          0          NO
K13L2_1          0          0          0          NO
K13L1_1          0          0          0          NO
B1bL9_1          0          0          0          NO
B1bL8_1          0          0          0          NO
C13L20_1         0          0          0          NO
C13L21_1         0          0          0          NO
C3L10_1          0          0          0          NO
RATING1          0          0          0          NO
RATING2          0          0          0          NO
RATING3          0          0          0          NO
RATING4          0          0          0          NO
RATING5          0          0          0          NO
RATING6          0          0          0          NO
RATING7          0          0          0          NO
RATING8          0          0          0          NO
RATING9          0          0          0          NO
RATING10         0          0          0          NO
RATING11         0          0          0          NO
C13L22_1         0          0          0          NO

[INFLOWS]
;;Node           Constituent  Time Series      Type     Mfactor  Sfactor  Baseline Pattern
;;-------------- ------------ ---------------- -------- -------- -------- -------- --------
A14              FLOW         ""               FLOW     1.0      1.0      0.10
H1               FLOW         ""               FLOW     1.0      1.0      0.10
H9               FLOW         ""               FLOW     1.0      1.0      0.10
B1               FLOW         ""               FLOW     1.0      1.0      0.10
BGCS             FLOW         ""               FLOW     1.0      1.0      0.10
JKLK             FLOW         ""               FLOW     1.0      1.0      0.07
H11e             FLOW         ""               FLOW     1.0      1.0      0.10

[COORDINATES]
;;Node           X-Coord            Y-Coord
;;-------------- ------------------ ------------------
A1               -6466675.85        382113.43         
A2               -6466675.85        382143.90         
A3               -6466676.35        382347.21         
A4               -6466676.35        382714.87         
A5               -6466672.85        383319.93         
A6               -6466661.35        383817.49         
A7               -6466660.35        384319.28         
A8               -6466641.35        385226.09         
A9               -6466840.35        385369.81         
A10              -6466853.85        385375.03         
A11              -6466970.85        385425.81         
A12              -6467004.85        385441.12         
A13              -6467179.35        385743.06         
A14              -6467201.85        385796.31         
A19              -6467229.85        386382.12         
F1               -6466294.85        387582.53         
F2               -6466280.85        387595.93         
F4               -6466199.35        387681.21         
F5               -6466230.35        387720.68         
F6               -6466270.85        387759.93         
F7               -6466369.35        387817.43         
F8               -6466165.85        387630.93         
F9               -6466163.35        387626.74         
F10              -6466133.85        387593.15         
F11              -6466121.35        387576.21         
F12              -6466108.85        387758.06         
F3               -6466196.35        387677.03         
D1               -6465972.35        386817.87         
D2               -6465950.85        386818.56         
D3               -6465942.85        386901.03         
D4               -6465938.35        386943.93         
D5               -6465936.35        386996.65         
D6               -6465943.85        387041.59         
D7               -6465949.35        387081.81         
D8               -6465958.35        387135.87         
D9               -6465961.85        387160.53         
E1               -6465943.85        386812.53         
E2               -6465873.35        386811.62         
E3               -6465823.35        386812.03         
E4               -6465741.85        386811.84         
E5               -6465734.35        386801.78         
E6               -6465662.35        386800.87         
E7               -6465600.85        386802.03         
E8               -6465586.35        386813.34         
E9               -6465569.35        386812.93         
E10              -6465513.85        386813.12         
SYCB             -6465394.35        386751.12         
H1               -6467650.35        386447.31         
G23              -6467624.35        387661.18         
G24              -6467625.85        387710.96         
G25              -6467626.85        387837.59         
G26              -6467633.45        387973.61         
G31              -6467735.35        388243.90         
GX1              -6467671.35        388181.49         
GX2              -6467709.35        388218.31         
G32              -6467794.35        388334.68         
G33              -6467832.85        388344.21         
G34              -6467896.35        388340.93         
G35              -6468001.85        388327.81         
G36              -6468018.35        388485.34         
G39              -6468249.35        388471.74         
G40              -6468251.35        388479.43         
G41              -6468251.35        388484.31         
G42              -6468251.35        388586.43         
G43              -6468417.85        388572.84         
G44              -6468439.85        388687.12         
G45              -6468447.85        388728.49         
G46              -6468452.85        388769.02         
G47              -6468453.35        388808.28         
G50              -6468517.35        388808.81         
G51              -6468537.85        388820.53         
G52              -6468537.31        388875.31         
H2               -6467816.85        386525.46         
H4               -6468259.85        386368.68         
H5               -6468279.35        386369.31         
H7               -6468328.35        386370.84         
H8               -6468368.35        386363.65         
H9               -6468566.35        386411.28         
I2               -6468582.35        386366.18         
I3               -6468612.35        386282.74         
I4               -6468612.35        386241.49         
I5               -6468649.85        386241.24         
I6               -6468648.35        386151.78         
I7               -6468649.35        386060.18         
H10              -6468972.85        386468.96         
H11              -6469018.85        386451.74         
H11c             -6469339.35        386619.06         
H11cLA1          -6469307.85        386680.43         
H11d             -6469536.85        386798.49         
H11dLA1          -6469518.85        386813.34         
H14              -6469836.35        386964.87         
H15              -6469939.35        387072.56         
H16              -6469997.35        387415.31         
H17              -6469966.85        387507.21         
H18              -6469927.35        387696.59         
H19              -6469915.35        387736.28         
H20              -6469921.85        387784.28         
B1               -6469926.85        387873.62         
J3               -6469470.85        388207.18         
J4               -6469393.85        388135.84         
J5               -6469372.85        388319.96         
J6               -6469313.85        388400.96         
J7               -6469174.35        388250.21         
K1               -6470078.35        387921.31         
K6               -6470445.85        388030.68         
K7               -6470498.35        388033.03         
K13              -6470773.85        387761.93         
K19              -6471018.35        387885.65         
K26              -6471354.85        388131.96         
K27              -6471429.85        388160.62         
K28              -6471484.35        388199.93         
K29              -6471519.85        388257.99         
B1b              -6470228.35        388248.03         
B2               -6470444.35        388250.49         
B3               -6470492.85        388245.84         
B4               -6471030.85        388251.28         
BX2              -6471519.35        388531.63         
B5               -6471598.85        388575.96         
B6               -6471676.85        388633.81         
C1               -6471676.85        388755.87         
C2               -6471674.35        388800.62         
C3               -6471684.85        388818.99         
C4               -6471712.35        388838.28         
C5               -6471795.85        388839.24         
C6               -6471877.85        388837.68         
C7               -6471887.85        388846.62         
C8               -6471888.85        388914.71         
C9               -6471888.85        388980.93         
C10              -6471888.85        389016.74         
C11              -6471889.85        389056.43         
C12              -6471890.85        389147.46         
C13              -6471901.85        389167.78         
SDCB             -6471452.48        387491.37         
B4LA12           -6471025.76        389614.01         
LSCB             -6467438.85        388495.87         
PRCB             -6472461.35        389230.99         
A2a              -6466675.54        382178.47         
A1a              -6466653.35        382144.13         
A3c              -6466677.27        382437.20         
A3b              -6466676.49        382412.62         
A3a              -6466677.32        382393.43         
A8LA1            -6466444.66        385347.28         
A17              -6467234.48        385940.99         
HLK1             -6467803.47        386294.32         
HLK2             -6468099.22        387249.03         
BGCS             -6467652.56        387441.15         
HLK3             -6466969.00        387387.37         
F7LA1            -6466292.11        387932.29         
F12LA1           -6466032.72        387664.44         
F7LA2            -6466193.49        387842.78         
G36a             -6468096.67        388478.01         
G40LA1           -6468317.83        388474.64         
G42LA1           -6468038.82        388626.92         
G52LA1           -6468688.22        388876.96         
G52LA2           -6468534.05        389054.91         
G42LA2           -6468050.15        388734.65         
G42LA6           -6468294.31        388924.67         
G42LA5           -6468279.47        388817.37         
G42LA4           -6468265.98        388706.71         
G42LA3           -6468257.89        388631.82         
G32LA2           -6467825.08        388661.86         
G32LA1           -6467813.28        388536.12         
G32LA4           -6467536.42        388477.44         
G32LA3           -6467534.74        388404.79         
H8a              -6468445.63        386355.19         
SACB1            -6468455.59        386410.29         
JKLK             -6468638.20        385545.88         
H9a              -6468914.28        386500.34         
SACB2            -6468945.07        386562.73         
H11b             -6469264.87        386557.11         
H11a             -6469166.57        386483.65         
H11bLA2          -6469463.93        386392.63         
H11bLA1          -6469433.09        386435.75         
H11cLA2          -6469277.27        386734.36         
H11e             -6469781.83        386935.12         
J2               -6469690.70        388004.14         
J2LA1            -6469646.99        387903.22         
B1a              -6470077.55        388154.03         
B1aLA1           -6470064.04        388390.88         
K19LA4           -6471174.80        387544.25         
K19LA3           -6471101.27        387609.15         
K19LA2           -6471103.65        387731.07         
K19LA7           -6471336.09        387872.66         
K19LA8           -6470913.89        387526.55         
K19LA5           -6471172.43        387487.22         
B4a              -6471230.07        388367.95         
C3LA9            -6471437.83        389609.88         
C3LA8            -6471437.83        389498.41         
C3LA7            -6471437.83        389374.06         
C3LA6            -6471433.09        389235.72         
C3LA5            -6471507.98        389067.11         
C3LA4            -6471634.25        389009.67         
C3LA3            -6471634.25        388942.20         
C3LA1            -6471685.06        388901.68         
C3LA2            -6471684.51        388942.25         
C13LA1           -6471725.26        389172.57         
C13LA2           -6471902.70        389371.73         
C13LA8           -6472379.29        389231.34         
C13LA4           -6472379.29        389168.41         
ASCB             -6472161.07        388995.36         
C13LA6           -6472334.22        389097.62         
C13LA5           -6472379.45        389098.10         
C13LA16          -6473139.10        390164.73         
C13LA15          -6473017.34        390065.77         
C13LA13          -6473019.71        389971.38         
C13LA12          -6473019.71        389792.42         
C13LA11          -6472927.20        389501.37         
C13LA10          -6472551.61        389299.83         
ARCB             -6472950.43        389970.88         
C13LA3           -6472084.28        389167.86         
K19LA1           -6471033.68        387836.45         
C13LA17          -6473242.82        390164.86         
HLK3LA1          -6466962.75        387672.03         
B5LA1            -6471602.05        388413.13         
B4b              -6471379.10        388455.26         
B4LA1            -6471030.43        388455.40         
B4LA2            -6471028.06        388604.86         
B4LA4            -6471203.58        388772.01         
B4LA3            -6471063.64        388746.45         
B4LA8            -6471028.06        389092.56         
B4LA7            -6471028.06        389056.51         
B4LA6            -6471028.06        388958.84         
B4LA5            -6471203.58        388911.64         
B4LA9            -6470990.76        389093.60         
CRCB             -6470976.00        389120.12         
B4LA11           -6471027.31        389200.09         
B4LA15           -6471043.78        389918.75         
B4LA14           -6471043.74        389836.99         
B4LA13           -6471024.92        389691.29         
B4LA18           -6471042.09        390140.87         
B4LA17           -6471042.31        390089.58         
B4LA16           -6471041.32        390008.43         
SSCB             -6471184.55        390307.63         
B4LA19           -6471075.10        390254.79         
B1bLA3           -6470205.39        388712.66         
B1bLA2           -6470227.16        388658.96         
B1bLA1           -6470225.36        388295.45         
B1bLA4           -6470202.60        388878.90         
B1bLA5           -6470031.82        388880.86         
B1bLA6           -6470202.60        389055.88         
B1bLA7           -6470392.36        388874.96         
H11eLA6          -6470120.79        386279.18         
H11eLA5          -6469939.86        386561.17         
H11eLA4          -6469871.20        386667.87         
H11eLA3          -6469852.82        386766.24         
H11eLA2          -6469851.69        386848.74         
H11eLA1          -6469840.04        386906.49         
K13LA2           -6470772.92        387605.43         
K13LA1           -6470773.17        387680.22         
SYCBout          -6465394.70        386702.80         
LSCBout          -6467438.86        388570.13         
JKLKout          -6468557.94        385549.77         
SACB1out         -6468426.52        386451.76         
SACB2out         -6468915.13        386620.56         
SDCBout          -6471452.49        387360.19         
CRCBout          -6470941.10        389119.14         
SSCBout          -6471183.37        390373.04         
ASCBout          -6472059.09        388953.25         
PRCBout          -6472461.23        389302.01         
ARCBout          -6472950.43        390035.50         

[MAP]
DIMENSIONS -6473242.82 382113.43 -6465394.35 390373.04
Units      None

[REPORT]
INPUT            YES
SUBCATCHMENTS    ALL
NODES            ALL
LINKS            ALL



