;; SWMM5 .inp converted from XPSWMM .xp file
;; Generated by XPSWMM Card Reader
;; Source format: XP_CARD | Original title: BUCYRUS CSO Model

[TITLE]
;;Project Title/Notes
BUCYRUS CSO Model

[OPTIONS]
FLOW_UNITS           CFS
INFILTRATION         HORTON
FLOW_ROUTING         DYNWAVE
LINK_OFFSETS         DEPTH
MIN_SLOPE            0.0
ALLOW_PONDING        NO
SKIP_STEADY_STATE    NO
ROUTING_STEP         00:00:30
VARIABLE_STEP        0.75
INERTIAL_DAMPING     PARTIAL
NORMAL_FLOW_LIMITED  BOTH
MAX_TRIALS           100

[JUNCTIONS]
;;Name           Elev       MaxDepth   InitDepth  SurDepth   Aponded
;;-------------- ---------- ---------- ---------- ---------- ----------
411              0          0          0          0          0
520              0          0          0          0          0
620              0          0          0          0          0
640              0          0          0          0          0
650              0          0          0          0          0
720              0          0          0          0          0
820              0          0          0          0          0
960              0          0          0          0          0
930              0          0          0          0          0
920              0          0          0          0          0
940              0          0          0          0          0
1011             0          0          0          0          0
1111             0          0          0          0          0
1220             0          0          0          0          0
1230             0          0          0          0          0
1320             0          0          0          0          0
1330             0          0          0          0          0
1340             0          0          0          0          0
1411             0          0          0          0          0
1511             0          0          0          0          0
1611             0          0          0          0          0
1711             0          0          0          0          0
1730             0          0          0          0          0
1740             0          0          0          0          0
1750             0          0          0          0          0
1770             0          0          0          0          0
1780             0          0          0          0          0
1790             0          0          0          0          0
1811             0          0          0          0          0
1911             0          0          0          0          0
2011             0          0          0          0          0
2111             0          0          0          0          0
2211             0          0          0          0          0
2230             0          0          0          0          0
2240             0          0          0          0          0
2311             0          0          0          0          0
2320             0          0          0          0          0
2340             0          0          0          0          0
2350             0          0          0          0          0
2360             0          0          0          0          0
2380             0          0          0          0          0
2720             0          0          0          0          0
2730             0          0          0          0          0
2911             0          0          0          0          0
2930             0          0          0          0          0
2940             0          0          0          0          0
311              989.89     0          0          0          0
310              976.09     0          0          0          0
5503             985.61     0          0          0          0
03               977.70     0          0          0          0
5505             986.92     0          0          0          0
411              993.02     0          0          0          0
410              983.64     0          0          0          0
511              987.19     0          0          0          0
510              975.45     0          0          0          0
05               977.70     0          0          0          0
5506             984.36     0          0          0          0
611              977.65     0          0          0          0
610              974.91     0          0          0          0
06               977.70     0          0          0          0
5507             983.91     0          0          0          0
711              989.84     0          0          0          0
710              977.98     0          0          0          0
07               977.70     0          0          0          0
5508             981.66     0          0          0          0
811              980.79     0          0          0          0
812              975.50     0          0          0          0
810              975.50     0          0          0          0
08               975.50     0          0          0          0
5509             984.76     0          0          0          0
911              981.83     0          0          0          0
910              972.40     0          0          0          0
09               977.70     0          0          0          0
5511             991.87     0          0          0          0
1111             991.89     0          0          0          0
1112             987.77     0          0          0          0
1110             983.71     0          0          0          0
1108             985.87     0          0          0          0
11               977.70     0          0          0          0
5512             991.79     0          0          0          0
1211             983.78     0          0          0          0
1210             969.95     0          0          0          0
1011             980.93     0          0          0          0
12               966.27     0          0          0          0
5513             984.93     0          0          0          0
1411             998.57     0          0          0          0
1311             999.01     0          0          0          0
1310             980.16     0          0          0          0
13               966.22     0          0          0          0
5515             988.51     0          0          0          0
1611             988.78     0          0          0          0
1612             983.78     0          0          0          0
1610             978.70     0          0          0          0
16               965.87     0          0          0          0
1511             991.02     0          0          0          0
1510             976.84     0          0          0          0
15               968.75     0          0          0          0
5518             980.06     0          0          0          0
1711             980.69     0          0          0          0
1710             974.63     0          0          0          0
17               965.76     0          0          0          0
1811             988.70     0          0          0          0
1814             983.77     0          0          0          0
1812             980.77     0          0          0          0
1810             973.57     0          0          0          0
18               965.66     0          0          0          0
5519             977.97     0          0          0          0
1911             993.14     0          0          0          0
1914             987.77     0          0          0          0
1912             987.77     0          0          0          0
1910             968.42     0          0          0          0
19               963.88     0          0          0          0
5520             978.22     0          0          0          0
2011             983.42     0          0          0          0
2010             968.85     0          0          0          0
20               963.68     0          0          0          0
2111             996.62     0          0          0          0
2112             987.77     0          0          0          0
2110             969.01     0          0          0          0
21               961.89     0          0          0          0
5522             976.93     0          0          0          0
2211             977.77     0          0          0          0
2212             974.25     0          0          0          0
2210             966.57     0          0          0          0
22               963.50     0          0          0          0
5523             976.95     0          0          0          0
2311             997.13     0          0          0          0
2312             987.77     0          0          0          0
2310             966.99     0          0          0          0
23               967.78     0          0          0          0
5588             975.54     0          0          0          0
2711             1000.90    0          0          0          0
6660             1005.00    0          0          0          0
6650             1003.10    0          0          0          0
6640             999.17     0          0          0          0
2710             988.05     0          0          0          0
27               986.04     0          0          0          0
66011            997.77     0          0          0          0
2911             990.20     0          0          0          0
29011            990.77     0          0          0          0
5566             976.92     0          0          0          0
2410             987.77     0          0          0          0
2510             975.26     0          0          0          0
2610             976.65     0          0          0          0
6620             987.77     0          0          0          0
25               961.51     0          0          0          0
26               961.32     0          0          0          0
7820             992.77     0          0          0          0
7830             992.77     0          0          0          0
311              0          0          0          0          0
320              0          0          0          0          0
411              0          0          0          0          0
511              0          0          0          0          0
520              0          0          0          0          0
611              0          0          0          0          0
620              0          0          0          0          0
640              0          0          0          0          0
650              0          0          0          0          0
711              0          0          0          0          0
720              0          0          0          0          0
811              0          0          0          0          0
820              0          0          0          0          0
911              0          0          0          0          0
920              0          0          0          0          0
930              0          0          0          0          0
940              0          0          0          0          0
960              0          0          0          0          0
1011             0          0          0          0          0
1111             0          0          0          0          0
1211             0          0          0          0          0
1220             0          0          0          0          0
1230             0          0          0          0          0
1311             0          0          0          0          0
1320             0          0          0          0          0
1330             0          0          0          0          0
1340             0          0          0          0          0
1411             0          0          0          0          0
1511             0          0          0          0          0
1611             0          0          0          0          0
1711             0          0          0          0          0
1730             0          0          0          0          0
1740             0          0          0          0          0
1750             0          0          0          0          0
1760             0          0          0          0          0
1770             0          0          0          0          0
1780             0          0          0          0          0
1790             0          0          0          0          0
1811             0          0          0          0          0
1911             0          0          0          0          0
2011             0          0          0          0          0
2111             0          0          0          0          0
2211             0          0          0          0          0
2240             0          0          0          0          0
2230             0          0          0          0          0
2311             0          0          0          0          0
2320             0          0          0          0          0
2330             0          0          0          0          0
2340             0          0          0          0          0
2350             0          0          0          0          0
2360             0          0          0          0          0
2370             0          0          0          0          0
2380             0          0          0          0          0
2711             0          0          0          0          0
2720             0          0          0          0          0
2730             0          0          0          0          0
2911             0          0          0          0          0
2930             0          0          0          0          0
2940             0          0          0          0          0
29               965.00     0          0          0          0
1702             974.00     0          0          0          0
5577             975.54     0          0          0          0
24               987.00     0          0          0          0

[STORAGE]
;;Name           Elev       MaxDepth   InitDepth  Shape      Curve/Params
;;-------------- ---------- ---------- ---------- ---------- ----------
7810             980.00     0          0          FUNCTIONAL 100.00 0          0
2910             980.61     0          0          FUNCTIONAL 10.00 0          0

[CONDUITS]
;;Name           From             To               Length     Roughness  InOffset   OutOffset  InitFlow   MaxFlow
;;-------------- ---------------- ---------------- ---------- ---------- ---------- ---------- ---------- ----------
3101             311              310              525.00     0.0130     974.84     969.75     0          0
3001             310              5503             12.00      0.0150     969.75     969.02     0          0
3999             310              03               47.00      0.0150     970.73     968.87     0          0
55055            5503             5505             1350.00    0.0150     969.02     964.96     0          0
4101             411              410              200.00     0.0150     981.69     972.49     0          0
4001             410              5503             500.00     0.0150     972.49     969.02     0          0
5101             511              510              625.00     0.0155     972.24     967.14     0          0
5001             510              5505             300.00     0.0150     967.14     964.96     0          0
5999             510              05               14.00      0.0090     968.39     969.00     0          0
55065            5505             5506             300.00     0.0150     964.96     964.06     0          0
6101             611              610              350.00     0.0150     968.15     966.81     0          0
6001             610              5506             7.77       0.0150     966.81     964.06     0          0
6999             610              06               100.00     0.0150     968.81     968.06     0          0
55075            5506             5507             700.00     0.0150     964.06     961.96     0          0
7101             711              710              400.00     0.0155     977.19     966.90     0          0
7001             710              5507             20.00      0.0130     966.90     961.96     0          0
7999             710              07               20.00      0.0130     967.73     966.37     0          0
55085            5507             5508             625.00     0.0155     961.96     961.50     0          0
8103             811              812              400.00     0.0155     968.39     967.66     0          0
8101             812              810              400.00     0.0155     967.66     965.72     0          0
8001             810              5508             77.70      0.0155     965.72     961.50     0          0
8999             810              08               3.00       0.0130     966.52     966.10     0          0
55095            5508             5509             900.00     0.0155     961.50     960.84     0          0
9101             911              910              650.00     0.0150     973.53     964.30     0          0
9001             910              5509             150.00     0.0150     964.30     960.84     0          0
9999             910              09               118.00     0.0150     965.10     965.45     0          0
55115            5509             5511             375.00     0.0150     960.84     960.56     0          0
11103            1111             1112             350.00     0.0150     978.49     976.56     0          0
11101            1112             1110             350.00     0.0150     976.56     971.93     0          0
11001            1110             1108             54.00      0.0150     971.93     972.32     0          0
11801            1108             5511             7.70       0.0150     961.00     960.56     0          0
11999            1110             11               37.00      0.0150     972.93     973.23     0          0
55125            5511             5512             400.00     0.0150     960.56     960.35     0          0
12101            1211             1210             1050.00    0.0150     967.05     965.05     0          0
10101            1011             1210             400.00     0.0150     966.44     965.05     0          0
12001            1210             5512             77.77      0.0150     965.05     960.35     0          0
12999            1210             12               13.00      0.0130     965.32     965.00     0          0
55135            5512             5513             1000.00    0.0150     960.35     959.80     0          0
14001            1411             5513             500.00     0.0150     980.65     959.80     0          0
13101            1311             1310             900.00     0.0150     988.54     964.11     0          0
13999            1310             13               20.70      0.0150     965.04     964.11     0          0
13001            1310             5513             37.70      0.0090     964.11     959.80     0          0
55155            5513             5515             900.00     0.0150     959.80     959.15     0          0
16103            1611             1612             400.00     0.0150     979.68     973.38     0          0
16101            1612             1610             400.00     0.0150     973.38     967.08     0          0
16001            1610             5515             69.00      0.0140     967.08     959.15     0          0
16999            1610             16               77.70      0.0140     968.03     964.87     0          0
15101            1511             1510             500.00     0.0140     983.18     967.14     0          0
15001            1510             5515             450.00     0.0140     967.14     959.15     0          0
15999            1510             15               17.00      0.0140     967.70     967.70     0          0
55185            5515             5518             1400.00    0.0150     959.15     957.69     0          0
17101            1711             1710             1900.00    0.0155     969.59     962.10     0          0
17999            1710             17               122.00     0.0150     963.10     962.06     0          0
18105            1811             1814             350.00     0.0150     982.34     976.30     0          0
18103            1814             1812             350.00     0.0150     976.30     970.20     0          0
18101            1812             1810             350.00     0.0150     970.20     964.15     0          0
18001            1810             5518             14.00      0.0140     964.15     957.69     0          0
18999            1810             18               107.07     0.0090     964.63     964.11     0          0
55195            5518             5519             450.00     0.0150     957.69     956.70     0          0
19105            1911             1914             600.00     0.0150     984.46     976.66     0          0
19103            1914             1912             600.00     0.0150     976.66     968.87     0          0
19101            1912             1910             600.00     0.0150     968.87     961.07     0          0
19001            1910             5519             77.70      0.0140     961.07     956.70     0          0
19999            1910             19               50.00      0.0150     962.32     962.38     0          0
55205            5519             5520             500.00     0.0150     956.70     956.46     0          0
20101            2011             2010             475.00     0.0155     976.07     962.39     0          0
20001            2010             5520             17.00      0.0155     962.39     959.41     0          0
20999            2010             20               280.00     0.0090     962.75     960.89     0          0
21103            2111             2112             600.00     0.0150     988.71     976.08     0          0
21101            2112             2110             650.00     0.0150     976.08     962.39     0          0
21001            2110             5520             77.70      0.0150     962.39     956.46     0          0
21999            2110             21               218.00     0.0150     962.91     960.89     0          0
55225            5520             5522             1100.00    0.0155     956.46     955.44     0          0
22103            2211             2212             600.00     0.0155     967.77     964.25     0          0
22101            2212             2210             600.00     0.0155     964.25     960.72     0          0
22001            2210             5522             25.00      0.0155     960.50     958.39     0          0
22999            2210             22               83.00      0.0155     961.37     960.50     0          0
55235            5522             5523             450.00     0.0155     955.44     955.16     0          0
23103            2311             2312             1200.00    0.0155     978.23     969.74     0          0
23101            2312             2310             1200.00    0.0155     969.74     961.48     0          0
23001            2310             5523             57.00      0.0090     961.48     958.11     0          0
23999            2310             23               10.70      0.0155     963.25     961.20     0          0
55245            5523             5588             1050.00    0.0155     955.16     954.29     0          0
66279            2711             6660             1400.00    0.0155     987.93     986.32     0          0
66277            6660             6650             1300.00    0.0155     986.32     984.63     0          0
66275            6650             6640             1500.00    0.0155     984.63     981.59     0          0
66271            6640             2710             600.00     0.0155     981.59     980.22     0          0
27999            2710             27               14.00      0.0155     982.17     984.54     0          0
66265            2710             66011            900.00     0.0155     980.22     977.77     0          0
29003            2911             29011            1150.00    0.0155     973.06     971.87     0          0
66241            5566             2410             900.00     0.0097     953.64     953.00     0          0
66101            2410             7810             900.00     0.0097     953.00     950.00     0          0
66245            2510             5566             900.00     0.0086     954.51     953.64     0          0
66255            2610             2510             475.00     0.0155     956.35     954.51     0          0
66261            6620             2610             1350.00    0.0155     974.77     956.35     0          0
66263            66011            6620             1000.00    0.0155     977.77     974.77     0          0
25999            2510             25               722.20     0.0029     959.51     957.00     0          0
26999            2610             26               722.20     0.0029     959.15     957.00     0          0
78201            7820             7830             1000.00    0.0155     987.77     980.77     0          0
315              320              311              1250.00    0.0150     26.25      0          0          0
615              620              611              1000.00    0.0150     16.60      0          0          0
625              640              620              1050.00    0.0150     6.93       0          0          0
645              650              620              777.70     0.0150     7.78       0          0          0
715              720              711              350.00     0.0150     4.30       0          0          0
815              820              811              450.00     0.0150     13.05      0          0          0
915              920              911              750.00     0.0150     4.50       0          0          0
925              930              920              750.00     0.0150     4.50       0          0          0
955              960              911              2400.00    0.0150     31.20      0          0          0
1215             1220             1211             800.00     0.0150     16.80      0          0          0
1225             1230             1211             800.00     0.0140     31.20      0          0          0
1315             1320             1311             350.00     0.0150     17.50      0          0          0
1325             1330             1311             300.00     0.0150     1.35       0          0          0
1335             1340             1311             350.00     0.0150     3.15       0          0          0
1725             1730             1711             400.00     0.0170     2.16       0          0          0
1735             1740             1730             1600.00    0.0170     6.72       0          0          0
1745             1750             1740             2000.00    0.0170     8.80       0          0          0
1755             1760             1750             450.00     0.0150     0.14       0          0          0
1765             1770             1760             500.00     0.0150     1.75       0          0          0
1775             1780             1770             1150.00    0.0150     4.83       0          0          0
1757             640              1750             1000.00    0.0150     7.70       0          0          0
2215             2240             2211             1000.00    0.0150     9.30       0          0          0
2225             2230             2211             777.70     0.0150     15.55      0          0          0
2315             2320             2311             900.00     0.0150     0.36       0          0          0
2325             2330             2320             1100.00    0.0150     2.64       0          0          0
2335             2340             2330             1000.00    0.0150     0.60       0          0          0
2345             2350             2330             750.00     0.0150     2.10       0          0          0
2355             2360             2350             1200.00    0.0150     5.88       0          0          0
2365             2370             2360             1250.00    0.0150     4.00       0          0          0
2375             2380             2370             1450.00    0.0150     4.93       0          0          0
2715             2720             2711             2400.00    0.0150     2.88       0          0          0
2725             2730             2720             1000.00    0.0150     0.90       0          0          0
2925             2930             2911             2200.00    0.0150     3.56       0          0          0
2935             2940             2930             2950.00    0.0150     13.28      0          0          0
515              520              511              33.00      0.0140     0          0          0          0
935              930              940              500.00     0.0150     3.85       0          0          0
414              1011             1011             0          0          0          0          0          0
419              1770             1780             0          0          0          0          0          0
420              1780             2380             0          0          0          0          0          0
421              2380             2360             0          0          0          0          0          0
422              2360             2350             0          0          0          0          0          0
423              2350             2340             0          0          0          0          0          0
424              2340             2320             0          0          0          0          0          0
425              2320             2230             0          0          0          0          0          0
426              2230             2311             0          0          0          0          0          0
427              2311             2211             0          0          0          0          0          0
428              2211             2940             0          0          0          0          0          0
429              2940             2930             0          0          0          0          0          0
430              2930             2911             0          0          0          0          0          0
431              1770             1790             0          0          0          0          0          0
432              1790             640              0          0          0          0          0          0
433              640              1750             0          0          0          0          0          0
434              1750             1811             0          0          0          0          0          0
435              1811             1740             0          0          0          0          0          0
436              1740             650              0          0          0          0          0          0
437              650              620              0          0          0          0          0          0
438              2911             2240             0          0          0          0          0          0
439              2240             2111             0          0          0          0          0          0
440              2111             2011             0          0          0          0          0          0
441              2011             1711             0          0          0          0          0          0
442              1711             1911             0          0          0          0          0          0
443              1911             1730             0          0          0          0          0          0
444              1730             1611             0          0          0          0          0          0
445              1611             1111             0          0          0          0          0          0
446              1111             720              0          0          0          0          0          0
447              720              1011             0          0          0          0          0          0
448              1011             1411             0          0          0          0          0          0
449              1411             1511             0          0          0          0          0          0
450              1511             1320             0          0          0          0          0          0
451              1320             2720             0          0          0          0          0          0
452              2720             2730             0          0          0          0          0          0
453              2730             1340             0          0          0          0          0          0
454              1340             1330             0          0          0          0          0          0
455              1330             1230             0          0          0          0          0          0
456              1230             1220             0          0          0          0          0          0
457              1220             960              0          0          0          0          0          0
458              960              920              0          0          0          0          0          0
459              920              930              0          0          0          0          0          0
460              930              940              0          0          0          0          0          0
461              940              820              0          0          0          0          0          0
462              820              520              0          0          0          0          0          0
463              520              411              0          0          0          0          0          0
464              411              320              0          0          0          0          0          0
465              911              811              0          0          0          0          0          0
466              811              511              0          0          0          0          0          0
467              511              311              0          0          0          0          0          0
468              311              411              0          0          0          0          0          0
469              411              611              0          0          0          0          0          0
470              611              711              0          0          0          0          0          0
471              711              1111             0          0          0          0          0          0
472              1111             1411             0          0          0          0          0          0
473              911              1011             0          0          0          0          0          0
474              1011             1211             0          0          0          0          0          0
475              1211             1311             0          0          0          0          0          0
476              1311             1511             0          0          0          0          0          0
477              1511             2711             0          0          0          0          0          0
478              1411             1611             0          0          0          0          0          0
479              1611             1711             0          0          0          0          0          0
480              1711             2011             0          0          0          0          0          0
481              2011             2111             0          0          0          0          0          0
482              2111             1911             0          0          0          0          0          0
483              1911             2211             0          0          0          0          0          0
484              2211             2311             0          0          0          0          0          0
485              2311             2911             0          0          0          0          0          0
487              1911             1811             0          0          0          0          0          0
1785             1790             1780             1700.00    0.0150     9.69       0          0          0
29103            29011            2910             1050.00    0.0155     971.87     970.72     0          0
29999            2910             29               622.20     0.0046     971.72     960.84     0          0
17003            1710             1702             77.70      0.0150     962.10     962.00     0          0
17001            1702             5518             77.70      0.0150     962.00     960.44     0          0
55249            5577             5566             850.00     0.0155     954.29     953.64     0          0
24999            2410             24               622.20     0.0046     955.50     958.58     0          0

[ORIFICES]
;;Name           From             To               Type       Offset     Qcoeff     Gated    CloseTime
;;-------------- ---------------- ---------------- ---------- ---------- ---------- -------- ----------
StoneBlock       5588             5577             SIDE       0          0.650      NO       0

[PUMPS]
;;Name           From             To               PumpCurve  Status   Startup    Shutoff
;;-------------- ---------------- ---------------- ---------- -------- ---------- ----------
Infl. Pump       Inflpump2        7820             PC_Infl. Pump ON       950.50     947.00    
dummy            2910             7810             PC_dummy   ON       0          0         

[CURVES]
;;Name           Type       X-Value    Y-Value
;;-------------- ---------- ---------- ----------
PC_Infl. Pump    Pump2      0          0
;
PC_dummy         Pump4      0          0
;

[XSECTIONS]
;;Link           Shape        Geom1      Geom2      Geom3      Geom4      Barrels
;;-------------- ------------ ---------- ---------- ---------- ---------- ----------
3101             CIRCULAR     2.00       0          0          0          1
3001             CIRCULAR     1.00       0          0          0          1
3999             RECT_CLOSED  0.79       4.00       0          0          1
55055            CIRCULAR     1.50       0          0          0          1
4101             CIRCULAR     0.83       0          0          0          1
4001             CIRCULAR     0.83       0          0          0          1
5101             CIRCULAR     1.50       0          0          0          1
5001             CIRCULAR     0.67       0          0          0          1
5999             CIRCULAR     1.00       0          0          0          1
55065            CIRCULAR     2.00       0          0          0          1
6101             CIRCULAR     3.00       0          0          0          1
6001             CIRCULAR     2.77       0          0          0          1
6999             CIRCULAR     3.00       0          0          0          1
55075            CIRCULAR     2.00       0          0          0          1
7101             CIRCULAR     1.67       0          0          0          1
7001             CIRCULAR     1.25       0          0          0          1
7999             RECT_CLOSED  0.60       4.00       0          0          1
55085            CIRCULAR     2.00       0          0          0          1
8103             CIRCULAR     1.75       0          0          0          1
8101             CIRCULAR     1.75       0          0          0          1
8001             CIRCULAR     1.00       0          0          0          1
8999             CIRCULAR     1.25       0          0          0          1
55095            CIRCULAR     2.00       0          0          0          1
9101             CIRCULAR     4.00       0          0          0          1
9001             CIRCULAR     1.50       0          0          0          1
9999             CIRCULAR     4.00       0          0          0          1
55115            CIRCULAR     2.00       0          0          0          1
11103            CIRCULAR     3.00       0          0          0          1
11101            CIRCULAR     3.00       0          0          0          1
11001            CIRCULAR     1.25       0          0          0          1
11801            RECT_CLOSED  12.27      0.10       0          0          1
11999            CIRCULAR     3.00       0          0          0          1
55125            CIRCULAR     2.00       0          0          0          1
12101            CIRCULAR     1.50       0          0          0          1
10101            CIRCULAR     0.67       0          0          0          1
12001            CIRCULAR     1.25       0          0          0          1
12999            RECT_CLOSED  0.20       4.00       0          0          1
55135            CIRCULAR     2.50       0          0          0          1
14001            CIRCULAR     0.83       0          0          0          1
13101            CIRCULAR     2.00       0          0          0          1
13999            RECT_CLOSED  0.79       4.00       0          0          1
13001            CIRCULAR     1.00       0          0          0          1
55155            CIRCULAR     2.50       0          0          0          1
16103            CIRCULAR     2.00       0          0          0          1
16101            CIRCULAR     2.00       0          0          0          1
16001            CIRCULAR     1.00       0          0          0          1
16999            CIRCULAR     1.00       0          0          0          1
15101            CIRCULAR     1.00       0          0          0          1
15001            CIRCULAR     1.00       0          0          0          1
15999            CIRCULAR     1.00       0          0          0          1
55185            CIRCULAR     3.00       0          0          0          1
17101            RECT_CLOSED  3.30       8.00       0          0          1
17999            RECT_CLOSED  3.50       8.00       0          0          1
18105            CIRCULAR     1.50       0          0          0          1
18103            CIRCULAR     1.50       0          0          0          1
18101            CIRCULAR     1.50       0          0          0          1
18001            CIRCULAR     1.50       0          0          0          1
18999            RECT_CLOSED  0.59       3.00       0          0          1
55195            CIRCULAR     3.00       0          0          0          1
19105            CIRCULAR     2.00       0          0          0          1
19103            CIRCULAR     2.00       0          0          0          1
19101            CIRCULAR     2.00       0          0          0          1
19001            CIRCULAR     1.00       0          0          0          1
19999            CIRCULAR     1.50       0          0          0          1
55205            CIRCULAR     3.00       0          0          0          1
20101            CIRCULAR     1.25       0          0          0          1
20001            CIRCULAR     1.25       0          0          0          1
20999            CIRCULAR     1.25       0          0          0          1
21103            CIRCULAR     1.25       0          0          0          1
21101            CIRCULAR     1.25       0          0          0          1
21001            CIRCULAR     0.67       0          0          0          1
21999            CIRCULAR     1.00       0          0          0          1
55225            CIRCULAR     3.00       0          0          0          1
22103            CIRCULAR     4.00       0          0          0          1
22101            CIRCULAR     4.00       0          0          0          1
22001            CIRCULAR     1.00       0          0          0          1
22999            CIRCULAR     3.00       0          0          0          1
55235            CIRCULAR     3.00       0          0          0          1
23103            CIRCULAR     4.00       0          0          0          1
23101            CIRCULAR     4.00       0          0          0          1
23001            CIRCULAR     2.00       0          0          0          1
23999            CIRCULAR     2.10       6.00       0          0          1
55245            CIRCULAR     3.00       0          0          0          1
66279            CIRCULAR     2.00       0          0          0          1
66277            CIRCULAR     2.00       0          0          0          1
66275            CIRCULAR     2.00       0          0          0          1
66271            CIRCULAR     2.00       0          0          0          1
27999            CIRCULAR     1.50       0          0          0          1
66265            CIRCULAR     2.00       0          0          0          1
29003            CIRCULAR     4.00       0          0          0          1
66241            CIRCULAR     3.00       0          0          0          1
66101            CIRCULAR     3.00       0          0          0          1
66245            CIRCULAR     2.50       0          0          0          1
66255            CIRCULAR     2.50       0          0          0          1
66261            CIRCULAR     2.00       0          0          0          1
66263            CIRCULAR     2.00       0          0          0          1
25999            CIRCULAR     2.00       0          0          0          1
26999            CIRCULAR     2.00       0          0          0          1
78201            CIRCULAR     5.00       0          0          0          1
315              CIRCULAR     2.00       0          0          0          1
615              CIRCULAR     3.50       0          0          0          1
625              CIRCULAR     2.00       0          0          0          1
645              CIRCULAR     2.00       0          0          0          1
715              CIRCULAR     1.67       0          0          0          1
815              CIRCULAR     1.25       0          0          0          1
915              CIRCULAR     3.50       0          0          0          1
925              CIRCULAR     3.00       0          0          0          1
955              CIRCULAR     1.25       0          0          0          1
1215             CIRCULAR     1.00       0          0          0          1
1225             CIRCULAR     1.25       0          0          0          1
1315             CIRCULAR     1.00       0          0          0          1
1325             CIRCULAR     1.50       0          0          0          1
1335             CIRCULAR     1.67       0          0          0          1
1725             HORSESHOE    5.20       0          0          0          1
1735             HORSESHOE    5.00       0          0          0          1
1745             HORSESHOE    4.33       0          0          0          1
1755             CIRCULAR     3.00       0          0          0          1
1765             CIRCULAR     3.00       0          0          0          1
1775             CIRCULAR     2.75       0          0          0          1
1757             CIRCULAR     1.50       0          0          0          1
2215             CIRCULAR     1.50       0          0          0          1
2225             CIRCULAR     1.25       0          0          0          1
2315             CIRCULAR     4.00       0          0          0          1
2325             CIRCULAR     4.00       0          0          0          1
2335             CIRCULAR     3.00       0          0          0          1
2345             CIRCULAR     3.50       0          0          0          1
2355             CIRCULAR     3.00       0          0          0          1
2365             CIRCULAR     2.00       0          0          0          1
2375             CIRCULAR     1.50       0          0          0          1
2715             CIRCULAR     2.00       0          0          0          1
2725             CIRCULAR     2.00       0          0          0          1
2925             CIRCULAR     3.00       0          0          0          1
2935             CIRCULAR     2.00       0          0          0          1
515              CIRCULAR     1.50       0          0          0          1
935              CIRCULAR     2.50       0          0          0          1
414              CIRCULAR     0          0          0          0          1
419              CIRCULAR     0          0          0          0          1
420              CIRCULAR     0          0          0          0          1
421              CIRCULAR     0          0          0          0          1
422              CIRCULAR     0          0          0          0          1
423              CIRCULAR     0          0          0          0          1
424              CIRCULAR     0          0          0          0          1
425              CIRCULAR     0          0          0          0          1
426              CIRCULAR     0          0          0          0          1
427              CIRCULAR     0          0          0          0          1
428              CIRCULAR     0          0          0          0          1
429              CIRCULAR     0          0          0          0          1
430              CIRCULAR     0          0          0          0          1
431              CIRCULAR     0          0          0          0          1
432              CIRCULAR     0          0          0          0          1
433              CIRCULAR     0          0          0          0          1
434              CIRCULAR     0          0          0          0          1
435              CIRCULAR     0          0          0          0          1
436              CIRCULAR     0          0          0          0          1
437              CIRCULAR     0          0          0          0          1
438              CIRCULAR     0          0          0          0          1
439              CIRCULAR     0          0          0          0          1
440              CIRCULAR     0          0          0          0          1
441              CIRCULAR     0          0          0          0          1
442              CIRCULAR     0          0          0          0          1
443              CIRCULAR     0          0          0          0          1
444              CIRCULAR     0          0          0          0          1
445              CIRCULAR     0          0          0          0          1
446              CIRCULAR     0          0          0          0          1
447              CIRCULAR     0          0          0          0          1
448              CIRCULAR     0          0          0          0          1
449              CIRCULAR     0          0          0          0          1
450              CIRCULAR     0          0          0          0          1
451              CIRCULAR     0          0          0          0          1
452              CIRCULAR     0          0          0          0          1
453              CIRCULAR     0          0          0          0          1
454              CIRCULAR     0          0          0          0          1
455              CIRCULAR     0          0          0          0          1
456              CIRCULAR     0          0          0          0          1
457              CIRCULAR     0          0          0          0          1
458              CIRCULAR     0          0          0          0          1
459              CIRCULAR     0          0          0          0          1
460              CIRCULAR     0          0          0          0          1
461              CIRCULAR     0          0          0          0          1
462              CIRCULAR     0          0          0          0          1
463              CIRCULAR     0          0          0          0          1
464              CIRCULAR     0          0          0          0          1
465              CIRCULAR     0          0          0          0          1
466              CIRCULAR     0          0          0          0          1
467              CIRCULAR     0          0          0          0          1
468              CIRCULAR     0          0          0          0          1
469              CIRCULAR     0          0          0          0          1
470              CIRCULAR     0          0          0          0          1
471              CIRCULAR     0          0          0          0          1
472              CIRCULAR     0          0          0          0          1
473              CIRCULAR     0          0          0          0          1
474              CIRCULAR     0          0          0          0          1
475              CIRCULAR     0          0          0          0          1
476              CIRCULAR     0          0          0          0          1
477              CIRCULAR     0          0          0          0          1
478              CIRCULAR     0          0          0          0          1
479              CIRCULAR     0          0          0          0          1
480              CIRCULAR     0          0          0          0          1
481              CIRCULAR     0          0          0          0          1
482              CIRCULAR     0          0          0          0          1
483              CIRCULAR     0          0          0          0          1
484              CIRCULAR     0          0          0          0          1
485              CIRCULAR     0          0          0          0          1
487              CIRCULAR     0          0          0          0          1
1785             CIRCULAR     2.50       0          0          0          1
29103            CIRCULAR     4.00       0          0          0          1
29999            CIRCULAR     3.00       0          0          0          1
17003            CIRCULAR     1.50       0          0          0          1
17001            CIRCULAR     1.50       0          0          0          1
55249            CIRCULAR     3.00       0          0          0          1
24999            CIRCULAR     3.00       0          0          0          1
StoneBlock       RECT_CLOSED  0          0          0          0          

[LOSSES]
;;Link           Inlet      Outlet     Average    Flap Gate
;;-------------- ---------- ---------- ---------- ----------
3101             0          0          0          NO
3001             0          0          0          NO
3999             0          0          0          NO
55055            0          0          0          NO
4101             0          0          0          NO
4001             0          0          0          NO
5101             0          0          0          NO
5001             0          0          0          NO
5999             0          0          0          NO
55065            0          0          0          NO
6101             0          0          0          NO
6001             0          0          0          NO
6999             0          0          0          NO
55075            0          0          0          NO
7101             0          0          0          NO
7001             0          0          0          NO
7999             0          0          0          NO
55085            0          0          0          NO
8103             0          0          0          NO
8101             0          0          0          NO
8001             0          0          0          NO
8999             0          0          0          NO
55095            0          0          0          NO
9101             0          0          0          NO
9001             0          0          0          NO
9999             0          0          0          NO
55115            0          0          0          NO
11103            0          0          0          NO
11101            0          0          0          NO
11001            0          0          0          NO
11801            0          0          0          NO
11999            0          0          0          NO
55125            0          0          0          NO
12101            0          0          0          NO
10101            0          0          0          NO
12001            0          0          0          NO
12999            0          0          0          NO
55135            0          0          0          NO
14001            0          0          0          NO
13101            0          0          0          NO
13999            0          0          0          NO
13001            0          0          0          NO
55155            0          0          0          NO
16103            0          0          0          NO
16101            0          0          0          NO
16001            0          0          0          NO
16999            0          0          0          NO
15101            0          0          0          NO
15001            0          0          0          NO
15999            0          0          0          NO
55185            0          0          0          NO
17101            0          0          0          NO
17999            0          0          0          NO
18105            0          0          0          NO
18103            0          0          0          NO
18101            0          0          0          NO
18001            0          0          0          NO
18999            0          0          0          NO
55195            0          0          0          NO
19105            0          0          0          NO
19103            0          0          0          NO
19101            0          0          0          NO
19001            0          0          0          NO
19999            0          0          0          NO
55205            0          0          0          NO
20101            0          0          0          NO
20001            0          0          0          NO
20999            0          0          0          NO
21103            0          0          0          NO
21101            0          0          0          NO
21001            0          0          0          NO
21999            0          0          0          NO
55225            0          0          0          NO
22103            0          0          0          NO
22101            0          0          0          NO
22001            0          0          0          NO
22999            0          0          0          NO
55235            0          0          0          NO
23103            0          0          0          NO
23101            0          0          0          NO
23001            0          0          0          NO
23999            0          0          0          NO
55245            0          0          0          NO
66279            0          0          0          NO
66277            0          0          0          NO
66275            0          0          0          NO
66271            0          0          0          NO
27999            0          0          0          NO
66265            0          0          0          NO
29003            0          0          0          NO
66241            0          0          0          NO
66101            0          0          0          NO
66245            0          0          0          NO
66255            0          0          0          NO
66261            0          0          0          NO
66263            0          0          0          NO
25999            0          0          0          NO
26999            0          0          0          NO
78201            0          0          0          NO
315              0          0          0          NO
615              0          0          0          NO
625              0          0          0          NO
645              0          0          0          NO
715              0          0          0          NO
815              0          0          0          NO
915              0          0          0          NO
925              0          0          0          NO
955              0          0          0          NO
1215             0          0          0          NO
1225             0          0          0          NO
1315             0          0          0          NO
1325             0          0          0          NO
1335             0          0          0          NO
1725             0          0          0          NO
1735             0          0          0          NO
1745             0          0          0          NO
1755             0          0          0          NO
1765             0          0          0          NO
1775             0          0          0          NO
1757             0          0          0          NO
2215             0          0          0          NO
2225             0          0          0          NO
2315             0          0          0          NO
2325             0          0          0          NO
2335             0          0          0          NO
2345             0          0          0          NO
2355             0          0          0          NO
2365             0          0          0          NO
2375             0          0          0          NO
2715             0          0          0          NO
2725             0          0          0          NO
2925             0          0          0          NO
2935             0          0          0          NO
515              0          0          0          NO
935              0          0          0          NO
414              0          0          0          NO
419              0          0          0          NO
420              0          0          0          NO
421              0          0          0          NO
422              0          0          0          NO
423              0          0          0          NO
424              0          0          0          NO
425              0          0          0          NO
426              0          0          0          NO
427              0          0          0          NO
428              0          0          0          NO
429              0          0          0          NO
430              0          0          0          NO
431              0          0          0          NO
432              0          0          0          NO
433              0          0          0          NO
434              0          0          0          NO
435              0          0          0          NO
436              0          0          0          NO
437              0          0          0          NO
438              0          0          0          NO
439              0          0          0          NO
440              0          0          0          NO
441              0          0          0          NO
442              0          0          0          NO
443              0          0          0          NO
444              0          0          0          NO
445              0          0          0          NO
446              0          0          0          NO
447              0          0          0          NO
448              0          0          0          NO
449              0          0          0          NO
450              0          0          0          NO
451              0          0          0          NO
452              0          0          0          NO
453              0          0          0          NO
454              0          0          0          NO
455              0          0          0          NO
456              0          0          0          NO
457              0          0          0          NO
458              0          0          0          NO
459              0          0          0          NO
460              0          0          0          NO
461              0          0          0          NO
462              0          0          0          NO
463              0          0          0          NO
464              0          0          0          NO
465              0          0          0          NO
466              0          0          0          NO
467              0          0          0          NO
468              0          0          0          NO
469              0          0          0          NO
470              0          0          0          NO
471              0          0          0          NO
472              0          0          0          NO
473              0          0          0          NO
474              0          0          0          NO
475              0          0          0          NO
476              0          0          0          NO
477              0          0          0          NO
478              0          0          0          NO
479              0          0          0          NO
480              0          0          0          NO
481              0          0          0          NO
482              0          0          0          NO
483              0          0          0          NO
484              0          0          0          NO
485              0          0          0          NO
487              0          0          0          NO
1785             0          0          0          NO
29103            0          0          0          NO
29999            0          0          0          NO
17003            0          0          0          NO
17001            0          0          0          NO
55249            0          0          0          NO
24999            0          0          0          NO

[COORDINATES]
;;Node           X-Coord            Y-Coord
;;-------------- ------------------ ------------------
411              247.25             462.71            
520              214.89             448.17            
620              322.97             445.75            
640              348.54             450.00            
650              325.23             404.17            
720              306.50             371.37            
820              204.63             414.94            
960              208.30             318.45            
930              184.48             372.39            
920              197.03             350.80            
940              160.20             386.25            
1011             239.88             323.16            
1111             289.64             344.55            
1220             199.41             298.52            
1230             197.52             271.44            
1320             252.89             191.59            
1330             228.13             266.87            
1340             223.91             246.44            
1411             282.74             293.69            
1511             270.97             203.33            
1611             295.10             319.90            
1711             311.57             316.72            
1730             319.80             349.20            
1740             325.60             373.43            
1750             349.95             403.24            
1770             393.21             424.14            
1780             392.91             459.19            
1790             359.83             502.10            
1811             350.77             373.42            
1911             354.22             347.05            
2011             330.25             298.62            
2111             337.36             314.01            
2211             379.07             308.11            
2230             380.90             345.21            
2240             354.23             322.37            
2311             394.10             324.05            
2320             402.58             351.34            
2340             454.87             372.35            
2350             441.08             412.18            
2360             449.90             449.32            
2380             409.98             489.24            
2720             240.11             145.09            
2730             210.61             231.04            
2911             404.11             223.53            
2930             410.54             277.93            
2940             450.96             284.50            
311              277.67             462.79            
310              270.14             449.48            
5503             267.69             437.48            
03               257.89             444.48            
5505             265.78             421.45            
411              282.24             428.48            
410              274.86             432.82            
511              236.42             420.59            
510              249.56             420.73            
05               257.56             415.59            
5506             265.49             405.18            
611              281.23             418.44            
610              276.73             410.97            
06               265.66             393.33            
5507             273.02             381.40            
711              286.59             385.90            
710              278.69             386.42            
07               260.63             388.35            
5508             271.62             369.46            
811              227.19             377.34            
812              239.88             377.48            
810              256.99             374.13            
08               257.64             363.41            
5509             261.94             353.35            
911              228.12             352.37            
910              245.63             354.37            
09               254.63             341.76            
5511             262.66             320.53            
1111             285.10             331.78            
1112             279.60             311.33            
1110             270.87             311.00            
1108             272.69             320.72            
11               259.65             311.56            
5512             264.96             283.36            
1211             240.95             283.14            
1210             254.22             284.01            
1011             250.20             306.18            
12               258.09             273.92            
5513             273.45             276.89            
1411             273.00             292.29            
1311             256.03             229.95            
1310             260.72             257.84            
13               273.42             258.00            
5515             287.38             270.90            
1611             290.81             309.24            
1612             292.75             286.27            
1610             290.04             278.72            
16               290.53             257.84            
1511             276.61             227.84            
1510             280.84             240.76            
15               288.61             246.04            
5518             302.13             266.04            
1711             305.36             304.46            
1710             298.85             279.96            
17               297.47             262.70            
1811             344.28             363.94            
1814             327.77             343.84            
1812             320.25             327.73            
1810             309.81             271.86            
18               312.90             247.20            
5519             316.43             264.73            
1911             343.37             344.11            
1914             337.30             330.87            
1912             328.67             308.93            
1910             318.65             282.13            
19               324.07             244.72            
5520             336.87             269.17            
2011             330.36             289.40            
2010             330.03             274.48            
20               331.88             259.29            
2111             339.14             303.93            
2112             335.51             294.68            
2110             335.49             282.39            
21               340.64             266.37            
5522             346.64             271.28            
2211             364.58             305.39            
2212             359.81             295.01            
2210             356.66             282.09            
22               353.62             253.48            
5523             360.99             270.29            
2311             403.48             311.72            
2312             396.05             279.64            
2310             376.25             268.47            
23               374.17             258.73            
5588             366.30             251.95            
2711             278.09             149.02            
6660             294.00             145.62            
6650             309.04             146.02            
6640             327.06             144.23            
2710             337.69             144.01            
27               335.40             114.27            
66011            349.57             142.18            
2911             408.44             216.40            
29011            395.65             215.83            
5566             366.41             230.62            
2410             382.33             217.46            
7810             390.62             196.43            
2510             364.61             205.15            
2610             361.74             165.95            
6620             358.20             141.65            
25               373.71             202.73            
26               373.32             176.99            
7820             389.17             185.20            
7830             383.09             173.70            
311              277.38             462.34            
320              284.17             482.95            
411              281.94             427.89            
511              236.49             418.90            
520              222.54             432.86            
611              280.73             417.79            
620              322.03             439.46            
640              348.58             441.27            
650              325.51             418.42            
711              286.93             384.58            
720              306.48             379.08            
811              227.70             375.60            
820              210.39             400.90            
911              227.63             349.18            
920              211.25             362.93            
930              194.62             385.29            
940              170.91             400.02            
960              222.64             319.46            
1011             240.08             310.28            
1111             277.86             335.44            
1211             239.94             283.50            
1220             214.05             296.39            
1230             211.37             272.14            
1311             256.34             229.77            
1320             253.20             199.20            
1330             240.62             266.27            
1340             237.09             245.79            
1411             273.64             295.72            
1511             275.19             218.12            
1611             291.03             312.32            
1711             305.40             309.61            
1730             311.83             342.63            
1740             326.21             367.86            
1750             343.62             396.69            
1760             379.04             406.64            
1770             382.38             426.96            
1780             383.98             457.44            
1790             361.10             493.83            
1811             356.22             360.16            
1911             346.55             348.81            
2011             329.95             290.22            
2111             339.47             306.12            
2211             365.20             311.16            
2240             351.33             317.39            
2230             375.06             335.83            
2311             402.23             317.08            
2320             407.76             341.86            
2330             416.57             370.42            
2340             447.64             371.17            
2350             428.47             414.77            
2360             439.76             449.54            
2370             448.48             484.21            
2380             417.99             490.09            
2711             276.81             146.73            
2720             246.97             153.53            
2730             221.66             230.86            
2911             410.36             215.10            
2930             409.76             268.66            
2940             451.01             271.69            
2910             392.51             206.46            
29               379.72             197.77            
1702             306.11             274.59            
5577             366.49             244.50            
24               374.17             208.63            

[MAP]
DIMENSIONS 160.20 114.27 454.87 502.10
Units      None

[REPORT]
INPUT            YES
SUBCATCHMENTS    ALL
NODES            ALL
LINKS            ALL



