;; SWMM5 .inp converted from XPSWMM .xp file
;; Generated by XPSWMM Card Reader
;; Source format: XP_CARD | Original title: CITY OF PLYMOUTH COMBINED SEWER OPERATIONAL PLAN

[TITLE]
;;Project Title/Notes
CITY OF PLYMOUTH COMBINED SEWER OPERATIONAL PLAN

[OPTIONS]
FLOW_UNITS           CFS
INFILTRATION         HORTON
FLOW_ROUTING         DYNWAVE
LINK_OFFSETS         DEPTH
MIN_SLOPE            0.0
ALLOW_PONDING        NO
SKIP_STEADY_STATE    NO
ROUTING_STEP         00:00:10
VARIABLE_STEP        0.75
INERTIAL_DAMPING     PARTIAL
NORMAL_FLOW_LIMITED  BOTH
MAX_TRIALS           100
HEAD_TOLERANCE       0.0033

[JUNCTIONS]
;;Name           Elev       MaxDepth   InitDepth  SurDepth   Aponded
;;-------------- ---------- ---------- ---------- ---------- ----------
0                787.09     0          0          0          0
0                788.34     0          0          0          0
0                784.64     0          0          0          0
0                779.84     0          0          0          0
0                776.03     0          0          0          0
0                776.13     0          0          0          0
0                780.05     0          0          0          0
0                778.48     0          0          0          0
0                775.00     0          0          0          0
0                779.85     0          0          0          0
0                775.00     0          0          0          0
0                775.00     0          0          0          0
0                786.96     0          0          0          0
0                791.61     0          0          0          0
0                784.51     0          0          0          0
0                779.84     0          0          0          0
0                778.20     0          0          0          0
0                778.37     0          0          0          0
0                775.00     0          0          0          0
0                778.41     0          0          0          0
0                778.12     0          0          0          0
0                777.86     0          0          0          0
0                778.86     0          0          0          0
0                780.55     0          0          0          0
0                778.93     0          0          0          0
0                778.53     0          0          0          0
0                776.11     0          0          0          0
0                779.89     0          0          0          0
0                779.67     0          0          0          0
0                776.10     0          0          0          0
0                775.42     0          0          0          0
0                775.87     0          0          0          0
0                780.00     0          0          0          0
0                775.86     0          0          0          0
0                775.77     0          0          0          0
0                775.89     0          0          0          0
0                775.00     0          0          0          0
0                777.64     0          0          0          0
0                774.65     0          0          0          0
0                783.08     0          0          0          0
0                783.32     0          0          0          0
0                793.56     0          0          0          0
0                787.27     0          0          0          0
0                794.80     0          0          0          0
0                785.06     0          0          0          0
0                802.89     0          0          0          0
0                800.67     0          0          0          0
0                800.74     0          0          0          0
0                799.58     0          0          0          0
0                802.93     0          0          0          0
0                800.68     0          0          0          0
0                801.44     0          0          0          0
0                799.13     0          0          0          0
0                796.08     0          0          0          0
0                800.21     0          0          0          0
0                803.34     0          0          0          0
0                800.57     0          0          0          0
0                797.80     0          0          0          0
0                797.82     0          0          0          0
0                796.33     0          0          0          0
0                781.97     0          0          0          0
0                775.54     0          0          0          0
0                775.60     0          0          0          0
0                775.00     0          0          0          0
0                775.58     0          0          0          0
0                777.32     0          0          0          0
0                775.00     0          0          0          0
0                777.55     0          0          0          0
0                792.92     0          0          0          0
0                792.00     0          0          0          0
0                785.99     0          0          0          0
0                795.34     0          0          0          0
0                792.92     0          0          0          0
0                789.60     0          0          0          0
0                789.60     0          0          0          0
0                787.54     0          0          0          0
0                789.60     0          0          0          0
0                789.60     0          0          0          0
0                791.76     0          0          0          0
0                778.37     0          0          0          0
0                778.35     0          0          0          0
0                776.99     0          0          0          0
0                775.00     0          0          0          0
0                784.19     0          0          0          0
0                791.09     0          0          0          0
0                789.75     0          0          0          0
0                787.37     0          0          0          0
0                787.34     0          0          0          0
0                775.00     0          0          0          0
0                794.24     0          0          0          0
0                793.35     0          0          0          0
0                791.60     0          0          0          0
0                790.75     0          0          0          0
0                791.20     0          0          0          0
0                785.12     0          0          0          0
0                787.17     0          0          0          0
0                786.00     0          0          0          0
0                780.00     0          0          0          0
0                772.00     0          0          0          0
0                784.32     0          0          0          0
0                776.04     0          0          0          0
0                776.04     0          0          0          0
0                783.00     0          0          0          0
0                778.00     0          0          0          0
0                773.00     0          0          0          0
0                772.00     0          0          0          0
0                779.87     0          0          0          0
0                776.00     0          0          0          0
0                793.43     0          0          0          0

[STORAGE]
;;Name           Elev       MaxDepth   InitDepth  Shape      Curve/Params
;;-------------- ---------- ---------- ---------- ---------- ----------
0                754.40     0          0          FUNCTIONAL 0 0          0
0                786.03     0          0          FUNCTIONAL 3850.00 0          0

[CONDUITS]
;;Name           From             To               Length     Roughness  InOffset   OutOffset  InitFlow   MaxFlow
;;-------------- ---------------- ---------------- ---------- ---------- ---------- ---------- ---------- ----------
201              0                0                375.00     0.0140     777.49     776.39     0          0
202              0                0                640.00     0.0140     776.35     774.94     0          0
204              0                0                500.00     0.0140     774.89     773.20     0          0
208              0                0                350.00     0.0140     770.00     769.26     0          0
212              0                0                900.00     0.0140     768.25     766.59     0          0
219              0                0                280.00     0.0150     771.75     770.63     0          0
SIPHON           0                0                240.00     0.0120     768.98     768.30     0          0
242              0                0                300.00     0.0140     774.21     771.87     0          0
240              0                0                350.00     0.0140     776.95     770.00     0          0
233              0                0                300.00     0.0140     779.62     770.32     0          0
238              0                0                580.00     0.0140     783.37     777.71     0          0
249              0                0                300.00     0.0140     770.69     768.19     0          0
255              0                0                20.00      0.0120     768.35     768.16     0          0
214              0                0                300.00     0.0140     766.59     766.28     0          0
258              0                0                20.00      0.0140     766.26     765.80     0          0
260              0                0                180.00     0.0120     765.36     765.12     0          0
262              0                0                180.00     0.0120     765.46     765.16     0          0
264              0                0                200.00     0.0140     764.82     764.81     0          0
267              0                0                260.00     0.0140     764.75     764.63     0          0
269              0                0                500.00     0.0140     764.61     764.07     0          0
279              0                0                260.00     0.0140     761.82     761.47     0          0
281              0                0                1040.00    0.0140     761.45     760.15     0          0
289              0                0                500.00     0.0140     758.40     757.72     0          0
291              0                0                420.00     0.0140     757.59     755.54     0          0
285              0                0                680.00     0.0140     760.10     759.35     0          0
297              0                0                20.00      0.0140     763.36     759.65     0          0
301              0                0                200.00     0.0140     766.13     763.89     0          0
305              0                0                300.00     0.0140     768.59     767.65     0          0
306              0                0                480.00     0.0140     767.34     766.31     0          0
309              0                0                300.00     0.0140     770.93     769.93     0          0
310              0                0                80.00      0.0140     769.24     769.11     0          0
313              0                0                850.00     0.0140     774.86     771.77     0          0
314              0                0                150.00     0.0140     771.77     771.12     0          0
313              0                0                670.00     0.0140     786.94     784.79     0          0
317              0                0                500.00     0.0140     782.90     778.13     0          0
319              0                0                350.00     0.0140     776.24     774.85     0          0
322              0                0                170.00     0.0140     782.57     781.22     0          0
323              0                0                350.00     0.0140     781.17     779.95     0          0
325              0                0                330.00     0.0140     779.86     778.28     0          0
327              0                0                540.00     0.0140     778.08     776.47     0          0
330              0                0                580.00     0.0140     787.03     784.28     0          0
331              0                0                230.00     0.0140     784.26     783.25     0          0
333              0                0                360.00     0.0140     783.25     782.61     0          0
336              0                0                1270.00    0.0140     790.03     788.39     0          0
337              0                0                1080.00    0.0140     788.37     787.73     0          0
340              0                0                200.00     0.0140     787.96     787.13     0          0
342              0                0                360.00     0.0140     790.42     789.44     0          0
343              0                0                170.00     0.0140     789.42     788.57     0          0
345              0                0                350.00     0.0140     788.31     787.76     0          0
347              0                0                260.00     0.0140     788.03     787.33     0          0
349              0                0                230.00     0.0140     787.32     786.18     0          0
333              0                0                750.00     0.0140     793.12     790.79     0          0
322              0                0                750.00     0.0140     795.40     790.26     0          0
323              0                0                750.00     0.0140     793.78     788.86     0          0
325              0                0                750.00     0.0140     792.04     789.62     0          0
327              0                0                750.00     0.0140     790.70     787.33     0          0
357              0                0                800.00     0.0140     772.77     767.62     0          0
358              0                0                600.00     0.0140     767.37     765.65     0          0
361              0                0                200.00     0.0140     767.95     765.99     0          0
365              0                0                350.00     0.0140     771.14     769.12     0          0
366              0                0                100.00     0.0140     769.10     769.00     0          0
368              0                0                25.00      0.0140     769.00     768.92     0          0
370              0                0                175.00     0.0140     762.32     761.89     0          0
373              0                0                200.00     0.0140     784.25     783.46     0          0
374              0                0                380.00     0.0140     783.44     777.04     0          0
376              0                0                400.00     0.0140     777.01     771.20     0          0
379              0                0                350.00     0.0140     783.74     783.50     0          0
379              0                0                380.00     0.0140     782.83     780.83     0          0
381              0                0                380.00     0.0140     780.92     780.14     0          0
393              0                0                330.00     0.0140     775.86     774.35     0          0
395              0                0                260.00     0.0140     774.29     773.15     0          0
398              0                0                50.00      0.0140     776.62     776.11     0          0
402              0                0                150.00     0.0140     777.67     776.08     0          0
404              0                0                310.00     0.0140     769.11     767.79     0          0
409              0                0                280.00     0.0140     767.77     766.31     0          0
407              0                0                50.00      0.0140     771.74     770.07     0          0
414              0                0                550.00     0.0140     776.35     770.80     0          0
416              0                0                500.00     0.0140     780.64     779.79     0          0
417              0                0                550.00     0.0140     779.68     776.35     0          0
420              0                0                240.00     0.0140     771.43     770.06     0          0
422              0                0                500.00     0.0140     771.38     766.80     0          0
426              0                0                300.00     0.0140     786.42     784.70     0          0
427              0                0                300.00     0.0140     784.64     783.61     0          0
429              0                0                150.00     0.0140     783.61     782.50     0          0
431              0                0                510.00     0.0140     776.85     773.66     0          0
433              0                0                200.00     0.0140     773.54     771.44     0          0
436              0                0                650.00     0.0140     774.92     769.45     0          0
438              0                0                350.00     0.0140     777.65     771.95     0          0
293              0                0                170.00     0.0120     752.00     749.58     0          0
448              0                0                295.00     0.0140     769.44     769.00     0          0
442              0                0                150.00     0.0120     782.15     777.00     0          0
293              0                0                20.00      0.0120     770.00     770.00     0          0
460              0                0                220.00     0.0120     783.00     773.00     0          0
467              0                0                450.00     0.0140     754.84     753.89     0          0
470              0                0                270.00     0.0100     769.40     768.98     0          0
473              0                0                330.00     0.0140     760.56     759.64     0          0
475              0                0                820.00     0.0140     759.35     758.40     0          0
271              0                0                260.00     0.0140     764.07     763.82     0          0
477              0                0                675.00     0.0140     763.82     763.04     0          0
480              0                0                350.00     0.0140     775.46     771.66     0          0
482              0                0                715.00     0.0140     763.04     762.32     0          0
484              0                0                330.00     0.0140     776.45     774.86     0          0

[ORIFICES]
;;Name           From             To               Type       Offset     Qcoeff     Gated    CloseTime
;;-------------- ---------------- ---------------- ---------- ---------- ---------- -------- ----------
OR005            0                0                SIDE       772.72     0.650      NO       0
OR007            0                0                SIDE       0          0.650      NO       0
OR010            0                0                SIDE       0          0.650      NO       0
OR008            0                0                SIDE       0          0.650      NO       0
ORP1             0                0                SIDE       0          0.650      NO       0

[WEIRS]
;;Name           From             To               Type       CrestHt    Qcoeff     Gated    EndCon   EndCoeff   Surcharge
;;-------------- ---------------- ---------------- ---------- ---------- ---------- -------- -------- ---------- ----------
WR003            0                0                V-NOTCH    779.69     1.840      NO       0        0          YES
WR004            0                0                V-NOTCH    777.01     1.840      NO       0        0          YES
WR005            0                0                V-NOTCH    774.54     1.840      NO       0        0          YES
WR007            0                0                V-NOTCH    771.10     1.840      NO       0        0          YES
WR8/10           0                0                V-NOTCH    766.82     1.840      NO       0        0          YES
WR010            0                0                V-NOTCH    766.01     1.840      NO       0        0          YES
WR090            0                0                V-NOTCH    768.39     1.840      NO       0        0          YES
WR008            0                0                V-NOTCH    776.62     1.840      NO       0        0          YES
WR011            0                0                V-NOTCH    772.15     1.840      NO       0        0          YES
WR006            0                0                V-NOTCH    773.53     1.840      NO       0        0          YES
WRRET            0                0                TRANSVERSE 783.92     1.840      NO       0        0          YES

[PUMPS]
;;Name           From             To               PumpCurve  Status   Startup    Shutoff
;;-------------- ---------------- ---------------- ---------- -------- ---------- ----------
PUMP1            PUMP2            PUMP3            PC_PUMP1   ON       747.67     746.34    

[CURVES]
;;Name           Type       X-Value    Y-Value
;;-------------- ---------- ---------- ----------
PC_PUMP1         Pump4      0          0
;

[XSECTIONS]
;;Link           Shape        Geom1      Geom2      Geom3      Geom4      Barrels
;;-------------- ------------ ---------- ---------- ---------- ---------- ----------
201              CIRCULAR     1.25       0          0          0          1
202              CIRCULAR     1.25       0          0          0          1
204              CIRCULAR     1.25       0          0          0          1
208              CIRCULAR     1.25       0          0          0          1
212              CIRCULAR     1.50       0          0          0          1
219              CIRCULAR     1.00       0          0          0          1
SIPHON           CIRCULAR     0.63       0          0          0          2
242              CIRCULAR     1.25       0          0          0          1
240              CIRCULAR     0.83       0          0          0          1
233              CIRCULAR     1.25       0          0          0          1
238              CIRCULAR     1.25       0          0          0          1
249              CIRCULAR     1.25       0          0          0          1
255              CIRCULAR     0.67       0          0          0          1
214              CIRCULAR     1.75       0          0          0          1
258              CIRCULAR     1.75       0          0          0          1
260              CIRCULAR     0.33       0          0          0          1
262              CIRCULAR     1.00       0          0          0          1
264              CIRCULAR     1.75       0          0          0          1
267              CIRCULAR     1.75       0          0          0          1
269              CIRCULAR     1.75       0          0          0          1
279              CIRCULAR     1.75       0          0          0          1
281              CIRCULAR     1.75       0          0          0          1
289              CIRCULAR     3.00       0          0          0          1
291              CIRCULAR     3.00       0          0          0          1
285              CIRCULAR     2.00       0          0          0          1
297              CIRCULAR     1.00       0          0          0          1
301              CIRCULAR     2.50       0          0          0          1
305              CIRCULAR     3.00       0          0          0          1
306              CIRCULAR     2.50       0          0          0          1
309              CIRCULAR     4.00       0          0          0          1
310              CIRCULAR     3.00       0          0          0          1
313              CIRCULAR     4.00       0          0          0          1
314              CIRCULAR     4.00       0          0          0          1
313              CIRCULAR     1.50       0          0          0          1
317              CIRCULAR     1.75       0          0          0          1
319              CIRCULAR     1.50       0          0          0          1
322              CIRCULAR     3.00       0          0          0          1
323              CIRCULAR     3.00       0          0          0          1
325              CIRCULAR     3.00       0          0          0          1
327              CIRCULAR     3.00       0          0          0          1
330              CIRCULAR     2.50       0          0          0          1
331              CIRCULAR     2.50       0          0          0          1
333              CIRCULAR     2.50       0          0          0          1
336              CIRCULAR     1.50       0          0          0          1
337              CIRCULAR     1.50       0          0          0          1
340              CIRCULAR     1.00       0          0          0          1
342              CIRCULAR     1.25       0          0          0          1
343              CIRCULAR     1.25       0          0          0          1
345              CIRCULAR     1.50       0          0          0          1
347              CIRCULAR     1.50       0          0          0          1
349              CIRCULAR     1.50       0          0          0          1
333              CIRCULAR     1.00       0          0          0          1
322              CIRCULAR     0.83       0          0          0          1
323              CIRCULAR     0.83       0          0          0          1
325              CIRCULAR     0.83       0          0          0          1
327              CIRCULAR     0.67       0          0          0          1
357              CIRCULAR     1.25       0          0          0          1
358              CIRCULAR     0.67       0          0          0          1
361              CIRCULAR     1.25       0          0          0          1
365              CIRCULAR     2.50       0          0          0          1
366              CIRCULAR     2.50       0          0          0          1
368              CIRCULAR     1.75       0          0          0          1
370              CIRCULAR     1.75       0          0          0          1
373              CIRCULAR     2.00       0          0          0          1
374              CIRCULAR     2.00       0          0          0          1
376              CIRCULAR     2.25       0          0          0          1
379              CIRCULAR     1.25       0          0          0          1
379              CIRCULAR     0.83       0          0          0          1
381              CIRCULAR     0.83       0          0          0          1
393              CIRCULAR     0.67       0          0          0          1
395              CIRCULAR     0.67       0          0          0          1
398              CIRCULAR     1.25       0          0          0          1
402              CIRCULAR     1.25       0          0          0          1
404              CIRCULAR     0.67       0          0          0          1
409              CIRCULAR     0.83       0          0          0          1
407              CIRCULAR     1.00       0          0          0          1
414              CIRCULAR     2.00       0          0          0          1
416              CIRCULAR     1.25       0          0          0          1
417              CIRCULAR     2.00       0          0          0          1
420              CIRCULAR     0.67       0          0          0          1
422              CIRCULAR     3.00       0          0          0          1
426              CIRCULAR     1.75       0          0          0          1
427              CIRCULAR     2.00       0          0          0          1
429              CIRCULAR     2.00       0          0          0          1
431              CIRCULAR     3.00       0          0          0          1
433              CIRCULAR     3.00       0          0          0          1
436              CIRCULAR     0.83       0          0          0          1
438              CIRCULAR     1.00       0          0          0          1
293              CIRCULAR     2.50       0          0          0          1
448              CIRCULAR     1.50       0          0          0          1
442              CIRCULAR     1.33       0          0          0          2
293              CIRCULAR     1.50       0          0          0          1
460              CIRCULAR     1.00       0          0          0          1
467              CIRCULAR     2.50       0          0          0          1
470              CIRCULAR     2.42       0          0          0          1
473              CIRCULAR     0.83       0          0          0          1
475              CIRCULAR     2.50       0          0          0          1
271              CIRCULAR     1.75       0          0          0          1
477              CIRCULAR     1.75       0          0          0          1
480              CIRCULAR     1.00       0          0          0          1
482              CIRCULAR     1.75       0          0          0          1
484              CIRCULAR     3.00       0          0          0          1
OR005            RECT_CLOSED  0.33       0          0          0          
OR007            RECT_CLOSED  0.33       0          0          0          
OR010            RECT_CLOSED  0.67       0          0          0          
OR008            RECT_CLOSED  0.33       0          0          0          
ORP1             RECT_CLOSED  1.00       0          0          0          
WR003            RECT_OPEN    0          0.98       0          0          
WR004            RECT_OPEN    0          0.65       0          0          
WR005            RECT_OPEN    0          0.98       0          0          
WR007            RECT_OPEN    0          0.79       0          0          
WR8/10           RECT_OPEN    0          2.00       0          0          
WR010            RECT_OPEN    0          1.57       0          0          
WR090            RECT_OPEN    0          0.98       0          0          
WR008            RECT_OPEN    0          0.79       0          0          
WR011            RECT_OPEN    0          0.65       0          0          
WR006            RECT_OPEN    0          0.92       0          0          
WRRET            RECT_OPEN    0          27.00      0          0          

[LOSSES]
;;Link           Inlet      Outlet     Average    Flap Gate
;;-------------- ---------- ---------- ---------- ----------
201              0          0          0          NO
202              0          0          0          NO
204              0          0          0          NO
208              0          0          0          NO
212              0          0          0          NO
219              0          0          0          NO
SIPHON           0          0          0          NO
242              0          0          0          NO
240              0          0          0          NO
233              0          0          0          NO
238              0          0          0          NO
249              0          0          0          NO
255              0          0          0          NO
214              0          0          0          NO
258              0          0          0          NO
260              0          0          0          NO
262              0          0          0          NO
264              0          0          0          NO
267              0          0          0          NO
269              0          0          0          NO
279              0          0          0          NO
281              0          0          0          NO
289              0          0          0          NO
291              0          0          0          NO
285              0          0          0          NO
297              0          0          0          NO
301              0          0          0          NO
305              0          0          0          NO
306              0          0          0          NO
309              0          0          0          NO
310              0          0          0          NO
313              0          0          0          NO
314              0          0          0          NO
313              0          0          0          NO
317              0          0          0          NO
319              0          0          0          NO
322              0          0          0          NO
323              0          0          0          NO
325              0          0          0          NO
327              0          0          0          NO
330              0          0          0          NO
331              0          0          0          NO
333              0          0          0          NO
336              0          0          0          NO
337              0          0          0          NO
340              0          0          0          NO
342              0          0          0          NO
343              0          0          0          NO
345              0          0          0          NO
347              0          0          0          NO
349              0          0          0          NO
333              0          0          0          NO
322              0          0          0          NO
323              0          0          0          NO
325              0          0          0          NO
327              0          0          0          NO
357              0          0          0          NO
358              0          0          0          NO
361              0          0          0          NO
365              0          0          0          NO
366              0          0          0          NO
368              0          0          0          NO
370              0          0          0          NO
373              0          0          0          NO
374              0          0          0          NO
376              0          0          0          NO
379              0          0          0          NO
379              0          0          0          NO
381              0          0          0          NO
393              0          0          0          NO
395              0          0          0          NO
398              0          0          0          NO
402              0          0          0          NO
404              0          0          0          NO
409              0          0          0          NO
407              0          0          0          NO
414              0          0          0          NO
416              0          0          0          NO
417              0          0          0          NO
420              0          0          0          NO
422              0          0          0          NO
426              0          0          0          NO
427              0          0          0          NO
429              0          0          0          NO
431              0          0          0          NO
433              0          0          0          NO
436              0          0          0          NO
438              0          0          0          NO
293              0          0          0          NO
448              0          0          0          NO
442              0          0          0          NO
293              0          0          0          NO
460              0          0          0          NO
467              0          0          0          NO
470              0          0          0          NO
473              0          0          0          NO
475              0          0          0          NO
271              0          0          0          NO
477              0          0          0          NO
480              0          0          0          NO
482              0          0          0          NO
484              0          0          0          NO

[INFLOWS]
;;Node           Constituent  Time Series      Type     Mfactor  Sfactor  Baseline Pattern
;;-------------- ------------ ---------------- -------- -------- -------- -------- --------
0                FLOW         ""               FLOW     1.0      1.0      0.07
0                FLOW         ""               FLOW     1.0      1.0      0.02
0                FLOW         ""               FLOW     1.0      1.0      0.01
0                FLOW         ""               FLOW     1.0      1.0      0.04
0                FLOW         ""               FLOW     1.0      1.0      0.00
0                FLOW         ""               FLOW     1.0      1.0      0.04
0                FLOW         ""               FLOW     1.0      1.0      0.02
0                FLOW         ""               FLOW     1.0      1.0      0.23
0                FLOW         ""               FLOW     1.0      1.0      0.03
0                FLOW         ""               FLOW     1.0      1.0      0.00
0                FLOW         ""               FLOW     1.0      1.0      0.00
0                FLOW         ""               FLOW     1.0      1.0      0.00
0                FLOW         ""               FLOW     1.0      1.0      0.02
0                FLOW         ""               FLOW     1.0      1.0      0.01
0                FLOW         ""               FLOW     1.0      1.0      0.00
0                FLOW         ""               FLOW     1.0      1.0      0.09
0                FLOW         ""               FLOW     1.0      1.0      0.00
0                FLOW         ""               FLOW     1.0      1.0      0.00
0                FLOW         ""               FLOW     1.0      1.0      0.01
0                FLOW         ""               FLOW     1.0      1.0      0.12
0                FLOW         ""               FLOW     1.0      1.0      0.00
0                FLOW         ""               FLOW     1.0      1.0      0.01
0                FLOW         ""               FLOW     1.0      1.0      0.08
0                FLOW         ""               FLOW     1.0      1.0      0.01
0                FLOW         ""               FLOW     1.0      1.0      0.02
0                FLOW         ""               FLOW     1.0      1.0      0.12
0                FLOW         ""               FLOW     1.0      1.0      0.02
0                FLOW         ""               FLOW     1.0      1.0      0.04
0                FLOW         ""               FLOW     1.0      1.0      0.00
0                FLOW         ""               FLOW     1.0      1.0      0.01
0                FLOW         ""               FLOW     1.0      1.0      0.04
0                FLOW         ""               FLOW     1.0      1.0      0.03
0                FLOW         ""               FLOW     1.0      1.0      0.06
0                FLOW         ""               FLOW     1.0      1.0      0.01
0                FLOW         ""               FLOW     1.0      1.0      0.65
0                FLOW         ""               FLOW     1.0      1.0      0.03
0                FLOW         ""               FLOW     1.0      1.0      0.30
0                FLOW         ""               FLOW     1.0      1.0      0.04
0                FLOW         ""               FLOW     1.0      1.0      0.04
0                FLOW         ""               FLOW     1.0      1.0      0.01
0                FLOW         ""               FLOW     1.0      1.0      0.02
0                FLOW         ""               FLOW     1.0      1.0      0.01
0                FLOW         ""               FLOW     1.0      1.0      0.05
0                FLOW         ""               FLOW     1.0      1.0      0.02
0                FLOW         ""               FLOW     1.0      1.0      0.01
0                FLOW         ""               FLOW     1.0      1.0      0.03
0                FLOW         ""               FLOW     1.0      1.0      0.00
0                FLOW         ""               FLOW     1.0      1.0      0.01
0                FLOW         ""               FLOW     1.0      1.0      0.28
0                FLOW         ""               FLOW     1.0      1.0      0.00
0                FLOW         ""               FLOW     1.0      1.0      0.00
0                FLOW         ""               FLOW     1.0      1.0      0.02
0                FLOW         ""               FLOW     1.0      1.0      0.01
0                FLOW         ""               FLOW     1.0      1.0      0.00
0                FLOW         ""               FLOW     1.0      1.0      0.00
0                FLOW         ""               FLOW     1.0      1.0      0.02
0                FLOW         ""               FLOW     1.0      1.0      0.00
0                FLOW         ""               FLOW     1.0      1.0      0.01
0                FLOW         ""               FLOW     1.0      1.0      0.04
0                FLOW         ""               FLOW     1.0      1.0      0.07
0                FLOW         ""               FLOW     1.0      1.0      0.01
0                FLOW         ""               FLOW     1.0      1.0      0.11
0                FLOW         ""               FLOW     1.0      1.0      0.04
0                FLOW         ""               FLOW     1.0      1.0      0.03
0                FLOW         ""               FLOW     1.0      1.0      0.00
0                FLOW         ""               FLOW     1.0      1.0      0.01
0                FLOW         ""               FLOW     1.0      1.0      0.16
0                FLOW         ""               FLOW     1.0      1.0      0.03
0                FLOW         ""               FLOW     1.0      1.0      0.02
0                FLOW         ""               FLOW     1.0      1.0      0.09
0                FLOW         ""               FLOW     1.0      1.0      0.00
0                FLOW         ""               FLOW     1.0      1.0      0.16
0                FLOW         ""               FLOW     1.0      1.0      0.27
0                FLOW         ""               FLOW     1.0      1.0      0.02
0                FLOW         ""               FLOW     1.0      1.0      0.02

[COORDINATES]
;;Node           X-Coord            Y-Coord
;;-------------- ------------------ ------------------
0                13.27              166.90            
0                52.08              166.90            
0                101.32             166.90            
0                130.20             167.29            
0                167.59             166.90            
0                189.84             166.90            
0                213.51             166.90            
0                258.96             166.90            
0                13.66              224.23            
0                145.52             166.90            
0                130.28             225.01            
0                100.90             225.01            
0                13.20              188.89            
0                13.20              124.09            
0                101.09             189.28            
0                130.44             190.85            
0                278.36             196.74            
0                278.36             171.21            
0                278.36             122.52            
0                258.95             196.74            
0                313.39             166.90            
0                326.23             167.29            
0                326.70             140.58            
0                362.20             167.68            
0                381.84             190.46            
0                408.82             190.46            
0                450.80             190.46            
0                510.88             69.11             
0                510.88             42.41             
0                565.39             14.92             
0                565.39             -93.82            
0                565.39             -144.22           
0                676.16             -144.22           
0                585.37             -93.48            
0                585.37             -117.04           
0                606.26             -117.04           
0                623.78             -117.04           
0                502.68             -116.98           
0                529.66             -116.98           
0                440.82             -116.46           
0                464.49             -116.46           
0                385.43             -162.80           
0                423.31             -116.46           
0                385.43             -81.90            
0                423.31             -81.90            
0                298.68             -203.25           
0                318.56             -203.25           
0                350.75             -203.25           
0                369.21             -203.25           
0                178.48             -203.10           
0                233.39             -203.10           
0                259.90             -203.10           
0                132.90             -117.89           
0                178.34             -117.89           
0                148.43             -202.71           
0                260.31             -162.66           
0                299.13             -162.66           
0                318.53             -162.66           
0                350.73             -162.66           
0                369.17             -162.66           
0                499.72             -196.04           
0                585.40             -196.04           
0                606.23             -196.04           
0                634.36             -196.04           
0                494.70             186.80            
0                512.22             154.21            
0                523.11             132.22            
0                510.80             112.59            
0                580.73             236.39            
0                552.33             219.90            
0                526.76             205.76            
0                533.86             253.67            
0                508.30             239.53            
0                301.52             75.94             
0                321.41             75.94             
0                362.12             75.94             
0                301.52             98.32             
0                301.52             126.60            
0                301.52             38.46             
0                348.86             250.12            
0                361.65             235.98            
0                313.36             213.99            
0                377.74             216.74            
0                278.18             248.55            
0                278.66             325.36            
0                278.66             288.06            
0                167.48             122.92            
0                183.10             122.92            
0                239.43             122.92            
0                137.65             -9.81             
0                137.65             24.74             
0                137.65             58.51             
0                137.65             90.32             
0                137.65             122.92            
0                558.74             182.10            
0                324.92             280.12            
0                702.95             -144.44           
0                702.95             -218.26           
0                675.96             -180.56           
0                652.29             -180.56           
0                702.95             -249.29           
0                675.96             -218.26           
0                629.94             -144.14           
0                647.93             -144.14           
0                480.62             -116.61           
0                641.72             -91.12            
0                565.48             -38.60            
0                450.72             166.05            
0                472.85             169.47            
0                472.92             129.73            
0                385.73             -203.50           

[MAP]
DIMENSIONS 13.20 -249.29 702.95 325.36
Units      None

[REPORT]
INPUT            YES
SUBCATCHMENTS    ALL
NODES            ALL
LINKS            ALL



