;; SWMM5 .inp converted from XPSWMM .xp file
;; Generated by XPSWMM Card Reader
;; Source format: XP_CARD | Original title: CITY OF CALGARY - RANCHLANDS STORMWATER MANAGEMENT STUDY - 111C25708

[TITLE]
;;Project Title/Notes
CITY OF CALGARY - RANCHLANDS STORMWATER MANAGEMENT STUDY - 111C25708

[OPTIONS]
FLOW_UNITS           CMS
INFILTRATION         HORTON
FLOW_ROUTING         DYNWAVE
LINK_OFFSETS         DEPTH
MIN_SLOPE            0.0
ALLOW_PONDING        NO
SKIP_STEADY_STATE    NO
ROUTING_STEP         00:00:60
VARIABLE_STEP        0.75
INERTIAL_DAMPING     PARTIAL
NORMAL_FLOW_LIMITED  BOTH
MAX_TRIALS           50

[JUNCTIONS]
;;Name           Elev       MaxDepth   InitDepth  SurDepth   Aponded
;;-------------- ---------- ---------- ---------- ---------- ----------
10010            1067.20    0          0          0          0
10000            1066.95    0          0          0          0
10011            1067.20    0          0          0          0
10001            1066.95    0          0          0          0
10020            1070.23    0          0          0          0
10021            1070.23    0          0          0          0
10030            1072.26    0          0          0          0
10031            1072.26    0          0          0          0
10040            1078.77    0          0          0          0
10050            1087.82    0          0          0          0
10060            1098.52    0          0          0          0
10070            1103.24    0          0          0          0
10080            1109.58    0          0          0          0
10085            1114.34    0          0          0          0
10090            1117.05    0          0          0          0
10095            1116.62    0          0          0          0
10100            1122.11    0          0          0          0
10110            1127.34    0          0          0          0
10120            1129.24    0          0          0          0
10130            1131.32    0          0          0          0
10150            1137.07    0          0          0          0
10160            1135.19    0          0          0          0
10170            1134.94    0          0          0          0
10180            1142.67    0          0          0          0
10185            1146.47    0          0          0          0
10190            1149.88    0          0          0          0
10195            1151.40    0          0          0          0
10200            1156.41    0          0          0          0
10210            1158.45    0          0          0          0
10220            1159.27    0          0          0          0
10230            1162.27    0          0          0          0
10240            1169.56    0          0          0          0
10250            1178.46    0          0          0          0
10260            1187.13    0          0          0          0
10270            1186.89    0          0          0          0
10280            1194.40    0          0          0          0
10290            1211.14    0          0          0          0
10300            1213.08    0          0          0          0
10310            1216.54    0          0          0          0
10320            1219.86    0          0          0          0
10330            1229.50    0          0          0          0
10340            1233.12    0          0          0          0
10350            1236.82    0          0          0          0
10360            1239.71    0          0          0          0
10370            1240.50    0          0          0          0
10380            1242.40    0          0          0          0
10390            1244.28    0          0          0          0
10400            1243.71    0          0          0          0
10410            1245.33    0          0          0          0
10420            1245.59    0          0          0          0
10430            1246.94    0          0          0          0
11000            1087.05    0          0          0          0
11010            1085.23    0          0          0          0
11020            1088.33    0          0          0          0
11030            1098.20    0          0          0          0
11040            1097.75    0          0          0          0
11050            1099.09    0          0          0          0
11060            1105.15    0          0          0          0
11070            1110.85    0          0          0          0
11080            1115.42    0          0          0          0
11090            1114.52    0          0          0          0
11095            1119.38    0          0          0          0
11100            1124.31    0          0          0          0
11110            1132.44    0          0          0          0
11120            1140.29    0          0          0          0
11130            1141.59    0          0          0          0
11140            1145.81    0          0          0          0
11150            1146.76    0          0          0          0
11160            1150.07    0          0          0          0
11170            1153.29    0          0          0          0
11180            1156.17    0          0          0          0
11190            1159.18    0          0          0          0
11200            1160.52    0          0          0          0
11210            1164.45    0          0          0          0
11220            1168.31    0          0          0          0
11230            1169.89    0          0          0          0
11240            1175.26    0          0          0          0
11250            1179.32    0          0          0          0
11260            1185.17    0          0          0          0
11270            1196.24    0          0          0          0
11280            1198.85    0          0          0          0
11290            1201.52    0          0          0          0
11300            1205.43    0          0          0          0
11310            1214.39    0          0          0          0
11320            1222.12    0          0          0          0
11330            1226.79    0          0          0          0
11340            1232.14    0          0          0          0
11350            1236.27    0          0          0          0
11360            1238.98    0          0          0          0
11500            1120.29    0          0          0          0
11510            1119.69    0          0          0          0
11520            1121.68    0          0          0          0
11600            1116.97    0          0          0          0
11610            1115.62    0          0          0          0
11710            1122.28    0          0          0          0
11720            1122.04    0          0          0          0
11730            1122.64    0          0          0          0
11740            1123.34    0          0          0          0
11801            1141.59    0          0          0          0
11800            1146.01    0          0          0          0
11810            1151.63    0          0          0          0
11820            1156.79    0          0          0          0
12000            1097.52    0          0          0          0
12010            1100.60    0          0          0          0
12020            1108.49    0          0          0          0
12030            1115.26    0          0          0          0
12040            1118.60    0          0          0          0
12050            1120.32    0          0          0          0
12060            1122.88    0          0          0          0
12070            1123.51    0          0          0          0
13000            1139.21    0          0          0          0
13010            1147.68    0          0          0          0
13020            1147.80    0          0          0          0
13030            1153.33    0          0          0          0
13040            1157.06    0          0          0          0
13045            1175.99    0          0          0          0
13050            1183.47    0          0          0          0
14000            1149.51    0          0          0          0
14010            1150.97    0          0          0          0
14020            1153.78    0          0          0          0
14030            1154.87    0          0          0          0
14040            1163.01    0          0          0          0
14050            1165.40    0          0          0          0
14060            1167.52    0          0          0          0
14070            1168.71    0          0          0          0
14080            1171.19    0          0          0          0
14090            1172.39    0          0          0          0
14100            1174.69    0          0          0          0
14110            1175.90    0          0          0          0
14120            1178.10    0          0          0          0
14130            1183.23    0          0          0          0
14140            1185.28    0          0          0          0
15000            1225.44    0          0          0          0
15010            1222.14    0          0          0          0
15020            1223.54    0          0          0          0
15030            1224.89    0          0          0          0
15040            1228.47    0          0          0          0
15050            1231.82    0          0          0          0
15060            1231.55    0          0          0          0
15061            1231.55    0          0          0          0
15070            1237.54    0          0          0          0
15080            1239.14    0          0          0          0
15090            1241.14    0          0          0          0
15100            1244.98    0          0          0          0
15110            1245.99    0          0          0          0
15120            1246.43    0          0          0          0
15130            1248.19    0          0          0          0

[STORAGE]
;;Name           Elev       MaxDepth   InitDepth  Shape      Curve/Params
;;-------------- ---------- ---------- ---------- ---------- ----------
11700            1119.13    -0.26      0          FUNCTIONAL 5.00 0          0

[CONDUITS]
;;Name           From             To               Length     Roughness  InOffset   OutOffset  InitFlow   MaxFlow
;;-------------- ---------------- ---------------- ---------- ---------- ---------- ---------- ---------- ----------
W10010           10010            10000            294.09     0.0155     1064.12    1063.11    0          0
W10011           10011            10001            294.09     0.0155     1064.12    1063.11    0          0
W10020           10020            10010            128.01     0.0155     1066.97    1064.12    0          0
W10021           10021            10011            128.01     0.0155     1066.97    1064.12    0          0
W10030           10030            10020            132.00     0.0155     1068.96    1066.97    0          0
W10031           10031            10021            132.00     0.0155     1068.96    1066.97    0          0
W10040           10040            10030            139.59     0.0155     1071.68    1068.96    0          0
W10041           10040            10031            139.59     0.0155     1071.68    1068.96    0          0
W10050           10050            10040            275.80     0.0152     1080.27    1071.68    0          0
W10060           10060            10050            320.02     0.0152     1090.04    1080.27    0          0
W10070           10070            10060            169.19     0.0152     1095.94    1090.04    0          0
W10080           10080            10070            207.28     0.0152     1101.37    1095.94    0          0
W10085           10085            10080            191.98     0.0152     1107.77    1101.37    0          0
W10090           10090            10085            100.00     0.0092     1108.45    1107.77    0          0
W10095           10095            10090            140.20     0.0152     1111.68    1108.45    0          0
W10100           10100            10095            112.01     0.0152     1115.05    1111.68    0          0
W10110           10110            10100            216.70     0.0152     1118.85    1115.05    0          0
W10120           10120            10110            155.68     0.0152     1122.05    1118.85    0          0
W10130           10130            10120            193.69     0.0152     1124.25    1122.05    0          0
W10150           10150            10130            158.70     0.0152     1126.12    1124.25    0          0
W10160           10160            10150            106.80     0.0154     1129.89    1126.12    0          0
W10170           10170            10160            100.00     0.0087     1130.95    1129.89    0          0
W10180           10180            10170            218.50     0.0154     1137.05    1130.95    0          0
W10185           10185            10180            126.49     0.0154     1139.95    1137.05    0          0
W10190           10190            10185            100.18     0.0154     1141.23    1139.95    0          0
W10195           10195            10190            73.39      0.0154     1144.19    1141.23    0          0
W10200           10200            10195            254.19     0.0151     1151.19    1144.19    0          0
W10210           10210            10200            109.39     0.0151     1152.74    1151.19    0          0
W10220           10220            10210            60.99      0.0130     1153.51    1152.74    0          0
W10230           10230            10220            81.41      0.0130     1157.20    1153.94    0          0
W10240           10240            10230            128.10     0.0130     1164.19    1157.20    0          0
W10250           10250            10240            170.98     0.0130     1173.65    1164.19    0          0
W10260           10260            10250            312.40     0.0130     1181.30    1173.65    0          0
W10270           10270            10260            86.10      0.0130     1183.19    1181.30    0          0
W10280           10280            10270            130.69     0.0130     1190.31    1183.52    0          0
W10290           10290            10280            188.60     0.0130     1203.76    1190.31    0          0
W10300           10300            10290            67.69      0.0130     1209.34    1204.12    0          0
W10310           10310            10300            58.88      0.0130     1212.90    1209.55    0          0
W10320           10320            10310            230.48     0.0130     1216.03    1212.90    0          0
W10330           10330            10320            80.01      0.0108     1225.68    1216.03    0          0
W10340           10340            10330            61.81      0.0130     1229.36    1226.53    0          0
W10350           10350            10340            100.30     0.0130     1233.42    1229.48    0          0
W10360           10360            10350            85.49      0.0130     1235.11    1233.42    0          0
W10370           10370            10360            183.39     0.0130     1237.03    1235.23    0          0
W10380           10380            10370            163.70     0.0130     1238.83    1237.03    0          0
W10390           10390            10380            265.19     0.0130     1240.50    1238.83    0          0
W10400           10400            10390            123.41     0.0130     1241.12    1240.50    0          0
W10410           10410            10400            273.18     0.0130     1242.30    1241.12    0          0
W10420           10420            10410            142.61     0.0130     1242.91    1242.30    0          0
W10430           10430            10420            238.19     0.0130     1244.08    1243.06    0          0
W11000           11000            10040            325.51     0.0155     1079.74    1071.68    0          0
W11010           11010            11000            114.29     0.0155     1081.95    1079.74    0          0
W11020           11020            11010            135.60     0.0155     1085.18    1081.95    0          0
W11030           11030            11020            259.10     0.0155     1091.38    1085.18    0          0
W11040           11040            11030            121.88     0.0152     1092.83    1091.38    0          0
W11050           11050            11040            74.70      0.0155     1094.24    1092.83    0          0
W11060           11060            11050            278.88     0.0155     1099.00    1094.24    0          0
W11070           11070            11060            309.36     0.0155     1104.80    1099.00    0          0
W11080           11080            11070            166.11     0.0155     1107.07    1104.80    0          0
W11090           11090            11080            100.00     0.0127     1109.02    1107.07    0          0
W11095           11095            11090            109.69     0.0153     1113.17    1109.02    0          0
W11100           11100            11095            259.10     0.0153     1120.59    1113.17    0          0
W11110           11110            11100            219.69     0.0130     1126.24    1120.59    0          0
W11120           11120            11110            203.78     0.0130     1133.35    1126.24    0          0
W11130           11130            11120            100.00     0.0100     1135.72    1133.35    0          0
W11140           11140            11130            244.89     0.0130     1140.32    1135.72    0          0
W11150           11150            11140            90.19      0.0130     1143.11    1140.32    0          0
W11160           11160            11150            167.30     0.0130     1146.47    1143.11    0          0
W11170           11170            11160            85.80      0.0130     1149.04    1146.59    0          0
W11180           11180            11170            128.41     0.0130     1152.48    1149.04    0          0
W11190           11190            11180            111.49     0.0130     1154.26    1152.48    0          0
W11200           11200            11190            96.01      0.0130     1155.33    1154.26    0          0
W11210           11210            11200            150.90     0.0130     1162.10    1155.43    0          0
W11220           11220            11210            187.20     0.0130     1164.44    1162.10    0          0
W11230           11230            11220            149.68     0.0130     1166.35    1164.44    0          0
W11240           11240            11230            187.20     0.0130     1169.96    1166.51    0          0
W11250           11250            11240            199.88     0.0130     1176.00    1170.24    0          0
W11260           11260            11250            180.89     0.0130     1181.90    1176.11    0          0
W11270           11270            11260            179.79     0.0130     1193.13    1182.09    0          0
W11280           11280            11270            115.48     0.0130     1195.45    1193.40    0          0
W11290           11290            11280            60.01      0.0130     1197.70    1195.67    0          0
W11300           11300            11290            100.00     0.0101     1202.02    1197.70    0          0
W11310           11310            11300            160.41     0.0130     1212.25    1202.57    0          0
W11320           11320            11310            155.81     0.0130     1218.96    1212.25    0          0
W11330           11330            11320            94.48      0.0130     1222.67    1219.06    0          0
W11340           11340            11330            128.89     0.0130     1229.10    1223.68    0          0
W11350           11350            11340            128.80     0.0130     1232.25    1229.30    0          0
W11360           11360            11350            86.89      0.0130     1234.22    1232.25    0          0
W11500           11500            11090            109.69     0.0130     1112.36    1109.95    0          0
W11510           11510            11500            320.02     0.0130     1115.93    1112.66    0          0
W11520           11520            11510            101.49     0.0130     1117.88    1115.93    0          0
W11600           11600            11090            301.80     0.0130     1111.20    1109.81    0          0
W11610           11610            11600            411.46     0.0130     1112.49    1111.20    0          0
W11700           11700            11095            100.00     0.0072     1115.77    1113.63    0          0
W11710           11710            11700            262.08     0.0130     1118.33    1116.87    0          0
W11720           11720            11710            245.20     0.0130     1119.25    1118.33    0          0
W11730           11730            11720            91.41      0.0130     1119.85    1119.53    0          0
W11740           11740            11730            91.41      0.0130     1120.61    1120.07    0          0
W11801           11801            11130            100.21     0.0025     1136.89    1135.72    0          0
W11800           11800            11801            221.70     0.0130     1140.49    1136.89    0          0
W11810           11810            11800            107.89     0.0130     1146.29    1140.49    0          0
W11820           11820            11810            170.98     0.0130     1152.09    1146.54    0          0
W12000           12000            10050            166.11     0.0130     1089.95    1081.13    0          0
W12010           12010            12000            139.41     0.0130     1093.17    1089.95    0          0
W12020           12020            12010            80.49      0.0130     1103.36    1093.17    0          0
W12030           12030            12020            375.50     0.0130     1109.42    1103.36    0          0
W12040           12040            12030            306.31     0.0130     1113.46    1109.42    0          0
W12050           12050            12040            101.19     0.0130     1115.50    1113.46    0          0
W12060           12060            12050            211.70     0.0130     1118.21    1115.50    0          0
W12070           12070            12060            100.00     0.0090     1118.91    1118.34    0          0
W13000           13000            10160            61.20      0.0130     1135.16    1131.66    0          0
W13010           13010            13000            159.98     0.0130     1142.78    1135.16    0          0
W13020           13020            13010            273.58     0.0130     1146.05    1142.78    0          0
W13030           13030            13020            60.90      0.0130     1147.89    1146.05    0          0
W13040           13040            13030            133.59     0.0130     1151.83    1147.89    0          0
W13045           13045            13040            462.36     0.0130     1173.02    1152.07    0          0
W13050           13050            13045            121.88     0.0130     1176.21    1173.02    0          0
W14000           14000            10190            222.19     0.0130     1144.25    1141.23    0          0
W14010           14010            14000            175.98     0.0130     1145.83    1144.25    0          0
W14020           14020            14010            100.00     0.0108     1146.46    1145.83    0          0
W14030           14030            14020            86.41      0.0130     1150.29    1146.72    0          0
W14040           14040            14030            127.19     0.0130     1157.94    1150.29    0          0
W14050           14050            14040            79.61      0.0130     1160.11    1157.94    0          0
W14060           14060            14050            149.01     0.0130     1162.33    1160.11    0          0
W14070           14070            14060            137.58     0.0130     1164.29    1162.51    0          0
W14080           14080            14070            190.49     0.0130     1166.64    1164.29    0          0
W14090           14090            14080            128.19     0.0130     1168.94    1166.64    0          0
W14100           14100            14090            92.11      0.0130     1171.24    1169.09    0          0
W14110           14110            14100            43.58      0.0130     1172.48    1171.33    0          0
W14120           14120            14110            82.20      0.0130     1174.78    1172.48    0          0
W14130           14130            14120            222.40     0.0130     1179.94    1174.78    0          0
W14140           14140            14130            250.08     0.0130     1182.36    1179.94    0          0
W15000           15000            10290            71.20      0.0130     1207.76    1204.11    0          0
W15010           15010            15000            127.58     0.0130     1217.39    1208.38    0          0
W15020           15020            15010            127.58     0.0130     1220.21    1217.76    0          0
W15030           15030            15020            58.31      0.0130     1221.42    1220.21    0          0
W15040           15040            15030            58.18      0.0130     1224.07    1221.42    0          0
W15050           15050            15040            121.79     0.0130     1226.13    1224.07    0          0
W15060           15060            15050            113.11     0.0130     1227.27    1226.13    0          0
W15061           15061            15060            100.00     0.0025     1229.41    1227.27    0          0
W15070           15070            15061            100.00     0.0072     1232.40    1229.41    0          0
W15080           15080            15070            98.60      0.0130     1234.59    1232.54    0          0
W15090           15090            15080            103.69     0.0130     1236.63    1234.59    0          0
W15100           15100            15090            236.39     0.0130     1239.55    1236.63    0          0
W15110           15110            15100            238.40     0.0130     1241.39    1239.55    0          0
W15120           15120            15110            142.49     0.0130     1242.26    1241.39    0          0
W15130           15130            15120            205.39     0.0130     1243.14    1242.26    0          0

[XSECTIONS]
;;Link           Shape        Geom1      Geom2      Geom3      Geom4      Barrels
;;-------------- ------------ ---------- ---------- ---------- ---------- ----------
W10010           TRAPEZOIDAL  2.13       1.83       0          0          1
W10011           TRAPEZOIDAL  2.13       1.83       0          0          1
W10020           TRAPEZOIDAL  2.13       1.83       0          0          1
W10021           TRAPEZOIDAL  2.13       1.83       0          0          1
W10030           TRAPEZOIDAL  2.13       1.83       0          0          1
W10031           TRAPEZOIDAL  2.13       1.83       0          0          1
W10040           TRAPEZOIDAL  2.13       1.83       0          0          1
W10041           TRAPEZOIDAL  2.13       1.83       0          0          1
W10050           TRAPEZOIDAL  2.13       1.52       0          0          1
W10060           TRAPEZOIDAL  2.13       1.52       0          0          1
W10070           TRAPEZOIDAL  2.13       1.52       0          0          1
W10080           TRAPEZOIDAL  2.13       1.52       0          0          1
W10085           TRAPEZOIDAL  2.13       1.52       0          0          1
W10090           TRAPEZOIDAL  2.13       1.52       0          0          1
W10095           TRAPEZOIDAL  2.13       1.52       0          0          1
W10100           TRAPEZOIDAL  2.13       1.52       0          0          1
W10110           TRAPEZOIDAL  2.13       1.52       0          0          1
W10120           TRAPEZOIDAL  2.13       1.52       0          0          1
W10130           TRAPEZOIDAL  2.13       1.52       0          0          1
W10150           TRAPEZOIDAL  2.13       1.52       0          0          1
W10160           TRAPEZOIDAL  1.83       1.52       0          0          1
W10170           TRAPEZOIDAL  1.83       1.52       0          0          1
W10180           TRAPEZOIDAL  1.83       1.52       0          0          1
W10185           TRAPEZOIDAL  1.83       1.52       0          0          1
W10190           TRAPEZOIDAL  1.83       1.52       0          0          1
W10195           TRAPEZOIDAL  1.83       1.52       0          0          1
W10200           TRAPEZOIDAL  1.83       1.22       0          0          1
W10210           TRAPEZOIDAL  1.83       1.22       0          0          1
W10220           CIRCULAR     1.83       0          0          0          1
W10230           CIRCULAR     1.37       0          0          0          1
W10240           CIRCULAR     1.37       0          0          0          1
W10250           CIRCULAR     1.37       0          0          0          1
W10260           CIRCULAR     1.68       0          0          0          1
W10270           CIRCULAR     1.68       0          0          0          1
W10280           CIRCULAR     1.37       0          0          0          1
W10290           CIRCULAR     1.22       0          0          0          1
W10300           CIRCULAR     1.22       0          0          0          1
W10310           CIRCULAR     1.22       0          0          0          1
W10320           CIRCULAR     1.22       0          0          0          1
W10330           CIRCULAR     1.22       0          0          0          1
W10340           CIRCULAR     1.22       0          0          0          1
W10350           CIRCULAR     1.22       0          0          0          1
W10360           CIRCULAR     1.22       0          0          0          1
W10370           CIRCULAR     1.22       0          0          0          1
W10380           CIRCULAR     1.22       0          0          0          1
W10390           CIRCULAR     1.22       0          0          0          1
W10400           CIRCULAR     1.22       0          0          0          1
W10410           CIRCULAR     1.22       0          0          0          1
W10420           CIRCULAR     1.22       0          0          0          1
W10430           CIRCULAR     1.07       0          0          0          1
W11000           TRAPEZOIDAL  2.13       1.83       0          0          1
W11010           TRAPEZOIDAL  2.13       1.83       0          0          1
W11020           TRAPEZOIDAL  2.13       1.83       0          0          1
W11030           TRAPEZOIDAL  2.13       1.83       0          0          1
W11040           TRAPEZOIDAL  2.21       1.60       0          0          1
W11050           TRAPEZOIDAL  2.13       1.83       0          0          1
W11060           TRAPEZOIDAL  2.13       1.83       0          0          1
W11070           TRAPEZOIDAL  2.13       1.83       0          0          1
W11080           TRAPEZOIDAL  2.13       1.83       0          0          1
W11090           TRAPEZOIDAL  2.13       1.83       0          0          1
W11095           TRAPEZOIDAL  1.83       1.37       0          0          1
W11100           TRAPEZOIDAL  1.83       1.37       0          0          1
W11110           CIRCULAR     1.83       0          0          0          1
W11120           CIRCULAR     1.83       0          0          0          1
W11130           CIRCULAR     1.83       0          0          0          1
W11140           CIRCULAR     1.83       0          0          0          1
W11150           CIRCULAR     1.83       0          0          0          1
W11160           CIRCULAR     1.83       0          0          0          1
W11170           CIRCULAR     1.83       0          0          0          1
W11180           CIRCULAR     1.83       0          0          0          1
W11190           CIRCULAR     1.83       0          0          0          1
W11200           CIRCULAR     1.83       0          0          0          1
W11210           CIRCULAR     1.83       0          0          0          1
W11220           CIRCULAR     1.83       0          0          0          1
W11230           CIRCULAR     1.83       0          0          0          1
W11240           CIRCULAR     1.68       0          0          0          1
W11250           CIRCULAR     1.52       0          0          0          1
W11260           CIRCULAR     1.37       0          0          0          1
W11270           CIRCULAR     1.22       0          0          0          1
W11280           CIRCULAR     1.22       0          0          0          1
W11290           CIRCULAR     1.07       0          0          0          1
W11300           CIRCULAR     1.07       0          0          0          1
W11310           CIRCULAR     1.07       0          0          0          1
W11320           CIRCULAR     1.07       0          0          0          1
W11330           CIRCULAR     1.07       0          0          0          1
W11340           CIRCULAR     1.07       0          0          0          1
W11350           CIRCULAR     1.07       0          0          0          1
W11360           CIRCULAR     1.07       0          0          0          1
W11500           CIRCULAR     1.07       0          0          0          1
W11510           CIRCULAR     1.07       0          0          0          1
W11520           CIRCULAR     1.07       0          0          0          1
W11600           CIRCULAR     1.07       0          0          0          1
W11610           CIRCULAR     1.07       0          0          0          1
W11700           CIRCULAR     1.37       0          0          0          1
W11710           CIRCULAR     1.37       0          0          0          1
W11720           CIRCULAR     1.37       0          0          0          1
W11730           CIRCULAR     1.22       0          0          0          1
W11740           CIRCULAR     1.22       0          0          0          1
W11801           CIRCULAR     1.22       0          0          0          1
W11800           CIRCULAR     1.22       0          0          0          1
W11810           CIRCULAR     1.07       0          0          0          1
W11820           CIRCULAR     1.07       0          0          0          1
W12000           CIRCULAR     1.22       0          0          0          1
W12010           CIRCULAR     1.22       0          0          0          1
W12020           CIRCULAR     1.22       0          0          0          1
W12030           CIRCULAR     1.22       0          0          0          1
W12040           CIRCULAR     1.22       0          0          0          1
W12050           CIRCULAR     1.22       0          0          0          1
W12060           CIRCULAR     1.22       0          0          0          1
W12070           CIRCULAR     1.07       0          0          0          1
W13000           CIRCULAR     0.91       0          0          0          1
W13010           CIRCULAR     0.91       0          0          0          1
W13020           CIRCULAR     1.07       0          0          0          1
W13030           CIRCULAR     1.07       0          0          0          1
W13040           CIRCULAR     0.91       0          0          0          1
W13045           CIRCULAR     0.91       0          0          0          1
W13050           CIRCULAR     0.91       0          0          0          1
W14000           CIRCULAR     1.52       0          0          0          1
W14010           CIRCULAR     1.52       0          0          0          1
W14020           CIRCULAR     1.22       0          0          0          1
W14030           CIRCULAR     1.22       0          0          0          1
W14040           CIRCULAR     1.22       0          0          0          1
W14050           CIRCULAR     1.22       0          0          0          1
W14060           CIRCULAR     1.22       0          0          0          1
W14070           CIRCULAR     1.22       0          0          0          1
W14080           CIRCULAR     1.22       0          0          0          1
W14090           CIRCULAR     1.22       0          0          0          1
W14100           CIRCULAR     1.07       0          0          0          1
W14110           CIRCULAR     1.07       0          0          0          1
W14120           CIRCULAR     1.07       0          0          0          1
W14130           CIRCULAR     1.07       0          0          0          1
W14140           CIRCULAR     1.07       0          0          0          1
W15000           CIRCULAR     1.22       0          0          0          1
W15010           CIRCULAR     1.22       0          0          0          1
W15020           CIRCULAR     1.22       0          0          0          1
W15030           CIRCULAR     1.22       0          0          0          1
W15040           CIRCULAR     1.22       0          0          0          1
W15050           CIRCULAR     1.22       0          0          0          1
W15060           CIRCULAR     1.22       0          0          0          1
W15061           CIRCULAR     1.07       0          0          0          1
W15070           CIRCULAR     1.07       0          0          0          1
W15080           CIRCULAR     1.07       0          0          0          1
W15090           CIRCULAR     1.07       0          0          0          1
W15100           CIRCULAR     1.07       0          0          0          1
W15110           CIRCULAR     1.07       0          0          0          1
W15120           CIRCULAR     1.07       0          0          0          1
W15130           CIRCULAR     1.07       0          0          0          1

[LOSSES]
;;Link           Inlet      Outlet     Average    Flap Gate
;;-------------- ---------- ---------- ---------- ----------
W10010           0          0          0          NO
W10011           0          0          0          NO
W10020           0          0          0          NO
W10021           0          0          0          NO
W10030           0          0          0          NO
W10031           0          0          0          NO
W10040           0          0          0          NO
W10041           0          0          0          NO
W10050           0          0          0          NO
W10060           0          0          0          NO
W10070           0          0          0          NO
W10080           0          0          0          NO
W10085           0          0          0          NO
W10090           0          0          0          NO
W10095           0          0          0          NO
W10100           0          0          0          NO
W10110           0          0          0          NO
W10120           0          0          0          NO
W10130           0          0          0          NO
W10150           0          0          0          NO
W10160           0          0          0          NO
W10170           0          0          0          NO
W10180           0          0          0          NO
W10185           0          0          0          NO
W10190           0          0          0          NO
W10195           0          0          0          NO
W10200           0          0          0          NO
W10210           0          0          0          NO
W10220           0          0          0          NO
W10230           0          0          0          NO
W10240           0          0          0          NO
W10250           0          0          0          NO
W10260           0          0          0          NO
W10270           0          0          0          NO
W10280           0          0          0          NO
W10290           0          0          0          NO
W10300           0          0          0          NO
W10310           0          0          0          NO
W10320           0          0          0          NO
W10330           0          0          0          NO
W10340           0          0          0          NO
W10350           0          0          0          NO
W10360           0          0          0          NO
W10370           0          0          0          NO
W10380           0          0          0          NO
W10390           0          0          0          NO
W10400           0          0          0          NO
W10410           0          0          0          NO
W10420           0          0          0          NO
W10430           0          0          0          NO
W11000           0          0          0          NO
W11010           0          0          0          NO
W11020           0          0          0          NO
W11030           0          0          0          NO
W11040           0          0          0          NO
W11050           0          0          0          NO
W11060           0          0          0          NO
W11070           0          0          0          NO
W11080           0          0          0          NO
W11090           0          0          0          NO
W11095           0          0          0          NO
W11100           0          0          0          NO
W11110           0          0          0          NO
W11120           0          0          0          NO
W11130           0          0          0          NO
W11140           0          0          0          NO
W11150           0          0          0          NO
W11160           0          0          0          NO
W11170           0          0          0          NO
W11180           0          0          0          NO
W11190           0          0          0          NO
W11200           0          0          0          NO
W11210           0          0          0          NO
W11220           0          0          0          NO
W11230           0          0          0          NO
W11240           0          0          0          NO
W11250           0          0          0          NO
W11260           0          0          0          NO
W11270           0          0          0          NO
W11280           0          0          0          NO
W11290           0          0          0          NO
W11300           0          0          0          NO
W11310           0          0          0          NO
W11320           0          0          0          NO
W11330           0          0          0          NO
W11340           0          0          0          NO
W11350           0          0          0          NO
W11360           0          0          0          NO
W11500           0          0          0          NO
W11510           0          0          0          NO
W11520           0          0          0          NO
W11600           0          0          0          NO
W11610           0          0          0          NO
W11700           0          0          0          NO
W11710           0          0          0          NO
W11720           0          0          0          NO
W11730           0          0          0          NO
W11740           0          0          0          NO
W11801           0          0          0          NO
W11800           0          0          0          NO
W11810           0          0          0          NO
W11820           0          0          0          NO
W12000           0          0          0          NO
W12010           0          0          0          NO
W12020           0          0          0          NO
W12030           0          0          0          NO
W12040           0          0          0          NO
W12050           0          0          0          NO
W12060           0          0          0          NO
W12070           0          0          0          NO
W13000           0          0          0          NO
W13010           0          0          0          NO
W13020           0          0          0          NO
W13030           0          0          0          NO
W13040           0          0          0          NO
W13045           0          0          0          NO
W13050           0          0          0          NO
W14000           0          0          0          NO
W14010           0          0          0          NO
W14020           0          0          0          NO
W14030           0          0          0          NO
W14040           0          0          0          NO
W14050           0          0          0          NO
W14060           0          0          0          NO
W14070           0          0          0          NO
W14080           0          0          0          NO
W14090           0          0          0          NO
W14100           0          0          0          NO
W14110           0          0          0          NO
W14120           0          0          0          NO
W14130           0          0          0          NO
W14140           0          0          0          NO
W15000           0          0          0          NO
W15010           0          0          0          NO
W15020           0          0          0          NO
W15030           0          0          0          NO
W15040           0          0          0          NO
W15050           0          0          0          NO
W15060           0          0          0          NO
W15061           0          0          0          NO
W15070           0          0          0          NO
W15080           0          0          0          NO
W15090           0          0          0          NO
W15100           0          0          0          NO
W15110           0          0          0          NO
W15120           0          0          0          NO
W15130           0          0          0          NO

[COORDINATES]
;;Node           X-Coord            Y-Coord
;;-------------- ------------------ ------------------
10010            -5661155.36        -12374.31         
10000            -5660905.73        -12530.05         
10011            -5661217.00        -12366.00         
10001            -5661030.00        -12452.00         
10020            -5661277.87        -12358.13         
10021            -5661314.00        -12304.00         
10030            -5661349.98        -12250.52         
10031            -5661414.00        -12232.00         
10040            -5661478.57        -12213.54         
10050            -5661730.93        -12328.19         
10060            -5661999.91        -12187.77         
10070            -5662182.70        -12165.43         
10080            -5662365.58        -12252.48         
10085            -5662554.06        -12307.45         
10090            -5662537.11        -12310.83         
10095            -5662781.61        -12227.35         
10100            -5662843.09        -12203.28         
10110            -5662948.69        -12229.02         
10120            -5663087.73        -12152.06         
10130            -5663205.93        -12329.49         
10150            -5663334.66        -12328.99         
10160            -5663403.84        -12427.18         
10170            -5663446.26        -12493.08         
10180            -5663592.76        -12582.05         
10185            -5663705.46        -12642.12         
10190            -5663749.06        -12714.40         
10195            -5663885.30        -12597.35         
10200            -5664036.21        -12596.33         
10210            -5664137.89        -12544.67         
10220            -5664191.99        -12521.95         
10230            -5664285.60        -12502.30         
10240            -5664394.37        -12497.22         
10250            -5664565.54        -12496.99         
10260            -5664838.43        -12567.08         
10270            -5664908.28        -12580.81         
10280            -5665040.90        -12527.88         
10290            -5665198.43        -12440.88         
10300            -5665237.18        -12386.62         
10310            -5665265.31        -12323.48         
10320            -5665157.81        -12216.94         
10330            -5665215.00        -12140.00         
10340            -5665266.81        -12066.99         
10350            -5665338.21        -11995.97         
10360            -5665454.73        -11857.11         
10370            -5665508.67        -11792.83         
10380            -5665615.09        -11664.49         
10390            -5665859.07        -11660.76         
10400            -5665976.56        -11717.83         
10410            -5666058.93        -11892.85         
10420            -5666077.46        -12098.75         
10430            -5666337.11        -12046.73         
11000            -5661459.50        -11898.73         
11010            -5661561.14        -11882.82         
11020            -5661700.54        -11838.83         
11030            -5661688.44        -11593.61         
11040            -5661702.97        -11481.56         
11050            -5661714.72        -11397.45         
11060            -5662052.85        -11286.54         
11070            -5662254.74        -11250.49         
11080            -5662371.42        -11145.77         
11090            -5662459.02        -11103.40         
11095            -5662542.56        -11044.87         
11100            -5662748.03        -10899.01         
11110            -5662955.00        -10830.00         
11120            -5663123.60        -10753.79         
11130            -5663161.60        -10768.78         
11140            -5663298.37        -10976.94         
11150            -5663370.98        -10923.87         
11160            -5663535.12        -10909.42         
11170            -5663615.02        -10893.81         
11180            -5663721.78        -10821.30         
11190            -5663820.45        -10756.15         
11200            -5663900.99        -10780.56         
11210            -5664048.03        -10745.73         
11220            -5664203.70        -10866.78         
11230            -5664292.25        -10902.02         
11240            -5664471.10        -10854.74         
11250            -5664642.82        -10752.72         
11260            -5664797.73        -10659.90         
11270            -5664971.72        -10556.45         
11280            -5665043.35        -10651.07         
11290            -5665088.66        -10692.94         
11300            -5665132.33        -10731.47         
11310            -5665248.10        -10832.78         
11320            -5665366.25        -10934.40         
11330            -5665445.73        -10985.58         
11340            -5665561.68        -11036.75         
11350            -5665684.01        -11066.30         
11360            -5665773.22        -11075.76         
11500            -5662539.95        -11173.11         
11510            -5662724.91        -11436.16         
11520            -5662782.54        -11517.75         
11600            -5662337.68        -10830.22         
11610            -5662294.72        -10529.91         
11700            -5662541.58        -11025.21         
11710            -5662542.63        -10765.34         
11720            -5662547.00        -10519.18         
11730            -5662548.32        -10429.32         
11740            -5662548.50        -10335.77         
11801            -5663341.00        -10555.00         
11800            -5663319.17        -10594.57         
11810            -5663363.72        -10516.26         
11820            -5663552.48        -10359.60         
12000            -5661743.29        -12466.08         
12010            -5661853.13        -12598.46         
12020            -5661886.97        -12670.75         
12030            -5662258.25        -12726.98         
12040            -5662561.80        -12770.80         
12050            -5662562.20        -12872.07         
12060            -5662770.22        -12836.60         
12070            -5662817.75        -12826.34         
13000            -5663459.77        -12404.32         
13010            -5663600.80        -12329.52         
13020            -5663819.14        -12176.54         
13030            -5663872.32        -12163.36         
13040            -5663979.73        -12083.26         
13045            -5664326.33        -11779.22         
13050            -5664425.44        -11705.80         
14000            -5663804.04        -12929.35         
14010            -5663918.88        -13083.47         
14020            -5663917.50        -13161.54         
14030            -5663984.86        -13186.23         
14040            -5664113.08        -13186.38         
14050            -5664191.70        -13185.83         
14060            -5664340.79        -13186.18         
14070            -5664364.04        -13320.66         
14080            -5664507.75        -13441.11         
14090            -5664576.29        -13315.88         
14100            -5664662.65        -13289.63         
14110            -5664705.98        -13289.54         
14120            -5664787.72        -13288.47         
14130            -5664918.09        -13281.83         
14140            -5665037.03        -13201.57         
15000            -5665244.29        -12484.05         
15010            -5665371.55        -12482.17         
15020            -5665511.04        -12484.05         
15030            -5665525.73        -12552.34         
15040            -5665545.57        -12601.43         
15050            -5665674.81        -12571.76         
15060            -5665753.20        -12553.76         
15061            -5665789.00        -12547.00         
15070            -5665825.00        -12541.00         
15080            -5665884.76        -12526.19         
15090            -5666010.26        -12500.26         
15100            -5666133.71        -12650.13         
15110            -5666307.00        -12578.42         
15120            -5666451.05        -12466.77         
15130            -5666573.91        -12544.00         

[MAP]
DIMENSIONS -5666573.91 -13441.11 -5660905.73 -10335.77
Units      None

[REPORT]
INPUT            YES
SUBCATCHMENTS    ALL
NODES            ALL
LINKS            ALL



