;; SWMM5 .inp converted from XPSWMM .xp file
;; Generated by XPSWMM Card Reader
;; Source format: XP_CARD | Original title: CATCHMENT TRIBUTARY TO MONITOR 20.  USING OVERSIZED CHANNEL & ORIFICE

[TITLE]
;;Project Title/Notes
CATCHMENT TRIBUTARY TO MONITOR 20.  USING OVERSIZED CHANNEL & ORIFICE

[OPTIONS]
FLOW_UNITS           CMS
INFILTRATION         HORTON
FLOW_ROUTING         DYNWAVE
LINK_OFFSETS         DEPTH
MIN_SLOPE            0.0
ALLOW_PONDING        NO
SKIP_STEADY_STATE    NO
ROUTING_STEP         00:00:60
VARIABLE_STEP        0.75
INERTIAL_DAMPING     NONE
NORMAL_FLOW_LIMITED  BOTH
MAX_TRIALS           30

[JUNCTIONS]
;;Name           Elev       MaxDepth   InitDepth  SurDepth   Aponded
;;-------------- ---------- ---------- ---------- ---------- ----------
801              707.44     0          0          0          0
802              707.13     0          0          0          0
8200             705.91     0          0          0          0
82001            703.48     0          0          0          0
803              702.56     0          0          0          0
811              701.34     0          0          0          0
804              712.92     0          0          0          0
805              710.79     0          0          0          0
806              711.10     0          0          0          0
807              709.88     0          0          0          0
8071             708.66     0          0          0          0
8072             708.35     0          0          0          0
808              708.05     0          0          0          0
809              708.05     0          0          0          0
810              705.76     0          0          0          0
7101             704.39     0          0          0          0
7102             702.56     0          0          0          0
8201             704.54     0          0          0          0
82011            704.39     0          0          0          0
8202             703.93     0          0          0          0
82021            701.95     0          0          0          0
8203             699.36     0          0          0          0
812              710.79     0          0          0          0
813              709.27     0          0          0          0
815              705.91     0          0          0          0
814              705.61     0          0          0          0
816              704.70     0          0          0          0
817              702.56     0          0          0          0
818              702.26     0          0          0          0
819              700.43     0          0          0          0
820              699.51     0          0          0          0
8204             696.77     0          0          0          0
821              699.51     0          0          0          0
822              697.68     0          0          0          0
82041            695.25     0          0          0          0
80281            692.96     0          0          0          0
823              703.17     0          0          0          0
824              700.43     0          0          0          0
8241             697.99     0          0          0          0
825              695.86     0          0          0          0
826              695.25     0          0          0          0
827              694.03     0          0          0          0
828              693.72     0          0          0          0
8392             691.89     0          0          0          0
829              703.48     0          0          0          0
8291             701.65     0          0          0          0
830              699.82     0          0          0          0
833              694.03     0          0          0          0
831              694.64     0          0          0          0
832              693.11     0          0          0          0
834              691.28     0          0          0          0
839              692.20     0          0          0          0
835              693.11     0          0          0          0
836              692.20     0          0          0          0
837              692.20     0          0          0          0
8371             691.89     0          0          0          0
8372             691.89     0          0          0          0
838              691.89     0          0          0          0
8391             692.81     0          0          0          0
8205             691.59     0          0          0          0
8393             691.44     0          0          0          0
8207             690.98     0          0          0          0
8209             688.85     0          0          0          0
843              688.69     0          0          0          0
8210             709.27     0          0          0          0
82101            705.30     0          0          0          0
8212             704.39     0          0          0          0
8211             705.30     0          0          0          0
82121            702.56     0          0          0          0
8215             699.51     0          0          0          0
8213             702.41     0          0          0          0
82131            702.87     0          0          0          0
8214             700.12     0          0          0          0
8216             695.40     0          0          0          0
82171            694.64     0          0          0          0
8217             694.64     0          0          0          0
8411             691.89     0          0          0          0
840              696.16     0          0          0          0
8401             694.18     0          0          0          0
841              692.50     0          0          0          0
8218             690.98     0          0          0          0
8222             694.33     0          0          0          0
8219             694.79     0          0          0          0
82191            693.72     0          0          0          0
8220             692.81     0          0          0          0
8221             693.72     0          0          0          0
82211            693.11     0          0          0          0
82221            692.81     0          0          0          0
842              689.61     0          0          0          0
8421             690.06     0          0          0          0
8431             689.91     0          0          0          0
8491             689.76     0          0          0          0
844              694.18     0          0          0          0
846              692.35     0          0          0          0
845              692.50     0          0          0          0
8461             690.98     0          0          0          0
847              690.92     0          0          0          0
8471             690.43     0          0          0          0
848              690.22     0          0          0          0
849              691.59     0          0          0          0
8492             687.93     0          0          0          0
m4               691.50     0          0          0          0
m5               691.40     0          0          0          0
m7               692.20     0          0          0          0
m8               692.00     0          0          0          0
m9               690.70     0          0          0          0
m10              690.70     0          0          0          0
m11              691.80     0          0          0          0
m12              690.00     0          0          0          0
m13              686.70     0          0          0          0
m14              686.41     0          0          0          0
m1               690.89     0          0          0          0
m2               690.89     0          0          0          0
m3               691.30     0          0          0          0
m6               691.41     0          0          0          0
c10              686.00     0          0          0          0
c2               686.41     0          0          0          0
c3               687.10     0          0          0          0
c5               687.10     0          0          0          0
c8               687.00     0          0          0          0
c7               687.00     0          0          0          0
c9               686.00     0          0          0          0
HWP              691.10     0          0          0          0
H1               691.60     0          0          0          0
H2               694.50     0          0          0          0
H3               694.50     0          0          0          0
8130             0          0          0          0          0
0                0          0          0          0          0
864              0          0          0          0          0
DUMMY1           0          0          0          0          0
DUMMY2           0          0          0          0          0
DUMMY3           0          0          0          0          0
DUMMY4           0          0          0          0          0
DUMMY5           0          0          0          0          0
DUMMY6           0          0          0          0          0
DUMMY7           0          0          0          0          0
DUMMY8           0          0          0          0          0
DUMMY9           0          0          0          0          0
DUMMY10          0          0          0          0          0
DUMMY11          0          0          0          0          0
DUMMY12          0          0          0          0          0
DUMMY13          0          0          0          0          0
DUMMY14          0          0          0          0          0
DUMMY15          0          0          0          0          0
DUMMY16          0          0          0          0          0
DUMMY17          0          0          0          0          0
DUMMY18          0          0          0          0          0
DUMMY19          0          0          0          0          0
DUMMY20          0          0          0          0          0
DUMMY21          0          0          0          0          0
DUMMY22          0          0          0          0          0
DUMMY23          0          0          0          0          0
DUMMY24          0          0          0          0          0
DUMMY25          0          0          0          0          0
DUMMY26          0          0          0          0          0
DUMMY27          0          0          0          0          0
DUMMY28          0          0          0          0          0
DUMMY29          0          0          0          0          0
DUMMY30          0          0          0          0          0
DUMMY31          0          0          0          0          0
DUMMY32          0          0          0          0          0
DUMMY33          0          0          0          0          0
DUMMY34          0          0          0          0          0
DUMMY35          0          0          0          0          0
DUMMY36          0          0          0          0          0
DUMMY37          0          0          0          0          0
DUMMY38          0          0          0          0          0
DUMMY39          0          0          0          0          0
DUMMY40          0          0          0          0          0
DUMMY41          0          0          0          0          0
DUMMY42          0          0          0          0          0
DUMMY43          0          0          0          0          0
DUMMY44          0          0          0          0          0
DUMMY45          0          0          0          0          0
DUMMY46          0          0          0          0          0
DUMMY47          0          0          0          0          0
DUMMY48          0          0          0          0          0
DUMMY49          0          0          0          0          0
DUMMY50          0          0          0          0          0
DUMMY51          0          0          0          0          0
DUMMY52          0          0          0          0          0
DUMMY53          0          0          0          0          0
DUMMY54          0          0          0          0          0
DUMMY55          0          0          0          0          0
DUMMY56          0          0          0          0          0
DUMMY57          0          0          0          0          0
DUMMY58          0          0          0          0          0
DUMMY59          0          0          0          0          0
DUMMY60          0          0          0          0          0
DUMMY61          0          0          0          0          0
DUMMY62          0          0          0          0          0
DUMMY63          0          0          0          0          0
DUMMY64          0          0          0          0          0
DUMMY65          0          0          0          0          0
DUMMY66          0          0          0          0          0
DUMMY67          0          0          0          0          0
DUMMY68          0          0          0          0          0
DUMMY69          0          0          0          0          0
DUMMY70          0          0          0          0          0
DUMMY71          0          0          0          0          0
DUMMY72          0          0          0          0          0
DUMMY73          0          0          0          0          0
DUMMY74          0          0          0          0          0
DUMMY75          0          0          0          0          0
DUMMY76          0          0          0          0          0
DUMMY77          0          0          0          0          0
DUMMY78          0          0          0          0          0
DUMMY79          0          0          0          0          0
DUMMY80          0          0          0          0          0
DUMMY81          0          0          0          0          0
DUMMY82          0          0          0          0          0
DUMMY83          0          0          0          0          0
DUMMY84          0          0          0          0          0
DUMMY85          0          0          0          0          0
DUMMY86          0          0          0          0          0

[STORAGE]
;;Name           Elev       MaxDepth   InitDepth  Shape      Curve/Params
;;-------------- ---------- ---------- ---------- ---------- ----------
c1               689.91     0          0          FUNCTIONAL 64.00 0          0
c4               688.10     0          0          FUNCTIONAL 0 0          0
c6               688.10     0          0          FUNCTIONAL 0 0          0

[CONDUITS]
;;Name           From             To               Length     Roughness  InOffset   OutOffset  InitFlow   MaxFlow
;;-------------- ---------------- ---------------- ---------- ---------- ---------- ---------- ---------- ----------
801              801              802              201.17     0.0150     702.45     701.65     0          0
802              802              8200             170.99     0.0150     701.50     700.81     0          0
8200             8200             82001            220.98     0.0150     699.95     696.46     0          0
82001            82001            803              122.52     0.0130     696.31     695.64     0          0
803              803              811              335.28     0.0150     695.64     693.54     0          0
804              804              805              260.30     0.0150     705.41     703.90     0          0
805              805              806              92.66      0.0120     703.86     703.24     0          0
806              806              807              177.39     0.0150     703.21     701.98     0          0
807              807              8071             86.26      0.0120     701.86     701.36     0          0
8071             8071             8072             65.53      0.0100     701.36     701.15     0          0
8072             8072             808              58.72      0.0090     701.15     699.48     0          0
808              808              809              131.67     0.0140     699.45     698.93     0          0
809              809              810              352.65     0.0150     698.90     696.85     0          0
810              810              7101             170.69     0.0150     696.85     696.27     0          0
7101             7101             7102             202.08     0.0150     696.27     695.01     0          0
7102             7102             811              385.88     0.0150     695.01     693.34     0          0
8201             8201             82011            77.50      0.0100     698.78     698.47     0          0
82011            82011            8202             330.71     0.0150     698.33     696.91     0          0
8202             8202             82021            89.70      0.0120     696.91     696.37     0          0
82021            82021            811              252.68     0.0150     696.32     694.22     0          0
811              811              8203             397.46     0.0150     693.34     690.93     0          0
812              812              813              110.79     0.0130     702.13     702.01     0          0
813              813              815              275.23     0.0150     701.86     698.38     0          0
814              814              815              170.99     0.0150     701.25     700.43     0          0
815              815              816              140.97     0.0140     697.76     696.80     0          0
816              816              817              116.74     0.0130     696.65     695.52     0          0
817              817              818              221.89     0.0150     695.52     693.89     0          0
818              818              819              269.75     0.0150     693.59     692.70     0          0
819              819              820              285.90     0.0150     692.46     691.40     0          0
820              820              8203             166.42     0.0150     691.40     690.85     0          0
8203             8203             8204             344.73     0.0150     690.49     688.18     0          0
821              821              822              451.41     0.0150     693.19     691.20     0          0
822              822              8204             110.33     0.0130     690.91     690.47     0          0
8204             8204             82041            304.80     0.0150     688.18     686.43     0          0
82041            82041            80281            236.22     0.0150     686.43     684.66     0          0
823              823              824              153.31     0.0150     696.98     695.00     0          0
824              824              8241             204.22     0.0150     693.98     690.37     0          0
8241             8241             825              288.34     0.0150     690.37     687.97     0          0
825              825              826              105.76     0.0120     687.91     687.18     0          0
826              826              827              141.12     0.0140     687.18     686.26     0          0
827              827              828              300.53     0.0150     686.26     684.43     0          0
828              828              80281            115.82     0.0130     684.43     684.19     0          0
80281            80281            8392             199.34     0.0150     683.90     682.90     0          0
829              829              8291             262.74     0.0150     697.64     695.89     0          0
8291             8291             830              262.74     0.0150     695.89     694.13     0          0
830              830              833              451.10     0.0150     693.39     688.82     0          0
831              831              832              249.63     0.0150     688.95     687.87     0          0
832              832              833              239.88     0.0150     687.62     687.02     0          0
833              833              834              353.26     0.0150     687.02     685.47     0          0
834              834              m6               58.83      0.0150     685.47     685.21     0          0
835              835              836              239.88     0.0150     689.01     688.21     0          0
836              836              837              341.38     0.0150     687.67     686.98     0          0
837              837              8371             69.49      0.0100     686.78     686.58     0          0
8371             8371             8372             71.93      0.0100     686.65     686.61     0          0
8372             8372             m1               238.81     0.0150     686.61     685.75     0          0
838              838              839              355.40     0.0150     685.43     684.65     0          0
839              839              8391             178.61     0.0150     683.70     683.23     0          0
8391             8391             8392             114.91     0.0130     683.23     683.02     0          0
8205             8205             8392             457.20     0.0150     684.16     683.24     0          0
8392             8392             8393             253.00     0.0150     681.85     681.22     0          0
8207             8207             8393             263.35     0.0150     684.09     683.37     0          0
8393             8393             c1               365.00     0.0150     681.22     680.50     0          0
c10              ?                Node_1201326     387.00     0.0150     680.50     679.33     0          0
8209             8209             843              149.96     0.0150     679.33     679.09     0          0
8210             8210             82101            308.15     0.0150     695.09     693.99     0          0
82101            82101            8212             214.88     0.0150     693.99     693.35     0          0
8211             8211             8212             370.03     0.0150     694.00     692.84     0          0
8212             8212             82121            343.81     0.0150     692.70     691.28     0          0
82121            82121            8215             248.11     0.0150     691.28     690.30     0          0
8213             8213             82131            201.17     0.0150     696.13     695.20     0          0
82131            82131            8214             338.63     0.0150     695.20     693.17     0          0
8214             8214             8215             160.02     0.0150     692.81     691.08     0          0
8215             8215             8216             258.47     0.0150     690.14     689.12     0          0
8216             8216             82171            119.18     0.0130     689.12     688.63     0          0
8217             8217             82171            179.83     0.0150     689.80     689.43     0          0
82171            82171            8411             220.37     0.0150     688.63     687.78     0          0
840              840              8401             258.17     0.0150     689.52     688.33     0          0
8401             8401             841              175.26     0.0150     688.33     687.78     0          0
841              841              8411             130.61     0.0140     687.78     687.28     0          0
8411             8411             8218             238.05     0.0150     686.97     686.26     0          0
8218             8218             8222             441.66     0.0150     686.26     684.94     0          0
8219             8219             82191            170.38     0.0150     690.03     689.52     0          0
82191            82191            8220             163.37     0.0150     689.36     688.87     0          0
8220             8220             8221             382.83     0.0150     688.72     687.53     0          0
8221             8221             82211            334.37     0.0150     687.45     686.55     0          0
82211            82211            8222             381.91     0.0150     686.55     685.79     0          0
8222             8222             82221            119.02     0.0130     684.22     683.80     0          0
82221            82221            842              352.96     0.0150     683.80     682.53     0          0
842              842              8421             68.88      0.0100     682.52     681.29     0          0
8421             8421             843              203.91     0.0150     681.29     680.64     0          0
843              843              8431             194.00     0.0150     679.09     678.66     0          0
8431             8431             8491             255.00     0.0150     678.66     678.02     0          0
844              844              846              103.27     0.0120     687.63     687.11     0          0
845              845              846              130.45     0.0140     688.27     687.67     0          0
846              846              8461             135.94     0.0140     687.11     686.72     0          0
8461             8461             847              320.95     0.0150     686.72     685.74     0          0
847              847              8471             144.99     0.0140     685.74     685.34     0          0
8471             8471             848              132.58     0.0140     685.24     684.85     0          0
848              848              849              330.40     0.0150     684.85     683.50     0          0
849              849              8491             476.10     0.0289     683.50     678.02     0          0
8491             8491             8492             204.00     0.0150     678.02     677.18     0          0
834a             834              m4               10.66      0.0140     687.90     687.85     0          0
m4               ?                Node_11641166    29.26      0.0140     687.54     687.47     0          0
m5               ?                Node_11661168    129.24     0.0140     687.16     687.00     0          0
m7               ?                Node_11681171    77.00      0.0140     687.00     686.88     0          0
m8               ?                Node_11711173    226.77     0.0140     686.73     685.82     0          0
m9               ?                Node_11731175    48.76      0.0140     685.82     684.85     0          0
m10              ?                Node_11751177    209.70     0.0140     684.85     684.29     0          0
m11              ?                Node_11771180    96.59      0.0140     684.29     684.07     0          0
m12              ?                Node_11801182    49.00      0.0140     684.07     682.09     0          0
m13              ?                Node_11821184    104.00     0.0140     682.09     681.31     0          0
m14              ?                Node_1184324     24.87      0.0140     681.31     680.50     0          0
m1               ?                Node_11871188    3.00       0.0140     688.71     688.70     0          0
m2               ?                Node_11881190    52.57      0.0140     688.45     688.35     0          0
m3               ?                Node_11901171    128.02     0.0140     688.18     687.35     0          0
m6a              ?                Node_1194301     252.98     0.0140     685.21     683.70     0          0
m6               ?                Node_11941166    10.00      0.0140     685.21     687.77     0          0
838a             838              m7               4.00       0.0140     689.29     689.28     0          0
m1a              ?                Node_1187312     154.99     0.0140     685.75     685.43     0          0
c3b              ?                Node_12041209    27.00      0.0140     682.25     682.25     0          0
c5b              ?                Node_12061211    22.00      0.0140     682.50     682.50     0          0
c5a              ?                Node_12061213    12.30      0.0140     681.99     681.99     0          0
c3a              ?                Node_12041215    12.00      0.0140     681.36     681.36     0          0
bypass           ?                Node_12221201    6.03       0.0140     680.50     680.50     0          0
H1A              ?                Node_12671268    75.50      0.0140     688.48     688.17     0          0
H1               ?                Node_12681270    302.70     0.0140     688.17     687.52     0          0
H2               ?                Node_12701272    11.00      0.0140     687.52     687.42     0          0
H3               ?                Node_1272268     4.50       0.0140     687.42     687.41     0          0
1283             ?                ?                22.00      0.0140     682.50     682.50     0          0
1284             ?                ?                27.00      0.0140     682.25     682.25     0          0
7291             Node_7291        Node_1291288     109.00     0.0150     0          0          0          0
71301            Node_71301       Node_12941285    67.00      0.0150     0          0          0          0
7281             Node_7281        Node_1286283     91.00      0.0150     0          0          0          0
73931            Node_73931       Node_13011286    121.00     0.0150     0          0          0          0
72212            Node_72212       Node_1303372     107.00     0.0150     0          0          0          0
72201            Node_72201       Node_1286368     145.00     0.0150     0          0          0          0
6471             Node_6471        Node_1310393     150.00     0.0150     0          0          0          0
7441             Node_7441        Node_1313386     109.00     0.0150     0          0          0          0
7481             Node_7481        Node_1286397     60.00      0.0150     0          0          0          0
7011             Node_7011        Node_1322201     124.00     0.0150     0          0          0          0
5021             Node_5021        Node_1325202     149.00     0.0150     0          0          0          0
6061             Node_6061        Node_1332215     344.00     0.0150     0          0          0          0
7061             Node_7061        Node_1335215     81.00      0.0150     0          0          0          0
7051             Node_7051        Node_1341213     106.00     0.0150     0          0          0          0
70711            Node_70711       Node_1344219     152.00     0.0150     0          0          0          0
7081             Node_7081        Node_1351223     175.00     0.0150     0          0          0          0
7091             Node_7091        Node_1354225     95.00      0.0150     0          0          0          0
6151             Node_6151        Node_1361247     167.00     0.0150     0          0          0          0
7181             Node_7181        Node_1364255     114.00     0.0150     0          0          0          0
7201             Node_7201        Node_1371259     109.00     0.0150     0          0          0          0
7211             Node_7211        Node_1374264     113.00     0.0150     0          0          0          0
6211             Node_6211        Node_1381264     92.00      0.0150     0          0          0          0
7151             Node_7151        Node_1384247     92.00      0.0150     0          0          0          0
7491             Node_7491        Node_1391399     167.00     0.0150     0          0          0          0
7341             Node_7341        Node_1394299     104.00     0.0150     0          0          0          0
72171            Node_72171       Node_1401351     137.00     0.0150     0          0          0          0
7131             Node_7131        Node_1404245     82.00      0.0150     0          0          0          0
7351             Node_7351        Node_1410303     80.00      0.0150     0          0          0          0
7361             Node_7361        Node_1413304     72.00      0.0150     0          0          0          0
52011            Node_52011       Node_1420234     114.00     0.0150     0          0          0          0
7431             Node_7431        Node_1423328     168.00     0.0150     0          0          0          0
72411            Node_72411       Node_1430275     92.00      0.0150     0          0          0          0
6291             Node_6291        Node_1433288     92.00      0.0150     0          0          0          0
72111            Node_72111       Node_1437335     44.00      0.0150     0          0          0          0
62161            Node_62161       Node_1444347     80.00      0.0150     0          0          0          0
72161            Node_72161       Node_1447347     60.00      0.0150     0          0          0          0
62121            Node_62121       Node_1454333     76.00      0.0150     0          0          0          0
62131            Node_62131       Node_1457341     114.00     0.0150     0          0          0          0
62021            Node_62021       Node_1464237     101.00     0.0150     0          0          0          0
72131            Node_72131       Node_1467341     220.00     0.0150     0          0          0          0
72031            Node_72031       Node_1474242     50.00      0.0150     0          0          0          0
72011            Node_72011       Node_1477234     112.00     0.0150     0          0          0          0
7031             Node_7031        Node_1484208     75.00      0.0150     0          0          0          0
6021             Node_6021        Node_1487202     89.00      0.0150     0          0          0          0
62011            Node_62011       Node_1494234     134.00     0.0150     0          0          0          0

[ORIFICES]
;;Name           From             To               Type       Offset     Qcoeff     Gated    CloseTime
;;-------------- ---------------- ---------------- ---------- ---------- ---------- -------- ----------
Link_1           ?                ?                SIDE       0          0.650      NO       0
c8               ?                Node_12131201    SIDE       0          0.650      NO       0
c7               ?                Node_12151201    SIDE       0          0.650      NO       0
c1b              c1               c9               SIDE       0          0.650      NO       0
7121             6121             Node_1286244     SIDE       0          0.650      NO       0
7120             Node_7120        Node_1289244     SIDE       0          0.650      NO       0
7290             Node_7290        Node_1286288     SIDE       0          0.650      NO       0
71300            Node_71300       Node_12961285    SIDE       0          0.650      NO       0
7280             Node_7280        Node_1299283     SIDE       0          0.650      NO       0
72211            Node_72211       Node_1305372     SIDE       0          0.650      NO       0
72200            Node_72200       Node_1308368     SIDE       0          0.650      NO       0
6470             Node_6470        Node_1286393     SIDE       0          0.650      NO       0
7440             Node_7440        Node_1315386     SIDE       0          0.650      NO       0
7480             Node_7480        Node_1318397     SIDE       0          0.650      NO       0
7100             Node_7100        Node_1320227     SIDE       0          0.650      NO       0
5020             Node_5020        Node_1327202     SIDE       0          0.650      NO       0
6090             Node_6090        Node_1330225     SIDE       0          0.650      NO       0
7060             Node_7060        Node_1337215     SIDE       0          0.650      NO       0
70710            Node_70710       Node_1346219     SIDE       0          0.650      NO       0
7320             Node_7320        Node_1349296     SIDE       0          0.650      NO       0
7090             Node_7090        Node_1356225     SIDE       0          0.650      NO       0
7160             Node_7160        Node_1359251     SIDE       0          0.650      NO       0
7180             Node_7180        Node_1366255     SIDE       0          0.650      NO       0
7190             Node_7190        Node_1369257     SIDE       0          0.650      NO       0
7210             Node_7210        Node_1376264     SIDE       0          0.650      NO       0
7220             Node_7220        Node_1379265     SIDE       0          0.650      NO       0
7150             Node_7150        Node_1386247     SIDE       0          0.650      NO       0
7110             Node_7110        Node_1389210     SIDE       0          0.650      NO       0
7340             Node_7340        Node_1396299     SIDE       0          0.650      NO       0
7380             Node_7380        Node_1399312     SIDE       0          0.650      NO       0
7130             Node_7130        Node_1406245     SIDE       0          0.650      NO       0
6120             Node_6120        Node_1408244     SIDE       0          0.650      NO       0
7360             Node_7360        Node_1415304     SIDE       0          0.650      NO       0
72100            Node_72100       Node_1418330     SIDE       0          0.650      NO       0
7430             Node_7430        Node_1425328     SIDE       0          0.650      NO       0
7420             Node_7420        Node_1428377     SIDE       0          0.650      NO       0
6290             Node_6290        Node_1435288     SIDE       0          0.650      NO       0
72110            Node_72110       Node_1439335     SIDE       0          0.650      NO       0
7410             Node_7410        Node_1442358     SIDE       0          0.650      NO       0
72160            Node_72160       Node_1449347     SIDE       0          0.650      NO       0
72150            Node_72150       Node_1452339     SIDE       0          0.650      NO       0
62130            Node_62130       Node_1459341     SIDE       0          0.650      NO       0
72120            Node_72120       Node_1462333     SIDE       0          0.650      NO       0
72130            Node_72130       Node_1469341     SIDE       0          0.650      NO       0
72040            Node_72040       Node_1472262     SIDE       0          0.650      NO       0
72010            Node_72010       Node_1479234     SIDE       0          0.650      NO       0
6030             Node_6030        Node_1482208     SIDE       0          0.650      NO       0
6020             Node_6020        Node_1489202     SIDE       0          0.650      NO       0
7020             Node_7020        Node_1492202     SIDE       0          0.650      NO       0
62010            Node_62010       Node_1496234     SIDE       0          0.650      NO       0
6640             Node_6640        Node_14991287    SIDE       0          0.650      NO       0

[WEIRS]
;;Name           From             To               Type       CrestHt    Qcoeff     Gated    EndCon   EndCoeff   Surcharge
;;-------------- ---------------- ---------------- ---------- ---------- ---------- -------- -------- ---------- ----------
c1a              c1               c2               TRANSVERSE 686.20     1.840      NO       0        0          YES
c2a              ?                Node_12021204    TRANSVERSE 683.99     1.840      NO       0        0          YES
c2b              ?                Node_12021206    TRANSVERSE 685.40     1.840      NO       0        0          YES

[XSECTIONS]
;;Link           Shape        Geom1      Geom2      Geom3      Geom4      Barrels
;;-------------- ------------ ---------- ---------- ---------- ---------- ----------
801              CIRCULAR     0.90       0          0          0          1
802              CIRCULAR     1.05       0          0          0          1
8200             CIRCULAR     1.50       0          0          0          1
82001            CIRCULAR     1.65       0          0          0          1
803              CIRCULAR     1.65       0          0          0          1
804              CIRCULAR     1.05       0          0          0          1
805              CIRCULAR     1.05       0          0          0          1
806              CIRCULAR     1.20       0          0          0          1
807              CIRCULAR     1.35       0          0          0          1
8071             CIRCULAR     1.50       0          0          0          1
8072             CIRCULAR     1.50       0          0          0          1
808              CIRCULAR     1.65       0          0          0          1
809              CIRCULAR     1.65       0          0          0          1
810              CIRCULAR     1.65       0          0          0          1
7101             CIRCULAR     1.65       0          0          0          1
7102             CIRCULAR     1.65       0          0          0          1
8201             CIRCULAR     1.05       0          0          0          1
82011            CIRCULAR     1.20       0          0          0          1
8202             CIRCULAR     1.20       0          0          0          1
82021            CIRCULAR     1.20       0          0          0          1
811              CIRCULAR     1.95       0          0          0          1
812              CIRCULAR     1.05       0          0          0          1
813              CIRCULAR     1.05       0          0          0          1
814              CIRCULAR     0.90       0          0          0          1
815              CIRCULAR     1.20       0          0          0          1
816              CIRCULAR     1.35       0          0          0          1
817              CIRCULAR     1.35       0          0          0          1
818              CIRCULAR     1.65       0          0          0          1
819              CIRCULAR     1.65       0          0          0          1
820              CIRCULAR     1.65       0          0          0          1
8203             CIRCULAR     1.95       0          0          0          1
821              CIRCULAR     0.90       0          0          0          1
822              CIRCULAR     1.05       0          0          0          1
8204             CIRCULAR     1.95       0          0          0          1
82041            CIRCULAR     1.95       0          0          0          1
823              CIRCULAR     0.90       0          0          0          1
824              CIRCULAR     0.90       0          0          0          1
8241             CIRCULAR     1.05       0          0          0          1
825              CIRCULAR     1.20       0          0          0          1
826              CIRCULAR     1.20       0          0          0          1
827              CIRCULAR     1.35       0          0          0          1
828              CIRCULAR     1.50       0          0          0          1
80281            CIRCULAR     1.95       0          0          0          1
829              CIRCULAR     0.90       0          0          0          1
8291             CIRCULAR     0.90       0          0          0          1
830              CIRCULAR     0.90       0          0          0          1
831              CIRCULAR     1.05       0          0          0          1
832              CIRCULAR     1.35       0          0          0          1
833              CIRCULAR     1.35       0          0          0          1
834              CIRCULAR     1.35       0          0          0          1
835              CIRCULAR     1.05       0          0          0          1
836              CIRCULAR     1.05       0          0          0          1
837              CIRCULAR     1.20       0          0          0          1
8371             CIRCULAR     1.20       0          0          0          1
8372             CIRCULAR     1.20       0          0          0          1
838              CIRCULAR     1.20       0          0          0          1
839              CIRCULAR     1.80       0          0          0          1
8391             CIRCULAR     1.80       0          0          0          1
8205             CIRCULAR     1.65       0          0          0          1
8392             HORSESHOE    3.17       1.95       0          0          1
8207             CIRCULAR     1.05       0          0          0          1
8393             HORSESHOE    3.17       1.95       0          0          1
c10              HORSESHOE    3.17       1.95       0          0          1
8209             HORSESHOE    3.17       1.95       0          0          1
8210             CIRCULAR     1.20       0          0          0          1
82101            CIRCULAR     1.20       0          0          0          1
8211             CIRCULAR     1.20       0          0          0          1
8212             CIRCULAR     1.65       0          0          0          1
82121            CIRCULAR     1.65       0          0          0          1
8213             CIRCULAR     0.90       0          0          0          1
82131            CIRCULAR     0.90       0          0          0          1
8214             CIRCULAR     0.90       0          0          0          1
8215             CIRCULAR     1.65       0          0          0          1
8216             CIRCULAR     1.65       0          0          0          1
8217             CIRCULAR     1.05       0          0          0          1
82171            CIRCULAR     1.65       0          0          0          1
840              CIRCULAR     1.20       0          0          0          1
8401             CIRCULAR     1.35       0          0          0          1
841              CIRCULAR     1.35       0          0          0          1
8411             CIRCULAR     1.65       0          0          0          1
8218             CIRCULAR     1.65       0          0          0          1
8219             CIRCULAR     1.05       0          0          0          1
82191            CIRCULAR     1.20       0          0          0          1
8220             CIRCULAR     1.35       0          0          0          1
8221             CIRCULAR     1.50       0          0          0          1
82211            CIRCULAR     1.50       0          0          0          1
8222             CIRCULAR     1.50       0          0          0          1
82221            CIRCULAR     1.50       0          0          0          1
842              CIRCULAR     1.50       0          0          0          1
8421             CIRCULAR     1.50       0          0          0          1
843              HORSESHOE    3.17       1.95       0          0          1
8431             HORSESHOE    3.17       1.95       0          0          1
844              CIRCULAR     1.05       0          0          0          1
845              CIRCULAR     1.05       0          0          0          1
846              CIRCULAR     1.20       0          0          0          1
8461             CIRCULAR     1.20       0          0          0          1
847              CIRCULAR     1.35       0          0          0          1
8471             CIRCULAR     1.20       0          0          0          1
848              CIRCULAR     1.20       0          0          0          1
849              CIRCULAR     1.35       0          0          0          1
8491             HORSESHOE    3.17       1.95       0          0          1
834a             CIRCULAR     0.90       0          0          0          1
m4               CIRCULAR     1.20       0          0          0          1
m5               CIRCULAR     1.50       0          0          0          1
m7               CIRCULAR     1.50       0          0          0          1
m8               CIRCULAR     1.65       0          0          0          1
m9               CIRCULAR     1.65       0          0          0          1
m10              CIRCULAR     1.65       0          0          0          1
m11              CIRCULAR     1.65       0          0          0          1
m12              CIRCULAR     1.65       0          0          0          1
m13              CIRCULAR     1.65       0          0          0          1
m14              CIRCULAR     1.65       0          0          0          1
m1               CIRCULAR     0.68       0          0          0          1
m2               CIRCULAR     0.90       0          0          0          1
m3               CIRCULAR     1.05       0          0          0          1
m6a              CIRCULAR     1.35       0          0          0          1
m6               CIRCULAR     0.90       0          0          0          1
838a             CIRCULAR     0.60       0          0          0          1
m1a              CIRCULAR     1.20       0          0          0          1
c3b              RECT_CLOSED  2.00       5.00       0          0          1
c5b              RECT_CLOSED  2.00       1.80       0          0          1
c5a              RECT_CLOSED  4.83       1.80       0          0          1
c3a              RECT_CLOSED  5.13       1.80       0          0          1
bypass           RECT_CLOSED  0.90       1.00       0          0          1
H1A              CIRCULAR     0.90       0          0          0          1
H1               CIRCULAR     0.90       0          0          0          1
H2               CIRCULAR     0.60       0          0          0          1
H3               CIRCULAR     0.75       0          0          0          1
1283             RECT_CLOSED  2.00       1.80       0          0          1
1284             RECT_CLOSED  2.00       5.00       0          0          1
7291             TRAPEZOIDAL  0.50       9.00       0          0          1
71301            TRAPEZOIDAL  0.50       9.00       0          0          1
7281             TRAPEZOIDAL  0.50       9.00       0          0          1
73931            TRAPEZOIDAL  0.50       900.00     0          0          1
72212            TRAPEZOIDAL  0.50       14.50      0          0          1
72201            TRAPEZOIDAL  0.50       18.00      0          0          1
6471             TRAPEZOIDAL  0.50       400.00     0          0          1
7441             TRAPEZOIDAL  0.50       9.00       0          0          1
7481             TRAPEZOIDAL  0.50       20.00      0          0          1
7011             TRAPEZOIDAL  0.50       9.00       0          0          1
5021             TRAPEZOIDAL  0.50       9.00       0          0          1
6061             TRAPEZOIDAL  0.50       9.00       0          0          1
7061             TRAPEZOIDAL  0.50       9.00       0          0          1
7051             TRAPEZOIDAL  0.50       9.00       0          0          1
70711            TRAPEZOIDAL  0.50       11.50      0          0          1
7081             TRAPEZOIDAL  0.50       11.50      0          0          1
7091             TRAPEZOIDAL  0.50       9.00       0          0          1
6151             TRAPEZOIDAL  0.50       14.50      0          0          1
7181             TRAPEZOIDAL  0.50       9.00       0          0          1
7201             TRAPEZOIDAL  0.50       9.00       0          0          1
7211             TRAPEZOIDAL  0.50       14.50      0          0          1
6211             TRAPEZOIDAL  0.50       9.00       0          0          1
7151             TRAPEZOIDAL  0.50       9.00       0          0          1
7491             TRAPEZOIDAL  0.50       11.50      0          0          1
7341             TRAPEZOIDAL  0.50       11.50      0          0          1
72171            TRAPEZOIDAL  0.50       9.00       0          0          1
7131             TRAPEZOIDAL  0.50       9.00       0          0          1
7351             TRAPEZOIDAL  0.50       9.00       0          0          1
7361             TRAPEZOIDAL  0.50       9.00       0          0          1
52011            TRAPEZOIDAL  0.50       9.00       0          0          1
7431             TRAPEZOIDAL  0.50       9.00       0          0          1
72411            TRAPEZOIDAL  0.50       9.00       0          0          1
6291             TRAPEZOIDAL  0.50       9.00       0          0          1
72111            TRAPEZOIDAL  0.50       9.00       0          0          1
62161            TRAPEZOIDAL  0.50       9.00       0          0          1
72161            TRAPEZOIDAL  0.50       11.50      0          0          1
62121            TRAPEZOIDAL  0.50       9.00       0          0          1
62131            TRAPEZOIDAL  0.50       9.00       0          0          1
62021            TRAPEZOIDAL  0.50       9.00       0          0          1
72131            TRAPEZOIDAL  0.50       9.00       0          0          1
72031            TRAPEZOIDAL  0.50       9.00       0          0          1
72011            TRAPEZOIDAL  0.50       9.00       0          0          1
7031             TRAPEZOIDAL  0.50       9.00       0          0          1
6021             TRAPEZOIDAL  0.50       9.00       0          0          1
62011            TRAPEZOIDAL  0.50       9.00       0          0          1
Link_1           RECT_CLOSED  0.50       0          0          0          
c8               RECT_CLOSED  0.30       0          0          0          
c7               RECT_CLOSED  0.30       0          0          0          
c1b              RECT_CLOSED  0.50       0          0          0          
7121             RECT_CLOSED  0.50       0          0          0          
7120             RECT_CLOSED  0.50       0          0          0          
7290             RECT_CLOSED  0.50       0          0          0          
71300            RECT_CLOSED  0.50       0          0          0          
7280             RECT_CLOSED  0.50       0          0          0          
72211            RECT_CLOSED  0.50       0          0          0          
72200            RECT_CLOSED  0.50       0          0          0          
6470             RECT_CLOSED  0.50       0          0          0          
7440             RECT_CLOSED  0.50       0          0          0          
7480             RECT_CLOSED  0.50       0          0          0          
7100             RECT_CLOSED  0.50       0          0          0          
5020             RECT_CLOSED  0.50       0          0          0          
6090             RECT_CLOSED  0.50       0          0          0          
7060             RECT_CLOSED  0.50       0          0          0          
70710            RECT_CLOSED  0.50       0          0          0          
7320             RECT_CLOSED  0.50       0          0          0          
7090             RECT_CLOSED  0.50       0          0          0          
7160             RECT_CLOSED  0.50       0          0          0          
7180             RECT_CLOSED  0.50       0          0          0          
7190             RECT_CLOSED  0.50       0          0          0          
7210             RECT_CLOSED  0.50       0          0          0          
7220             RECT_CLOSED  0.50       0          0          0          
7150             RECT_CLOSED  0.50       0          0          0          
7110             RECT_CLOSED  0.50       0          0          0          
7340             RECT_CLOSED  0.50       0          0          0          
7380             RECT_CLOSED  0.50       0          0          0          
7130             RECT_CLOSED  0.50       0          0          0          
6120             RECT_CLOSED  0.50       0          0          0          
7360             RECT_CLOSED  0.50       0          0          0          
72100            RECT_CLOSED  0.50       0          0          0          
7430             RECT_CLOSED  0.50       0          0          0          
7420             RECT_CLOSED  0.50       0          0          0          
6290             RECT_CLOSED  0.50       0          0          0          
72110            RECT_CLOSED  0.50       0          0          0          
7410             RECT_CLOSED  0.50       0          0          0          
72160            RECT_CLOSED  0.50       0          0          0          
72150            RECT_CLOSED  0.50       0          0          0          
62130            RECT_CLOSED  0.50       0          0          0          
72120            RECT_CLOSED  0.50       0          0          0          
72130            RECT_CLOSED  0.50       0          0          0          
72040            RECT_CLOSED  0.50       0          0          0          
72010            RECT_CLOSED  0.50       0          0          0          
6030             RECT_CLOSED  0.50       0          0          0          
6020             RECT_CLOSED  0.50       0          0          0          
7020             RECT_CLOSED  0.50       0          0          0          
62010            RECT_CLOSED  0.50       0          0          0          
6640             RECT_CLOSED  0.50       0          0          0          
c1a              RECT_OPEN    0          16.00      0          0          
c2a              RECT_OPEN    0          16.50      0          0          
c2b              RECT_OPEN    0          7.20       0          0          

[LOSSES]
;;Link           Inlet      Outlet     Average    Flap Gate
;;-------------- ---------- ---------- ---------- ----------
801              0          0          0          NO
802              0          0          0          NO
8200             0          0          0          NO
82001            0          0          0          NO
803              0          0          0          NO
804              0          0          0          NO
805              0          0          0          NO
806              0          0          0          NO
807              0          0          0          NO
8071             0          0          0          NO
8072             0          0          0          NO
808              0          0          0          NO
809              0          0          0          NO
810              0          0          0          NO
7101             0          0          0          NO
7102             0          0          0          NO
8201             0          0          0          NO
82011            0          0          0          NO
8202             0          0          0          NO
82021            0          0          0          NO
811              0          0          0          NO
812              0          0          0          NO
813              0          0          0          NO
814              0          0          0          NO
815              0          0          0          NO
816              0          0          0          NO
817              0          0          0          NO
818              0          0          0          NO
819              0          0          0          NO
820              0          0          0          NO
8203             0          0          0          NO
821              0          0          0          NO
822              0          0          0          NO
8204             0          0          0          NO
82041            0          0          0          NO
823              0          0          0          NO
824              0          0          0          NO
8241             0          0          0          NO
825              0          0          0          NO
826              0          0          0          NO
827              0          0          0          NO
828              0          0          0          NO
80281            0          0          0          NO
829              0          0          0          NO
8291             0          0          0          NO
830              0          0          0          NO
831              0          0          0          NO
832              0          0          0          NO
833              0          0          0          NO
834              0          0          0          NO
835              0          0          0          NO
836              0          0          0          NO
837              0          0          0          NO
8371             0          0          0          NO
8372             0          0          0          NO
838              0          0          0          NO
839              0          0          0          NO
8391             0          0          0          NO
8205             0          0          0          NO
8392             0          0          0          NO
8207             0          0          0          NO
8393             0          0          0          NO
c10              0          0          0          NO
8209             0          0          0          NO
8210             0          0          0          NO
82101            0          0          0          NO
8211             0          0          0          NO
8212             0          0          0          NO
82121            0          0          0          NO
8213             0          0          0          NO
82131            0          0          0          NO
8214             0          0          0          NO
8215             0          0          0          NO
8216             0          0          0          NO
8217             0          0          0          NO
82171            0          0          0          NO
840              0          0          0          NO
8401             0          0          0          NO
841              0          0          0          NO
8411             0          0          0          NO
8218             0          0          0          NO
8219             0          0          0          NO
82191            0          0          0          NO
8220             0          0          0          NO
8221             0          0          0          NO
82211            0          0          0          NO
8222             0          0          0          NO
82221            0          0          0          NO
842              0          0          0          NO
8421             0          0          0          NO
843              0          0          0          NO
8431             0          0          0          NO
844              0          0          0          NO
845              0          0          0          NO
846              0          0          0          NO
8461             0          0          0          NO
847              0          0          0          NO
8471             0          0          0          NO
848              0          0          0          NO
849              0          0          0          NO
8491             0          0          0          NO
834a             0          0          0          NO
m4               0          0          0          NO
m5               0          0          0          NO
m7               0          0          0          NO
m8               0          0          0          NO
m9               0          0          0          NO
m10              0          0          0          NO
m11              0          0          0          NO
m12              0          0          0          NO
m13              0          0          0          NO
m14              0          0          0          NO
m1               0          0          0          NO
m2               0          0          0          NO
m3               0          0          0          NO
m6a              0          0          0          NO
m6               0          0          0          NO
838a             0          0          0          NO
m1a              0          0          0          NO
c3b              0          0          0          NO
c5b              0          0          0          NO
c5a              0          0          0          NO
c3a              0          0          0          NO
bypass           0          0          0          NO
H1A              0          0          0          NO
H1               0          0          0          NO
H2               0          0          0          NO
H3               0          0          0          NO
1283             0          0          0          NO
1284             0          0          0          NO
7291             0          0          0          NO
71301            0          0          0          NO
7281             0          0          0          NO
73931            0          0          0          NO
72212            0          0          0          NO
72201            0          0          0          NO
6471             0          0          0          NO
7441             0          0          0          NO
7481             0          0          0          NO
7011             0          0          0          NO
5021             0          0          0          NO
6061             0          0          0          NO
7061             0          0          0          NO
7051             0          0          0          NO
70711            0          0          0          NO
7081             0          0          0          NO
7091             0          0          0          NO
6151             0          0          0          NO
7181             0          0          0          NO
7201             0          0          0          NO
7211             0          0          0          NO
6211             0          0          0          NO
7151             0          0          0          NO
7491             0          0          0          NO
7341             0          0          0          NO
72171            0          0          0          NO
7131             0          0          0          NO
7351             0          0          0          NO
7361             0          0          0          NO
52011            0          0          0          NO
7431             0          0          0          NO
72411            0          0          0          NO
6291             0          0          0          NO
72111            0          0          0          NO
62161            0          0          0          NO
72161            0          0          0          NO
62121            0          0          0          NO
62131            0          0          0          NO
62021            0          0          0          NO
72131            0          0          0          NO
72031            0          0          0          NO
72011            0          0          0          NO
7031             0          0          0          NO
6021             0          0          0          NO
62011            0          0          0          NO

[COORDINATES]
;;Node           X-Coord            Y-Coord
;;-------------- ------------------ ------------------
801              377.08             32.65             
802              397.08             32.65             
8200             17565.50           172174.31         
82001            17363.95           168645.40         
803              17204.71           164629.54         
811              17083.36           159616.47         
804              50751.60           163546.95         
805              48858.40           163829.89         
806              42610.79           163109.33         
807              39641.50           162314.20         
8071             36341.17           162093.58         
8072             32709.85           160956.26         
808              30127.44           160182.19         
809              27850.52           160802.30         
810              24860.18           160416.55         
7101             442.44             12.65             
7102             20691.26           159639.46         
8201             11311.63           168303.29         
82011            10960.80           165563.25         
8202             9656.98            162843.23         
82021            8883.56            158858.79         
8203             16671.75           151580.80         
812              49574.96           148396.18         
813              49293.85           152280.49         
815              41764.90           152047.66         
814              42954.92           155677.09         
816              37268.54           152106.66         
817              33235.44           151632.96         
818              29573.81           151541.07         
819              24468.23           151697.97         
820              20802.76           151657.30         
8204             17051.34           144440.37         
821              26727.33           146506.80         
822              21371.33           144519.55         
82041            17367.34           139960.96         
80281            18115.34           132256.38         
823              40094.44           143296.78         
824              36200.10           141948.45         
8241             32601.19           141350.18         
825              27673.95           140546.20         
826              25177.36           137472.10         
827              25067.98           133586.14         
828              21302.02           132904.39         
8392             17783.34           125447.67         
829              46194.07           135455.34         
8291             42602.32           135537.31         
830              40384.30           132048.95         
833              37190.67           126806.80         
831              43441.13           126159.77         
832              40275.97           125833.10         
834              31980.69           124505.92         
839              26217.80           124405.59         
835              46003.91           112894.09         
836              41673.89           112761.51         
837              38773.88           116223.89         
8371             37513.41           116858.40         
8372             35040.75           116612.53         
838              28135.53           118823.82         
8391             22680.61           125018.61         
8205             9845.45            127041.54         
8393             17349.29           119212.68         
8207             12386.08           119542.04         
c1               11946.58           114155.79         
8209             8533.36            111795.35         
843              7404.51            110385.17         
8210             -4809.51           172627.21         
82101            -5317.26           168926.82         
8212             -5917.44           164591.77         
8211             -8921.93           164180.34         
82121            -5701.49           160174.37         
8215             -6978.96           152317.23         
8213             -1460.07           157545.04         
82131            -1687.05           154598.07         
8214             -3494.52           150820.13         
8216             -7794.22           148009.27         
82171            -8555.95           144403.17         
8217             -5839.01           144312.82         
8411             -8092.37           138303.87         
840              -14713.42          144702.88         
8401             -11515.45          144802.05         
841              -11704.41          138587.03         
8218             -8712.30           133525.40         
8222             -4349.29           124310.13         
8219             -4664.28           131320.11         
82191            -3290.36           133565.01         
8220             -418.77            132122.22         
8221             1513.97            129945.20         
82211            33.88              126209.26         
82221            -1965.22           119038.12         
842              -269.27            114496.43         
8421             1775.64            111394.32         
8431             3286.72            106988.19         
8491             -1795.58           104171.36         
844              -19057.11          129034.97         
846              -16357.11          128897.63         
845              -16391.31          131939.42         
8461             -12792.97          128528.49         
847              -11100.28          119029.04         
8471             -8460.01           118020.40         
848              -8517.18           115432.81         
849              -6660.13           108125.79         
8492             -2843.27           91051.31          
m4               31326.43           125088.55         
m5               29667.65           124458.60         
m7               29055.58           119003.29         
m8               28406.43           115689.39         
m9               23264.67           115945.30         
m10              20069.75           116307.18         
m11              16779.03           116861.66         
m12              15536.04           115454.14         
m13              14764.78           114473.14         
m14              13633.59           113492.14         
m1               32781.77           117472.10         
m2               32840.65           118778.26         
m3               31387.41           118980.97         
m6               29280.78           123938.29         
c10              10386.57           113241.16         
c2               11565.83           113973.16         
c3               11215.74           114177.86         
c5               11532.78           113540.35         
c4               10867.90           114631.96         
c6               11757.40           112981.64         
c8               10972.19           113301.05         
c7               10731.53           113746.91         
c9               11796.24           113838.48         
HWP              5445.51            143418.03         
H1               7075.28            135576.82         
H2               11801.61           138010.30         
H3               14164.78           139024.25         
8130             336.80             -8.94             
0                416.73             -24.43            
864              377.91             -1.23             
DUMMY1           420.35             -12.96            
DUMMY2           512.40             43.55             
DUMMY3           432.91             -6.66             
DUMMY4           457.47             0.42              
DUMMY5           40643.44           132048.09         
DUMMY6           433.11             -35.91            
DUMMY7           362.05             12.99             
DUMMY8           40708.45           131977.45         
DUMMY9           40695.77           131935.49         
DUMMY10          -1719.08           104223.30         
DUMMY11          -1738.46           104284.39         
DUMMY12          -1724.99           104286.77         
DUMMY13          475.49             13.24             
DUMMY14          404.56             -1.68             
DUMMY15          356.22             31.80             
DUMMY16          377.20             37.98             
DUMMY17          382.84             46.66             
DUMMY18          402.02             -31.18            
DUMMY19          466.77             -110.31           
DUMMY20          460.99             -116.29           
DUMMY21          453.28             -119.41           
DUMMY22          487.27             -111.89           
DUMMY23          426.55             -91.15            
DUMMY24          416.20             -91.33            
DUMMY25          40396.60           132009.30         
DUMMY26          401.88             -51.75            
DUMMY27          395.64             -25.84            
DUMMY28          392.00             -18.36            
DUMMY29          461.92             25.09             
DUMMY30          415.09             17.60             
DUMMY31          431.76             61.82             
DUMMY32          427.36             40.19             
DUMMY33          465.90             67.68             
DUMMY34          485.90             27.68             
DUMMY35          40528.84           132061.56         
DUMMY36          40519.45           132065.94         
DUMMY37          40525.47           132093.11         
DUMMY38          40513.52           132074.42         
DUMMY39          419.49             39.23             
DUMMY40          415.09             17.60             
DUMMY41          458.90             21.80             
DUMMY42          -1745.69           104202.97         
DUMMY43          40409.30           132062.23         
DUMMY44          40423.44           132028.09         
DUMMY45          -1717.64           104177.34         
DUMMY46          40715.73           131902.27         
DUMMY47          446.20             1.18              
DUMMY48          443.52             11.18             
DUMMY49          426.20             -27.10            
DUMMY50          40398.60           132187.77         
DUMMY51          40422.40           132180.85         
DUMMY52          40432.71           132181.75         
DUMMY53          40843.62           131938.89         
DUMMY54          383.34             29.38             
DUMMY55          361.90             133.57            
DUMMY56          40789.30           132062.23         
DUMMY57          397.59             133.10            
DUMMY58          40712.42           132091.56         
DUMMY59          515.79             35.95             
DUMMY60          515.79             27.64             
DUMMY61          40830.20           131919.26         
DUMMY62          40832.10           131905.72         
DUMMY63          40699.23           131934.54         
DUMMY64          40746.85           131904.10         
DUMMY65          40739.03           131901.26         
DUMMY66          40730.74           131901.84         
DUMMY67          40761.60           131891.91         
DUMMY68          40811.96           131901.58         
DUMMY69          40822.56           131877.03         
DUMMY70          40821.12           131868.84         
DUMMY71          40808.05           131894.24         
DUMMY72          422.42             56.47             
DUMMY73          40816.47           131861.94         
DUMMY74          40809.41           131857.54         
DUMMY75          40542.49           132106.58         
DUMMY76          491.76             61.82             
DUMMY77          379.66             35.27             
DUMMY78          378.22             42.06             
DUMMY79          442.08             17.65             
DUMMY80          437.20             37.98             
DUMMY81          377.20             37.98             
DUMMY82          412.40             43.55             
DUMMY83          384.47             47.98             
DUMMY84          379.18             48.94             
DUMMY85          382.44             55.07             
DUMMY86          334.90             222.06            

[MAP]
DIMENSIONS -19057.11 -119.41 50751.60 172627.21
Units      None

[REPORT]
INPUT            YES
SUBCATCHMENTS    ALL
NODES            ALL
LINKS            ALL



