;; SWMM5 .inp converted from XPSWMM .xp file
;; Generated by XPSWMM Card Reader
;; Source format: XP_CARD | Original title: GREATWOOD T150, RIVERBROOK DR. AND GREATWOOD PARKWAY

[TITLE]
;;Project Title/Notes
GREATWOOD T150, RIVERBROOK DR. AND GREATWOOD PARKWAY

[OPTIONS]
FLOW_UNITS           CFS
INFILTRATION         HORTON
FLOW_ROUTING         DYNWAVE
LINK_OFFSETS         DEPTH
MIN_SLOPE            0.0
ALLOW_PONDING        NO
SKIP_STEADY_STATE    NO
ROUTING_STEP         00:00:30
VARIABLE_STEP        0.75
INERTIAL_DAMPING     PARTIAL
NORMAL_FLOW_LIMITED  BOTH
MAX_TRIALS           50
HEAD_TOLERANCE       0.0033

[JUNCTIONS]
;;Name           Elev       MaxDepth   InitDepth  SurDepth   Aponded
;;-------------- ---------- ---------- ---------- ---------- ----------
110              68.70      0          0          0          0
107              68.50      0          0          0          0
119              68.52      0          0          0          0
121              69.07      0          0          0          0
127              68.85      0          0          0          0
131              68.66      0          0          0          0
132              68.80      0          0          0          0
133              68.50      0          0          0          0
135              68.50      0          0          0          0
136              68.80      0          0          0          0
137              68.64      0          0          0          0
143              68.57      0          0          0          0
141              68.74      0          0          0          0
144              69.29      0          0          0          0
151              68.89      0          0          0          0
150              68.89      0          0          0          0
148              69.04      0          0          0          0
147              69.56      0          0          0          0
145              70.69      0          0          0          0
153              69.06      0          0          0          0
192              68.88      0          0          0          0
162              68.73      0          0          0          0
160              68.68      0          0          0          0
159              68.97      0          0          0          0
158              68.73      0          0          0          0
157              68.50      0          0          0          0
155              68.50      0          0          0          0
163              68.93      0          0          0          0
168              68.74      0          0          0          0
171              68.76      0          0          0          0
172              68.50      0          0          0          0
174              68.50      0          0          0          0
175              68.75      0          0          0          0
179              68.80      0          0          0          0
187              68.73      0          0          0          0
190              69.01      0          0          0          0
189              68.97      0          0          0          0
194              68.93      0          0          0          0
195              69.05      0          0          0          0
199              69.00      0          0          0          0
200              69.73      0          0          0          0
201              70.62      0          0          0          0
185              70.50      0          0          0          0
184              71.29      0          0          0          0
183              73.19      0          0          0          0
181              74.52      0          0          0          0
182              75.62      0          0          0          0
203              76.00      0          0          0          0
202              76.00      0          0          0          0
180              69.00      0          0          0          0
OUTFALL          70.62      0          0          0          0

[STORAGE]
;;Name           Elev       MaxDepth   InitDepth  Shape      Curve/Params
;;-------------- ---------- ---------- ---------- ---------- ----------
100              69.45      -2.40      0          FUNCTIONAL 0 0          0
101              68.53      -1.58      0          FUNCTIONAL 0 0          0
103              68.58      -3.32      0          FUNCTIONAL 0 0          0
104              69.40      -2.25      0          FUNCTIONAL 0 0          0
105              68.50      -1.44      0          FUNCTIONAL 0 0          0
108              68.93      -3.68      0          FUNCTIONAL 0 0          0
109              68.62      -3.55      0          FUNCTIONAL 0 0          0
111              68.55      -3.91      0          FUNCTIONAL 0 0          0
112              68.50      -4.20      0          FUNCTIONAL 0 0          0
113              68.50      -4.61      0          FUNCTIONAL 0 0          0
114              68.50      -5.03      0          FUNCTIONAL 0 0          0
118              68.50      -3.21      0          FUNCTIONAL 0 0          0
116              68.50      -2.85      0          FUNCTIONAL 0 0          0
115              69.43      -3.68      0          FUNCTIONAL 0 0          0
120              68.50      -5.53      0          FUNCTIONAL 0 0          0
130              68.50      -2.91      0          FUNCTIONAL 0 0          0
129              68.50      -3.75      0          FUNCTIONAL 0 0          0
126              68.50      -3.45      0          FUNCTIONAL 0 0          0
123              68.50      -2.85      0          FUNCTIONAL 0 0          0
122              69.17      -3.42      0          FUNCTIONAL 0 0          0
134              68.76      -6.35      0          FUNCTIONAL 0 0          0
138              68.50      -6.37      0          FUNCTIONAL 0 0          0
142              68.50      -3.12      0          FUNCTIONAL 0 0          0
140              68.50      -2.85      0          FUNCTIONAL 0 0          0
139              69.19      -3.44      0          FUNCTIONAL 0 0          0
149              68.52      -2.09      0          FUNCTIONAL 0 0          0
146              70.00      -2.95      0          FUNCTIONAL 0 0          0
152              68.50      -6.70      0          FUNCTIONAL 0 0          0
154              68.50      -2.85      0          FUNCTIONAL 0 0          0
161              68.50      -3.65      0          FUNCTIONAL 0 0          0
156              68.68      -3.15      0          FUNCTIONAL 0 0          0
167              68.50      -3.28      0          FUNCTIONAL 0 0          0
166              68.50      -3.12      0          FUNCTIONAL 0 0          0
165              68.50      -2.84      0          FUNCTIONAL 0 0          0
164              69.17      -3.42      0          FUNCTIONAL 0 0          0
169              68.50      -4.51      0          FUNCTIONAL 0 0          0
170              68.50      -4.36      0          FUNCTIONAL 0 0          0
173              68.71      -5.38      0          FUNCTIONAL 0 0          0
176              68.50      -5.46      0          FUNCTIONAL 0 0          0
178              68.50      -2.84      0          FUNCTIONAL 0 0          0
177              69.17      -3.42      0          FUNCTIONAL 0 0          0
191              68.77      -5.86      0          FUNCTIONAL 0 0          0
188              68.50      -5.38      0          FUNCTIONAL 0 0          0
193              68.50      -6.96      0          FUNCTIONAL 0 0          0
196              68.50      -7.17      0          FUNCTIONAL 0 0          0
197              68.89      -7.68      0          FUNCTIONAL 0 0          0
198              68.50      -7.33      0          FUNCTIONAL 0 0          0
186              68.50      -2.15      0          FUNCTIONAL 0 0          0

[CONDUITS]
;;Name           From             To               Length     Roughness  InOffset   OutOffset  InitFlow   MaxFlow
;;-------------- ---------------- ---------------- ---------- ---------- ---------- ---------- ---------- ----------
L1               100              101              53.00      0.0130     65.05      64.95      0          0
L4               103              110              23.00      0.0130     63.26      63.22      0          0
L5               104              105              54.00      0.0130     65.15      65.06      0          0
L8               107              108              30.00      0.0130     63.31      63.25      0          0
L9               108              109              103.00     0.0130     63.25      63.07      0          0
L10              109              110              158.00     0.0130     63.07      62.78      0          0
L16              115              116              57.00      0.0130     63.75      63.65      0          0
L19              118              119              98.00      0.0130     63.29      63.11      0          0
L11              110              111              77.00      0.0130     62.78      62.64      0          0
L12              111              112              192.00     0.0130     62.64      62.30      0          0
L13              112              113              227.00     0.0130     62.30      61.89      0          0
L14              113              114              234.00     0.0130     61.89      61.47      0          0
L15              114              119              231.00     0.0130     61.47      61.05      0          0
L20              119              120              67.00      0.0130     60.55      60.47      0          0
L21              120              121              186.00     0.0130     60.47      60.22      0          0
L22              121              130              29.00      0.0130     60.22      60.19      0          0
L23              122              123              53.00      0.0130     63.75      63.65      0          0
L27              126              127              38.00      0.0130     63.05      62.98      0          0
L30              129              130              80.00      0.0130     62.74      62.59      0          0
L31              130              131              53.00      0.0130     59.69      59.63      0          0
L32              131              132              52.00      0.0130     59.63      59.58      0          0
L33              132              133              115.00     0.0130     59.58      59.47      0          0
L34              133              134              57.00      0.0130     59.47      59.41      0          0
L35              134              135              57.00      0.0130     59.41      59.35      0          0
L36              135              136              87.00      0.0130     59.35      59.27      0          0
L37              136              137              70.00      0.0130     59.27      59.20      0          0
L38              137              138              64.00      0.0130     59.20      59.13      0          0
L39              138              143              18.00      0.0130     59.13      59.11      0          0
L40              139              140              54.00      0.0130     63.75      63.65      0          0
L41              140              141              64.00      0.0130     63.65      63.54      0          0
L42              141              142              89.00      0.0130     63.54      63.38      0          0
L43              142              143              95.00      0.0130     63.38      63.20      0          0
L44              143              144              183.00     0.0130     58.57      58.42      0          0
L46              145              146              112.00     0.0130     65.25      65.05      0          0
L47              146              147              105.00     0.0130     65.05      64.86      0          0
L48              147              148              117.00     0.0130     64.86      64.65      0          0
L49              148              149              122.00     0.0130     64.65      64.43      0          0
L50              149              150              122.00     0.0130     63.67      63.45      0          0
L51              150              151              120.00     0.0130     63.45      63.23      0          0
L45              144              151              28.00      0.0130     58.42      58.40      0          0
L52              151              152              131.00     0.0130     58.40      58.30      0          0
L53              152              153              131.00     0.0130     57.80      57.71      0          0
L54              153              192              184.00     0.0130     57.71      57.58      0          0
L62              154              162              65.00      0.0130     63.65      63.53      0          0
L55              155              156              66.00      0.0130     63.65      63.53      0          0
L56              156              157              66.00      0.0130     63.53      63.41      0          0
L57              157              158              75.00      0.0130     63.41      63.28      0          0
L58              158              159              74.00      0.0130     63.28      63.14      0          0
L59              159              160              106.00     0.0130     63.14      62.95      0          0
L60              160              161              60.00      0.0130     62.95      62.85      0          0
L61              161              162              17.00      0.0130     62.85      62.81      0          0
L63              162              163              222.00     0.0130     62.81      62.42      0          0
L65              164              165              53.00      0.0130     63.75      63.66      0          0
L66              165              166              148.00     0.0130     63.65      63.38      0          0
L67              166              167              93.00      0.0130     63.38      63.22      0          0
L64              163              167              33.00      0.0130     62.42      62.36      0          0
L78              177              178              52.00      0.0130     63.75      63.66      0          0
L79              178              179              106.00     0.0130     63.65      63.46      0          0
L80              179              187              201.00     0.0130     60.41      60.15      0          0
L76              175              176              110.00     0.0130     60.68      60.54      0          0
L77              176              179              103.00     0.0130     60.54      60.41      0          0
L69              168              169              74.00      0.0130     62.13      61.99      0          0
L70              169              170              194.00     0.0130     61.99      61.64      0          0
L71              170              171              118.00     0.0130     61.14      60.99      0          0
L72              171              172              79.00      0.0130     60.99      60.89      0          0
L73              172              173              47.00      0.0130     60.89      60.83      0          0
L74              173              174              30.00      0.0130     60.83      60.79      0          0
L75              174              175              80.00      0.0130     60.79      60.68      0          0
L68              167              168              127.00     0.0130     62.36      62.13      0          0
L90              187              188              19.00      0.0130     60.15      60.12      0          0
L91              188              189              83.00      0.0130     59.62      59.55      0          0
L92              189              190              100.00     0.0130     59.55      59.47      0          0
L93              190              191              80.00      0.0130     59.47      59.41      0          0
L94              191              192              35.00      0.0130     57.91      57.89      0          0
L95              192              193              79.00      0.0130     56.08      56.04      0          0
L100             197              198              129.00     0.0130     53.21      53.17      0          0
L101             198              199              152.00     0.0130     53.17      53.12      0          0
L102             199              200              330.00     0.0130     53.12      53.02      0          0
L103             200              201              102.00     0.0130     52.52      52.49      0          0
L96              193              194              141.00     0.0130     55.04      54.98      0          0
L97              194              195              189.00     0.0130     54.98      54.90      0          0
L98              195              196              175.00     0.0130     54.90      54.83      0          0
L99              196              197              297.00     0.0130     54.83      54.71      0          0
L81              202              203              55.00      0.0130     65.50      65.40      0          0
L82              203              182              69.00      0.0130     65.40      65.28      0          0
L83              182              181              79.00      0.0130     65.28      65.14      0          0
L85              181              183              78.00      0.0130     65.13      64.99      0          0
L86              183              184              87.00      0.0130     64.99      64.83      0          0
L87              184              185              93.00      0.0130     64.83      64.66      0          0
L88              185              186              176.00     0.0130     64.66      64.35      0          0
L89              186              187              103.00     0.0130     63.65      63.46      0          0
L84              180              181              68.00      0.0130     65.25      65.13      0          0
L2               101              103              231.00     0.0130     63.68      63.26      0          0
L6               105              107              191.00     0.0130     63.65      63.31      0          0
L17              116              118              199.00     0.0130     63.65      63.29      0          0
L24              123              126              333.00     0.0130     63.65      63.05      0          0
L28              127              129              137.00     0.0130     62.98      62.74      0          0
CMP              201              OUTFALL          100.00     0.0240     51.53      51.50      0          0

[XSECTIONS]
;;Link           Shape        Geom1      Geom2      Geom3      Geom4      Barrels
;;-------------- ------------ ---------- ---------- ---------- ---------- ----------
L1               CIRCULAR     2.00       0          0          0          1
L4               CIRCULAR     2.00       0          0          0          1
L5               CIRCULAR     2.00       0          0          0          1
L8               CIRCULAR     2.00       0          0          0          1
L9               CIRCULAR     2.00       0          0          0          1
L10              CIRCULAR     2.00       0          0          0          1
L16              CIRCULAR     2.00       0          0          0          1
L19              CIRCULAR     2.00       0          0          0          1
L11              CIRCULAR     2.00       0          0          0          1
L12              CIRCULAR     2.00       0          0          0          1
L13              CIRCULAR     2.00       0          0          0          1
L14              CIRCULAR     2.00       0          0          0          1
L15              CIRCULAR     2.00       0          0          0          1
L20              CIRCULAR     2.50       0          0          0          1
L21              CIRCULAR     2.50       0          0          0          1
L22              CIRCULAR     2.50       0          0          0          1
L23              CIRCULAR     2.00       0          0          0          1
L27              CIRCULAR     2.00       0          0          0          1
L30              CIRCULAR     2.00       0          0          0          1
L31              CIRCULAR     3.00       0          0          0          1
L32              CIRCULAR     3.00       0          0          0          1
L33              CIRCULAR     3.00       0          0          0          1
L34              CIRCULAR     3.00       0          0          0          1
L35              CIRCULAR     3.00       0          0          0          1
L36              CIRCULAR     3.00       0          0          0          1
L37              CIRCULAR     3.00       0          0          0          1
L38              CIRCULAR     3.00       0          0          0          1
L39              CIRCULAR     3.00       0          0          0          1
L40              CIRCULAR     2.00       0          0          0          1
L41              CIRCULAR     2.00       0          0          0          1
L42              CIRCULAR     2.00       0          0          0          1
L43              CIRCULAR     2.00       0          0          0          1
L44              CIRCULAR     3.50       0          0          0          1
L46              CIRCULAR     2.00       0          0          0          1
L47              CIRCULAR     2.00       0          0          0          1
L48              CIRCULAR     2.00       0          0          0          1
L49              CIRCULAR     2.00       0          0          0          1
L50              CIRCULAR     2.00       0          0          0          1
L51              CIRCULAR     2.00       0          0          0          1
L45              CIRCULAR     3.50       0          0          0          1
L52              CIRCULAR     3.50       0          0          0          1
L53              CIRCULAR     4.00       0          0          0          1
L54              CIRCULAR     4.00       0          0          0          1
L62              CIRCULAR     2.00       0          0          0          1
L55              CIRCULAR     2.00       0          0          0          1
L56              CIRCULAR     2.00       0          0          0          1
L57              CIRCULAR     2.00       0          0          0          1
L58              CIRCULAR     2.00       0          0          0          1
L59              CIRCULAR     2.00       0          0          0          1
L60              CIRCULAR     2.00       0          0          0          1
L61              CIRCULAR     2.00       0          0          0          1
L63              CIRCULAR     2.00       0          0          0          1
L65              CIRCULAR     2.00       0          0          0          1
L66              CIRCULAR     2.00       0          0          0          1
L67              CIRCULAR     2.00       0          0          0          1
L64              CIRCULAR     2.00       0          0          0          1
L78              CIRCULAR     2.00       0          0          0          1
L79              CIRCULAR     2.00       0          0          0          1
L80              CIRCULAR     2.50       0          0          0          1
L76              CIRCULAR     2.50       0          0          0          1
L77              CIRCULAR     2.50       0          0          0          1
L69              CIRCULAR     2.00       0          0          0          1
L70              CIRCULAR     2.00       0          0          0          1
L71              CIRCULAR     2.50       0          0          0          1
L72              CIRCULAR     2.50       0          0          0          1
L73              CIRCULAR     2.50       0          0          0          1
L74              CIRCULAR     2.50       0          0          0          1
L75              CIRCULAR     2.50       0          0          0          1
L68              CIRCULAR     2.00       0          0          0          1
L90              CIRCULAR     3.00       0          0          0          1
L91              CIRCULAR     3.50       0          0          0          1
L92              CIRCULAR     3.50       0          0          0          1
L93              CIRCULAR     3.50       0          0          0          1
L94              CIRCULAR     5.00       0          0          0          1
L95              CIRCULAR     5.50       0          0          0          1
L100             CIRCULAR     8.00       0.00       0          0          1
L101             CIRCULAR     8.00       0          0          0          1
L102             CIRCULAR     8.00       0          0          0          1
L103             CIRCULAR     8.50       0          0          0          1
L96              CIRCULAR     6.50       0          0          0          1
L97              CIRCULAR     6.50       0          0          0          1
L98              CIRCULAR     6.50       0          0          0          1
L99              CIRCULAR     6.50       0          0          0          1
L81              CIRCULAR     2.00       0          0          0          1
L82              CIRCULAR     2.00       0          0          0          1
L83              CIRCULAR     2.00       0          0          0          1
L85              CIRCULAR     2.00       0          0          0          1
L86              CIRCULAR     2.00       0          0          0          1
L87              CIRCULAR     2.00       0          0          0          1
L88              CIRCULAR     2.00       0          0          0          1
L89              CIRCULAR     2.00       0          0          0          1
L84              CIRCULAR     2.00       0          0          0          1
L2               CIRCULAR     2.00       0          0          0          1
L6               CIRCULAR     2.00       0          0          0          1
L17              CIRCULAR     2.00       0          0          0          1
L24              CIRCULAR     2.00       0          0          0          1
L28              CIRCULAR     2.00       0          0          0          1
CMP              CIRCULAR     8.50       0          0          0          1

[LOSSES]
;;Link           Inlet      Outlet     Average    Flap Gate
;;-------------- ---------- ---------- ---------- ----------
L1               0          0          0          NO
L4               0          0          0          NO
L5               0          0          0          NO
L8               0          0          0          NO
L9               0          0          0          NO
L10              0          0          0          NO
L16              0          0          0          NO
L19              0          0          0          NO
L11              0          0          0          NO
L12              0          0          0          NO
L13              0          0          0          NO
L14              0          0          0          NO
L15              0          0          0          NO
L20              0          0          0          NO
L21              0          0          0          NO
L22              0          0          0          NO
L23              0          0          0          NO
L27              0          0          0          NO
L30              0          0          0          NO
L31              0          0          0          NO
L32              0          0          0          NO
L33              0          0          0          NO
L34              0          0          0          NO
L35              0          0          0          NO
L36              0          0          0          NO
L37              0          0          0          NO
L38              0          0          0          NO
L39              0          0          0          NO
L40              0          0          0          NO
L41              0          0          0          NO
L42              0          0          0          NO
L43              0          0          0          NO
L44              0          0          0          NO
L46              0          0          0          NO
L47              0          0          0          NO
L48              0          0          0          NO
L49              0          0          0          NO
L50              0          0          0          NO
L51              0          0          0          NO
L45              0          0          0          NO
L52              0          0          0          NO
L53              0          0          0          NO
L54              0          0          0          NO
L62              0          0          0          NO
L55              0          0          0          NO
L56              0          0          0          NO
L57              0          0          0          NO
L58              0          0          0          NO
L59              0          0          0          NO
L60              0          0          0          NO
L61              0          0          0          NO
L63              0          0          0          NO
L65              0          0          0          NO
L66              0          0          0          NO
L67              0          0          0          NO
L64              0          0          0          NO
L78              0          0          0          NO
L79              0          0          0          NO
L80              0          0          0          NO
L76              0          0          0          NO
L77              0          0          0          NO
L69              0          0          0          NO
L70              0          0          0          NO
L71              0          0          0          NO
L72              0          0          0          NO
L73              0          0          0          NO
L74              0          0          0          NO
L75              0          0          0          NO
L68              0          0          0          NO
L90              0          0          0          NO
L91              0          0          0          NO
L92              0          0          0          NO
L93              0          0          0          NO
L94              0          0          0          NO
L95              0          0          0          NO
L100             0          0          0          NO
L101             0          0          0          NO
L102             0          0          0          NO
L103             0          0          0          NO
L96              0          0          0          NO
L97              0          0          0          NO
L98              0          0          0          NO
L99              0          0          0          NO
L81              0          0          0          NO
L82              0          0          0          NO
L83              0          0          0          NO
L85              0          0          0          NO
L86              0          0          0          NO
L87              0          0          0          NO
L88              0          0          0          NO
L89              0          0          0          NO
L84              0          0          0          NO
L2               0          0          0          NO
L6               0          0          0          NO
L17              0          0          0          NO
L24              0          0          0          NO
L28              0          0          0          NO
CMP              0          0          0          NO

[COORDINATES]
;;Node           X-Coord            Y-Coord
;;-------------- ------------------ ------------------
100              12.57              5.89              
101              8.06               21.21             
103              8.06               56.16             
110              8.05               78.02             
104              72.44              6.68              
105              64.87              24.35             
107              64.87              68.55             
108              55.87              78.37             
109              30.78              78.15             
111              7.99               94.60             
112              7.99               113.35            
113              7.99               130.15            
114              7.99               148.49            
119              7.99               174.70            
118              7.73               192.44            
116              7.73               220.68            
115              12.05              234.37            
120              19.67              168.99            
121              50.41              169.20            
130              54.98              179.73            
129              59.30              169.20            
127              67.94              152.55            
126              59.63              138.64            
123              59.78              108.71            
122              64.38              96.50             
131              55.75              191.74            
132              58.29              203.33            
133              61.84              213.24            
134              64.64              224.40            
135              63.37              235.78            
136              59.05              245.48            
137              53.71              254.12            
138              46.60              261.91            
143              38.79              268.87            
142              30.41              274.34            
141              21.45              278.98            
140              11.54              284.67            
139              3.92               291.41            
144              53.79              296.89            
151              60.77              298.83            
150              47.30              307.26            
149              33.08              314.21            
148              19.61              320.11            
147              5.39               324.33            
146              -9.85              327.27            
145              -26.36             328.12            
152              71.48              290.39            
153              81.23              280.17            
192              90.81              268.43            
154              85.66              70.79             
162              90.49              81.12             
161              92.77              91.02             
160              94.30              102.19            
159              94.30              115.46            
158              94.30              129.16            
157              92.52              141.80            
156              88.20              151.71            
155              81.60              157.40            
163              118.43             68.68             
167              126.81             70.15             
166              120.21             53.29             
165              109.28             30.33             
164              107.00             15.16             
168              132.15             86.81             
169              134.69             102.61            
170              135.70             122.63            
171              136.46             140.54            
172              140.27             154.45            
173              145.36             166.46            
174              137.99             176.15            
175              128.34             183.95            
176              116.90             192.17            
179              104.97             200.17            
187              122.05             227.18            
178              92.26              207.76            
177              85.91              217.45            
191              97.91              260.88            
190              106.19             251.34            
189              115.38             242.66            
188              121.06             235.35            
193              99.44              282.82            
194              111.27             304.21            
195              120.33             319.88            
196              129.66             335.97            
197              137.95             352.51            
198              146.50             369.47            
199              152.97             380.85            
200              161.23             393.31            
201              170.63             404.65            
186              131.08             224.04            
185              142.47             218.88            
184              151.27             213.51            
183              158.78             207.93            
181              166.54             202.13            
182              175.60             195.69            
203              187.92             186.24            
202              195.79             196.55            
180              159.96             193.54            
OUTFALL          173.83             420.67            

[MAP]
DIMENSIONS -26.36 5.89 195.79 420.67
Units      None

[REPORT]
INPUT            YES
SUBCATCHMENTS    ALL
NODES            ALL
LINKS            ALL



