;; SWMM5 .inp converted from XPSWMM .xp file
;; Generated by XPSWMM Card Reader
;; Source format: XP_CARD | Original title: LAKE CITY DRAINAGE BASIN - EXISTING CONDITION 1992

[TITLE]
;;Project Title/Notes
LAKE CITY DRAINAGE BASIN - EXISTING CONDITION 1992

[OPTIONS]
FLOW_UNITS           CFS
INFILTRATION         HORTON
FLOW_ROUTING         DYNWAVE
LINK_OFFSETS         DEPTH
MIN_SLOPE            0.0
ALLOW_PONDING        NO
SKIP_STEADY_STATE    NO
ROUTING_STEP         00:00:30
VARIABLE_STEP        0.75
INERTIAL_DAMPING     PARTIAL
NORMAL_FLOW_LIMITED  BOTH
MAX_TRIALS           50
HEAD_TOLERANCE       0.0033

[JUNCTIONS]
;;Name           Elev       MaxDepth   InitDepth  SurDepth   Aponded
;;-------------- ---------- ---------- ---------- ---------- ----------
205              225.00     0          0          0          0
215              223.00     0          0          0          0
225              221.50     0          0          0          0
235              220.50     0          0          0          0
245              218.90     0          0          0          0
255              217.80     0          0          0          0
265              217.10     0          0          0          0
275              216.50     0          0          0          0
285              215.70     0          0          0          0
295              214.10     0          0          0          0
305              213.10     0          0          0          0
315              212.50     0          0          0          0
325              210.80     0          0          0          0
335              208.80     0          0          0          0
345              207.70     0          0          0          0
355              206.80     0          0          0          0
365              205.50     0          0          0          0
367              204.70     0          0          0          0
375              204.30     0          0          0          0
385              204.10     0          0          0          0
395              205.90     0          0          0          0
405              205.60     0          0          0          0
407              205.10     0          0          0          0
425              204.50     0          0          0          0
465              202.00     0          0          0          0
467              203.50     0          0          0          0
475              198.60     0          0          0          0
469              200.50     0          0          0          0
471              199.50     0          0          0          0
477              195.50     0          0          0          0
485              176.80     0          0          0          0
495              173.50     0          0          0          0
505              170.40     0          0          0          0
575              170.30     0          0          0          0
801              176.20     0          0          0          0
809              170.50     0          0          0          0
877              195.80     0          0          0          0
873              195.60     0          0          0          0
865              193.60     0          0          0          0
867              193.00     0          0          0          0
845              193.20     0          0          0          0
849              192.00     0          0          0          0
853              183.50     0          0          0          0
857              183.00     0          0          0          0
861              184.00     0          0          0          0
863              180.00     0          0          0          0
841              193.80     0          0          0          0
825              191.90     0          0          0          0
829              193.40     0          0          0          0
833              190.40     0          0          0          0
837              187.40     0          0          0          0
821              184.80     0          0          0          0
817              178.80     0          0          0          0
813              170.00     0          0          0          0
811              176.20     0          0          0          0
605              154.20     0          0          0          0
625              156.00     0          0          0          0
635              150.50     0          0          0          0
645              150.10     0          0          0          0
903              250.00     0          0          0          0
905              247.00     0          0          0          0
907              233.00     0          0          0          0
915              233.00     0          0          0          0
917              226.00     0          0          0          0
925              215.00     0          0          0          0
927              207.00     0          0          0          0
935              199.00     0          0          0          0
937              186.00     0          0          0          0
945              179.50     0          0          0          0
955              205.60     0          0          0          0
965              169.00     0          0          0          0
967              167.40     0          0          0          0
975              168.00     0          0          0          0
655              150.00     0          0          0          0
657              145.50     0          0          0          0
665              143.50     0          0          0          0
675              127.00     0          0          0          0
985              158.00     0          0          0          0
987              154.00     0          0          0          0
995              154.00     0          0          0          0
677              124.00     0          0          0          0
1003             145.50     0          0          0          0
1015             143.50     0          0          0          0
1017             124.50     0          0          0          0
679              124.00     0          0          0          0
685              90.50      0          0          0          0
695              81.50      0          0          0          0
725              91.50      0          0          0          0
735              90.70      0          0          0          0
705              80.50      0          0          0          0
765              64.50      0          0          0          0
745              75.00      0          0          0          0
755              75.00      0          0          0          0
775              64.00      0          0          0          0

[STORAGE]
;;Name           Elev       MaxDepth   InitDepth  Shape      Curve/Params
;;-------------- ---------- ---------- ---------- ---------- ----------
595              169.40     4.60       0          FUNCTIONAL 12.57 0          0
859              179.00     0          0          FUNCTIONAL 2250.00 0          0
601              166.40     7.60       0          FUNCTIONAL 12.57 0          0
399              195.50     0          0          FUNCTIONAL 12.57 0          0

[CONDUITS]
;;Name           From             To               Length     Roughness  InOffset   OutOffset  InitFlow   MaxFlow
;;-------------- ---------------- ---------------- ---------- ---------- ---------- ---------- ---------- ----------
200              205              215              155.00     0.0130     222.70     220.70     0          0
210              215              225              153.00     0.0130     220.70     218.50     0          0
220              225              235              137.00     0.0130     218.50     216.20     0          0
230              235              245              154.00     0.0130     216.20     215.30     0          0
240              245              255              185.00     0.0130     215.30     214.70     0          0
250              255              265              170.00     0.0130     214.70     210.50     0          0
260              265              275              165.00     0.0350     210.50     208.60     0          0
270              275              285              148.00     0.0130     208.60     208.10     0          0
280              285              295              120.00     0.0130     208.10     206.10     0          0
290              295              305              240.00     0.0130     206.10     204.10     0          0
300              305              315              198.00     0.0130     204.10     203.20     0          0
310              315              325              195.00     0.0350     203.20     202.50     0          0
320              325              335              156.00     0.0130     202.50     201.80     0          0
330              335              345              180.00     0.0350     201.80     199.60     0          0
360              355              365              180.00     0.0350     199.10     198.70     0          0
362              365              367              194.00     0.0130     198.70     197.30     0          0
370              367              375              180.00     0.0350     197.30     196.10     0          0
380              375              385              170.00     0.0130     196.10     195.30     0          0
390              385              395              135.00     0.0130     195.30     195.00     0          0
400              395              405              180.00     0.0130     195.00     194.50     0          0
402              405              407              160.00     0.0130     194.50     192.10     0          0
410              407              425              195.00     0.0130     192.10     191.40     0          0
470              425              465              350.00     0.0350     191.40     186.00     0          0
480              465              467              250.00     0.0130     186.00     179.20     0          0
4802             467              475              300.00     0.0130     179.20     172.40     0          0
482              469              471              322.50     0.0130     196.00     182.90     0          0
484              471              475              280.00     0.0130     182.90     172.40     0          0
490              475              399              300.00     0.0130     172.40     167.21     0          0
4902             477              485              300.00     0.0130     167.20     161.90     0          0
500              485              495              180.00     0.0350     161.90     161.80     0          0
510              495              505              70.00      0.0240     161.80     160.90     0          0
512              505              575              300.00     0.0130     160.40     157.30     0          0
532              575              813              300.00     0.0130     157.30     154.18     0          0
802              801              809              201.30     0.0130     166.80     157.60     0          0
886              877              873              100.00     0.0130     182.80     182.40     0          0
882              873              865              312.60     0.0130     182.40     176.60     0          0
872              867              865              180.00     0.0130     177.20     176.60     0          0
850              865              845              100.00     0.0130     176.60     176.40     0          0
854              845              849              194.00     0.0130     176.40     176.30     0          0
858              849              853              178.00     0.0130     176.30     173.20     0          0
862              853              857              170.00     0.0130     173.20     172.00     0          0
866              861              857              122.00     0.0130     173.30     172.00     0          0
864              857              863              200.00     0.0130     172.00     169.50     0          0
846              841              845              200.00     0.0130     177.20     176.40     0          0
842              841              825              295.00     0.0130     177.20     174.00     0          0
830              829              833              238.00     0.0130     189.80     185.70     0          0
834              833              837              218.00     0.0130     185.70     182.80     0          0
838              837              825              105.00     0.0130     182.80     174.00     0          0
826              825              821              350.00     0.0130     174.00     170.00     0          0
822              821              817              135.40     0.0130     170.00     165.30     0          0
818              817              813              100.40     0.0130     165.30     157.90     0          0
814              811              813              100.50     0.0130     164.90     157.90     0          0
810              813              809              172.60     0.0130     153.68     153.34     0          0
808              809              595              100.00     0.0130     153.34     153.11     0          0
620              605              625              250.00     0.0350     149.30     145.10     0          0
630              625              635              130.00     0.0130     145.10     142.60     0          0
640              635              645              350.00     0.0350     142.60     137.50     0          0
902              903              905              130.00     0.0130     238.30     233.90     0          0
906              905              907              266.90     0.0130     233.90     229.90     0          0
910              907              915              320.00     0.0130     229.90     219.70     0          0
914              915              917              350.00     0.0130     219.70     211.60     0          0
918              917              925              270.00     0.0130     211.60     201.50     0          0
922              925              927              317.90     0.0130     201.50     193.90     0          0
926              927              935              340.00     0.0130     193.90     185.80     0          0
930              935              937              340.00     0.0130     185.80     172.00     0          0
934              937              945              348.00     0.0130     172.00     171.30     0          0
938              955              945              340.80     0.0130     196.60     171.30     0          0
950              945              965              340.60     0.0130     171.30     154.70     0          0
954              965              967              212.40     0.0130     154.70     152.10     0          0
958              967              975              158.40     0.0130     152.10     150.30     0          0
960              975              655              190.00     0.0130     150.30     134.50     0          0
650              645              655              110.00     0.0130     137.50     134.50     0          0
660              655              657              300.00     0.0350     134.50     125.60     0          0
6602             657              665              300.00     0.0350     125.60     116.80     0          0
670              665              675              70.00      0.0130     116.80     116.40     0          0
964              985              987              345.00     0.0130     151.30     144.60     0          0
978              995              987              100.50     0.0130     145.20     144.60     0          0
968              987              665              232.50     0.0130     144.60     116.80     0          0
680              675              677              350.00     0.0350     116.40     106.40     0          0
986              1003             1015             249.00     0.0130     138.70     130.60     0          0
990              1015             1017             206.00     0.0130     130.60     111.50     0          0
994              1017             679              100.50     0.0130     111.50     96.10      0          0
6802             677              679              350.00     0.0350     106.40     96.10      0          0
6804             679              685              350.00     0.0350     96.10      77.60      0          0
690              685              695              100.00     0.0130     77.60      72.80      0          0
720              725              735              330.00     0.0350     83.50      78.20      0          0
710              695              705              350.00     0.0350     72.80      72.00      0          0
740              705              765              330.00     0.0350     72.00      56.00      0          0
996              745              755              310.00     0.0130     70.30      61.80      0          0
998              755              765              350.00     0.0130     61.80      56.00      0          0
760              765              775              250.00     0.0350     56.00      54.50      0          0
340              350              355              180.00     0.0240     199.60     199.10     0          0
700              730              695              100.00     0.0130     78.20      72.80      0          0
600              601              605              166.00     0.0130     150.93     149.30     0          0
800              595              601              146.00     0.0130     153.11     150.93     0          0

[ORIFICES]
;;Name           From             To               Type       Offset     Qcoeff     Gated    CloseTime
;;-------------- ---------------- ---------------- ---------- ---------- ---------- -------- ----------
ORIF             859              857              SIDE       0          0.650      NO       0
401              ?                ?                SIDE       0          0.650      NO       0

[XSECTIONS]
;;Link           Shape        Geom1      Geom2      Geom3      Geom4      Barrels
;;-------------- ------------ ---------- ---------- ---------- ---------- ----------
200              CIRCULAR     1.50       0          0          0          1
210              CIRCULAR     1.50       0          0          0          1
220              CIRCULAR     1.50       0          0          0          1
230              CIRCULAR     3.00       0          0          0          1
240              CIRCULAR     3.00       0          0          0          1
250              CIRCULAR     3.00       0          0          0          1
260              TRAPEZOIDAL  3.50       5.00       0          0          1
270              CIRCULAR     2.00       0          0          0          1
280              CIRCULAR     3.00       0          0          0          1
290              CIRCULAR     2.50       0          0          0          1
300              CIRCULAR     2.50       0          0          0          1
310              TRAPEZOIDAL  3.00       8.00       0          0          1
320              CIRCULAR     2.50       0          0          0          1
330              TRAPEZOIDAL  3.50       8.00       0          0          1
360              TRAPEZOIDAL  3.00       4.00       0          0          1
362              RECT_CLOSED  2.50       10.70      0          0          1
370              TRAPEZOIDAL  2.50       4.00       0          0          1
380              CIRCULAR     3.00       0          0          0          1
390              CIRCULAR     3.00       0          0          0          1
400              CIRCULAR     3.00       0          0          0          1
402              CIRCULAR     3.00       0          0          0          1
410              CIRCULAR     3.00       0          0          0          1
470              TRAPEZOIDAL  3.00       8.50       0          0          1
480              CIRCULAR     2.00       0          0          0          1
4802             CIRCULAR     2.00       0          0          0          1
482              CIRCULAR     1.00       0          0          0          1
484              CIRCULAR     1.00       0          0          0          1
490              CIRCULAR     2.00       0          0          0          1
4902             CIRCULAR     2.50       0          0          0          1
500              TRAPEZOIDAL  4.00       8.50       0          0          1
510              CIRCULAR     4.00       0          0          0          1
512              CIRCULAR     4.50       0          0          0          1
532              CIRCULAR     4.50       0          0          0          1
802              CIRCULAR     1.00       0          0          0          1
886              CIRCULAR     1.00       0          0          0          1
882              CIRCULAR     1.25       0          0          0          1
872              CIRCULAR     1.50       0          0          0          1
850              CIRCULAR     1.50       0          0          0          1
854              CIRCULAR     1.50       0          0          0          1
858              CIRCULAR     1.25       0          0          0          1
862              CIRCULAR     1.25       0          0          0          1
866              RECT_CLOSED  2.00       2.90       0          0          1
864              CIRCULAR     1.50       0          0          0          1
846              CIRCULAR     1.50       0          0          0          1
842              CIRCULAR     1.50       0          0          0          1
830              CIRCULAR     1.00       0          0          0          1
834              CIRCULAR     1.00       0          0          0          1
838              CIRCULAR     1.00       0          0          0          1
826              CIRCULAR     1.50       0          0          0          1
822              CIRCULAR     1.25       0          0          0          1
818              CIRCULAR     1.25       0          0          0          1
814              CIRCULAR     1.00       0          0          0          1
810              CIRCULAR     5.00       0          0          0          1
808              CIRCULAR     5.00       0          0          0          1
620              TRAPEZOIDAL  4.00       9.50       0          0          1
630              CIRCULAR     2.50       0          0          0          1
640              TRAPEZOIDAL  3.50       6.50       0          0          1
902              CIRCULAR     1.00       0          0          0          1
906              CIRCULAR     1.00       0          0          0          1
910              CIRCULAR     1.00       0          0          0          1
914              CIRCULAR     1.25       0          0          0          1
918              CIRCULAR     1.25       0          0          0          1
922              CIRCULAR     1.00       0          0          0          1
926              CIRCULAR     1.00       0          0          0          1
930              CIRCULAR     1.25       0          0          0          1
934              CIRCULAR     1.50       0          0          0          1
938              CIRCULAR     1.50       0          0          0          1
950              CIRCULAR     2.00       0          0          0          1
954              CIRCULAR     2.00       0          0          0          1
958              CIRCULAR     2.00       0          0          0          1
960              CIRCULAR     9.00       0          0          0          1
650              CIRCULAR     2.50       0          0          0          1
660              TRAPEZOIDAL  5.00       8.50       0          0          1
6602             TRAPEZOIDAL  5.00       8.50       0          0          1
670              CIRCULAR     2.50       0          0          0          1
964              CIRCULAR     1.00       0          0          0          1
978              CIRCULAR     1.50       0          0          0          1
968              CIRCULAR     1.50       0          0          0          1
680              TRAPEZOIDAL  5.00       7.00       0          0          1
986              CIRCULAR     1.00       0          0          0          1
990              CIRCULAR     1.00       0          0          0          1
994              CIRCULAR     1.00       0          0          0          1
6802             TRAPEZOIDAL  6.50       8.50       0          0          1
6804             TRAPEZOIDAL  6.50       8.50       0          0          1
690              CIRCULAR     3.00       0          0          0          1
720              TRAPEZOIDAL  5.00       4.00       0          0          1
710              TRAPEZOIDAL  3.00       8.00       0          0          1
740              TRAPEZOIDAL  8.50       8.00       0          0          1
996              CIRCULAR     1.00       0          0          0          1
998              CIRCULAR     1.00       0          0          0          1
760              TRAPEZOIDAL  8.50       8.00       0          0          1
340              CIRCULAR     2.50       0          0          0          1
700              CIRCULAR     1.00       0          0          0          1
600              CIRCULAR     3.00       2.00       0          0          1
800              CIRCULAR     5.00       2.00       0          0          1
ORIF             RECT_CLOSED  0          0          0          0          
401              RECT_CLOSED  0          0          0          0          

[LOSSES]
;;Link           Inlet      Outlet     Average    Flap Gate
;;-------------- ---------- ---------- ---------- ----------
200              0          0          0          NO
210              0          0          0          NO
220              0          0          0          NO
230              0          0          0          NO
240              0          0          0          NO
250              0          0          0          NO
260              0          0          0          NO
270              0          0          0          NO
280              0          0          0          NO
290              0          0          0          NO
300              0          0          0          NO
310              0          0          0          NO
320              0          0          0          NO
330              0          0          0          NO
360              0          0          0          NO
362              0          0          0          NO
370              0          0          0          NO
380              0          0          0          NO
390              0          0          0          NO
400              0          0          0          NO
402              0          0          0          NO
410              0          0          0          NO
470              0          0          0          NO
480              0          0          0          NO
4802             0          0          0          NO
482              0          0          0          NO
484              0          0          0          NO
490              0          0          0          NO
4902             0          0          0          NO
500              0          0          0          NO
510              0          0          0          NO
512              0          0          0          NO
532              0          0          0          NO
802              0          0          0          NO
886              0          0          0          NO
882              0          0          0          NO
872              0          0          0          NO
850              0          0          0          NO
854              0          0          0          NO
858              0          0          0          NO
862              0          0          0          NO
866              0          0          0          NO
864              0          0          0          NO
846              0          0          0          NO
842              0          0          0          NO
830              0          0          0          NO
834              0          0          0          NO
838              0          0          0          NO
826              0          0          0          NO
822              0          0          0          NO
818              0          0          0          NO
814              0          0          0          NO
810              0          0          0          NO
808              0          0          0          NO
620              0          0          0          NO
630              0          0          0          NO
640              0          0          0          NO
902              0          0          0          NO
906              0          0          0          NO
910              0          0          0          NO
914              0          0          0          NO
918              0          0          0          NO
922              0          0          0          NO
926              0          0          0          NO
930              0          0          0          NO
934              0          0          0          NO
938              0          0          0          NO
950              0          0          0          NO
954              0          0          0          NO
958              0          0          0          NO
960              0          0          0          NO
650              0          0          0          NO
660              0          0          0          NO
6602             0          0          0          NO
670              0          0          0          NO
964              0          0          0          NO
978              0          0          0          NO
968              0          0          0          NO
680              0          0          0          NO
986              0          0          0          NO
990              0          0          0          NO
994              0          0          0          NO
6802             0          0          0          NO
6804             0          0          0          NO
690              0          0          0          NO
720              0          0          0          NO
710              0          0          0          NO
740              0          0          0          NO
996              0          0          0          NO
998              0          0          0          NO
760              0          0          0          NO
340              0          0          0          NO
700              0          0          0          NO
600              0          0          0          NO
800              0          0          0          NO

[COORDINATES]
;;Node           X-Coord            Y-Coord
;;-------------- ------------------ ------------------
205              -630.06            -96.03            
215              -631.70            76.14             
225              -638.17            268.78            
235              -639.50            479.94            
245              -639.45            637.89            
255              -650.12            779.45            
265              -655.46            924.42            
275              -641.68            1035.20           
285              -642.73            1161.71           
295              -639.79            1298.81           
305              -559.29            1377.46           
315              -692.74            1489.79           
325              -690.61            1631.88           
335              -588.04            1738.92           
345              -720.73            1793.65           
355              -617.50            2003.77           
365              -676.84            2123.93           
367              -636.97            2252.42           
375              -703.87            2375.30           
385              -618.55            2463.01           
395              -620.54            2626.44           
405              -615.80            2770.79           
407              -619.04            2952.45           
425              -606.63            3151.93           
465              -606.32            3306.43           
467              -606.45            3468.27           
475              -594.04            3599.51           
469              -236.51            3601.03           
471              -426.57            3593.05           
477              -599.41            3769.29           
485              -599.75            3854.56           
495              -588.41            3981.32           
505              -587.68            4145.20           
575              -551.70            4285.79           
595              -575.25            4419.82           
801              -138.24            4510.25           
809              -450.04            4392.86           
877              374.32             4313.46           
873              335.28             4441.51           
865              202.19             4364.93           
867              210.17             4092.29           
845              131.38             4386.52           
849              137.42             4530.70           
853              137.18             4621.51           
857              138.11             4753.29           
861              129.08             4900.55           
863              -39.72             4804.45           
841              33.05              4359.56           
825              -50.10             4371.43           
829              -133.11            3824.43           
833              -122.21            3952.16           
837              -108.22            4150.77           
821              -167.22            4377.81           
817              -243.27            4398.02           
813              -327.11            4369.95           
811              -236.11            4127.73           
605              -603.45            4567.16           
625              -640.19            4680.74           
635              -598.47            4790.57           
645              -570.86            4899.60           
903              -738.34            3564.92           
905              -742.71            3698.34           
907              -731.79            3821.04           
915              -743.07            3929.20           
917              -727.48            4042.60           
925              -720.97            4134.06           
927              -725.37            4271.49           
935              -719.43            4364.76           
937              -714.56            4463.38           
945              -728.63            4610.83           
955              -858.90            4602.63           
965              -726.27            4744.57           
967              -735.50            4874.12           
975              -726.22            5066.41           
655              -572.89            5021.64           
657              -562.71            5157.96           
665              -566.26            5286.17           
675              -574.89            5434.07           
985              -709.98            5226.88           
987              -719.72            5355.20           
995              -856.19            5351.88           
677              -569.99            5547.72           
1003             -824.75            5478.51           
1015             -828.63            5657.92           
1017             -819.97            5778.98           
679              -577.36            5778.63           
685              -557.77            5938.43           
695              -650.48            6098.45           
725              -278.92            5846.33           
735              -440.44            6012.74           
705              -697.78            6245.85           
765              -630.83            6291.04           
745              -499.12            6126.66           
755              -500.08            6301.90           
775              -610.74            6474.68           
859              308.53             4746.44           
601              -518.19            4502.20           
399              -600.09            3705.45           

[MAP]
DIMENSIONS -858.90 -96.03 374.32 6474.68
Units      None

[REPORT]
INPUT            YES
SUBCATCHMENTS    ALL
NODES            ALL
LINKS            ALL



